7.009509718045592308e-04 7.235816707123041702e-01
1.762800035066902637e-03 8.208404464241521037e-01
4.910559859126806259e-03 1.300048167773182550e+00
1.310619991272687912e-02 9.364188723382207424e-01
2.182440087199211121e-02 1.431281490291644864e+00
3.578989952802658081e-02 2.979037757931717323e-01
3.629529848694801331e-02 5.126817522147368855e-01
3.663200139999389648e-02 1.082998323699575272e+00
4.042359814047813416e-02 4.446908392762649043e-01
4.218799993395805359e-02 2.853230337282131046e-01
4.941939935088157654e-02 2.182357459129659061e-01
4.983849823474884033e-02 1.597881233597535644e-01
6.021989881992340088e-02 1.026456808204106730e-01
6.125029921531677246e-02 9.218812156521111190e-01
6.749650090932846069e-02 8.922878322790951389e-01
7.222589850425720215e-02 8.145538647290391232e-01
7.260829955339431763e-02 5.483025892561431691e-01
7.493419945240020752e-02 2.626175191435308420e+00
7.845970243215560913e-02 1.332350239624574273e-01
7.987780123949050903e-02 1.688104652296971431e-01
1.046909987926483154e-01 1.310660824783634881e+00
1.066330000758171082e-01 7.886074029890609571e-01
1.156100034713745117e-01 7.052951902330103495e-01
1.174440011382102966e-01 1.243735080515325775e+00
1.277509927749633789e-01 2.171832019470861574e+00
1.281819939613342285e-01 1.587557853837677335e+00
1.306059956550598145e-01 1.496427343851284064e+00
1.318210065364837646e-01 3.579521542772428622e-01
1.361649930477142334e-01 2.996164494981356508e-01
1.406989991664886475e-01 1.542677729227321937e+00
1.409260034561157227e-01 6.181098301841889686e-01
1.441030055284500122e-01 1.363387709969590134e-01
1.447030007839202881e-01 6.666890278127236558e-01
1.572590023279190063e-01 1.341621379316113138e+00
1.642840057611465454e-01 7.763376029442110582e-01
1.758670061826705933e-01 8.052151378694057948e-01
1.788260042667388916e-01 1.181734338086963598e+00
2.022490054368972778e-01 7.452994245821308317e-01
2.093300074338912964e-01 1.251474266958865433e+00
2.125180065631866455e-01 3.882167371474599449e+00
2.257200032472610474e-01 1.694724049337054117e-01
2.273309975862503052e-01 3.661936624108105276e-01
2.289409935474395752e-01 5.450601687594258671e-01
2.369319945573806763e-01 3.420454266066756399e-01
2.385749965906143188e-01 2.547491661490396631e+00
2.386099994182586670e-01 6.556481165280648726e-01
2.549310028553009033e-01 1.108391339884405635e+00
2.667469978332519531e-01 9.328952600294529995e-01
2.719219923019409180e-01 2.470603310788976881e-01
2.749300003051757812e-01 3.558334667559722164e-01
2.809340059757232666e-01 8.362095494536975204e-02
2.833429872989654541e-01 9.305162782255516074e-01
2.856479883193969727e-01 1.429196782231274554e-01
2.884730100631713867e-01 2.238437893961775504e+00
2.926729917526245117e-01 1.448740134451260986e-01
2.959580123424530029e-01 5.133770035014571104e-02
3.014050126075744629e-01 5.311334243278430234e-02
3.059230148792266846e-01 1.378492181825415330e-01
3.083119988441467285e-01 3.890618155076924212e-01
3.089239895343780518e-01 1.486590157949579716e+00
3.104949891567230225e-01 7.438169854688450044e-01
3.210549950599670410e-01 2.590676193798666094e-01
3.243669867515563965e-01 8.256873589346567233e-01
3.252550065517425537e-01 3.413888922131046166e-02
3.256039917469024658e-01 5.273318975420356880e-01
3.360700011253356934e-01 8.116814384040871300e-02
3.575859963893890381e-01 9.973418382805977478e-01
3.688600063323974609e-01 9.154896153755379129e-02
3.711889982223510742e-01 1.939533508292593522e-01
3.792000114917755127e-01 2.408857411449382813e+00
3.845480084419250488e-01 3.694590074445716632e-01
3.901239931583404541e-01 1.380482698352195170e+00
3.902370035648345947e-01 1.304856247033291394e-01
3.926489949226379395e-01 4.643465386892822039e-02
3.929620087146759033e-01 1.044696066859294864e-01
3.937540054321289062e-01 1.941203632208806096e-01
4.073100090026855469e-01 2.612719963884197139e+00
4.174349904060363770e-01 5.330236854124099921e-02
4.240010082721710205e-01 9.918798112561307834e-01
4.479970037937164307e-01 9.821002404967642263e-02
4.493879973888397217e-01 9.659310727155256959e-02
4.580079913139343262e-01 1.763005864008547474e-01
4.615870118141174316e-01 6.581507667207930901e-02
4.617510139942169189e-01 3.807691685165673356e-02
4.711650013923645020e-01 2.481765972339650128e-01
4.732550084590911865e-01 8.847874920957106426e-02
4.779160022735595703e-01 1.942867514466508905e-01
4.788799881935119629e-01 1.260940467247785302e-01
4.806680083274841309e-01 3.225895325488567500e-01
4.818769991397857666e-01 7.958102970104155016e-01
4.885880053043365479e-01 1.666141130649205104e+00
4.918780028820037842e-01 7.806037989103317698e-02
4.927890002727508545e-01 1.374779625520083093e-01
4.958159923553466797e-01 8.417476051073216614e-02
4.983449876308441162e-01 1.615322857896865361e-01
5.009419918060302734e-01 1.379411300010747743e+00
5.187649726867675781e-01 9.201019087937563345e-02
5.339440107345581055e-01 4.128530337932178468e-02
5.431249737739562988e-01 6.833129937081399152e-01
5.438119769096374512e-01 1.974362258925638658e+00
5.851430296897888184e-01 7.099271191878542275e-01
5.991479754447937012e-01 5.502502544211491931e-02
6.100689768791198730e-01 1.382141431148909416e-01
6.247270107269287109e-01 8.510036300863001169e-02
6.267079710960388184e-01 2.240904116118426145e-02
6.314309835433959961e-01 2.990434442177813401e-01
6.401810050010681152e-01 8.654716952572331923e-02
6.468080282211303711e-01 2.800375711455470040e-01
6.494330167770385742e-01 4.136246232363718217e-02
6.504099965095520020e-01 1.427906377402401450e-01
6.732019782066345215e-01 3.556446344122227848e-02
6.757429838180541992e-01 9.055379271755174819e-02
6.771910190582275391e-01 2.568348828957268959e-02
6.809930205345153809e-01 1.569620927901292373e-01
6.820960044860839844e-01 1.325390389669113267e-01
6.874930262565612793e-01 1.458072241469556690e-02
6.928880214691162109e-01 1.609884562126286112e-01
7.060229778289794922e-01 1.082748365417493253e-01
7.086489796638488770e-01 1.024149759387183584e-01
7.104719877243041992e-01 6.078381935505050571e-02
7.176759839057922363e-01 2.820632325536989379e-02
7.213950157165527344e-01 5.769533144136206049e-02
7.254710197448730469e-01 6.008803382253408154e-02
7.275509834289550781e-01 6.337926428181757388e-02
7.276600003242492676e-01 3.045292472883289192e-01
7.294610142707824707e-01 1.122526240104870232e-01
7.299289703369140625e-01 8.027946828998742956e-02
7.484419941902160645e-01 3.662290169590380617e-02
7.610539793968200684e-01 9.104980732504322494e-02
7.666900157928466797e-01 6.415409018567877660e-03
7.772769927978515625e-01 1.227425394655598384e-01
7.775800228118896484e-01 7.234330413083789324e-02
7.834429740905761719e-01 5.216005244979604605e-02
7.843549847602844238e-01 1.148375999543985310e-01
7.889699935913085938e-01 6.233636649915186290e-02
7.960240244865417480e-01 5.325745486767062553e-02
8.011440038681030273e-01 3.469010403906889334e-02
8.025630116462707520e-01 1.000675226136304580e-01
8.058199882507324219e-01 1.215045920600698326e-01
8.065410256385803223e-01 5.467056828306891131e-02
8.173829913139343262e-01 9.599685228419027605e-02
8.217980265617370605e-01 1.809407693172179754e-02
8.311430215835571289e-01 1.598953486891397657e-01
8.328319787979125977e-01 5.164067545895198452e-02
8.385490179061889648e-01 5.547478686780880908e-02
8.476200103759765625e-01 1.510913768936016366e-01
8.491849899291992188e-01 1.009725038295794797e-01
8.637220263481140137e-01 3.360661770942561383e-02
8.748559951782226562e-01 2.814262155796381365e-02
8.791549801826477051e-01 1.050204589769629243e-01
8.823059797286987305e-01 5.938013136416596394e-02
8.832830190658569336e-01 2.976462864891973176e-02
8.838940262794494629e-01 5.514378769105775513e-01
8.845520019531250000e-01 6.942202550982722042e-02
8.866109848022460938e-01 1.500209648909470173e-01
8.903759717941284180e-01 1.162149778269336631e+00
8.955429792404174805e-01 5.501707091663519261e-02
9.046440124511718750e-01 7.908002134719339937e-02
9.058970212936401367e-01 7.120764049581060351e-02
9.083579778671264648e-01 5.398269714401261743e-02
9.158539772033691406e-01 1.044104252573581360e-01
9.177579879760742188e-01 6.056941872238581770e-02
9.241970181465148926e-01 8.535773598309580323e-02
9.372450113296508789e-01 1.126315175612624953e-01
9.399809837341308594e-01 4.012996895863390340e-02
9.464020133018493652e-01 6.399653511177499920e-02
9.650040268898010254e-01 7.021246785885505715e-02
9.946479797363281250e-01 8.811337981525525775e-02
9.949319958686828613e-01 3.872820792186853350e-02
1.027179956436157227e+00 9.530901859204014837e-02
1.041700005531311035e+00 5.123302980362202941e-02
1.062960028648376465e+00 3.787192885119905483e-02
1.073959946632385254e+00 7.641798747422574867e-02
1.074049949645996094e+00 9.382325517691608718e-02
1.081099987030029297e+00 1.373936165044074842e-01
1.092880010604858398e+00 5.985751320121655839e-02
1.099709987640380859e+00 1.075346113071088822e-01
1.100239992141723633e+00 1.692469582939818140e-01
1.102270007133483887e+00 6.261246240849714650e-02
1.103479981422424316e+00 3.069227431487940930e-02
1.105090022087097168e+00 6.888418812818108972e-02
1.110430002212524414e+00 6.620779394011210017e-02
1.110980033874511719e+00 4.838131805961370935e-02
1.111320018768310547e+00 3.240784481615164442e-02
1.115300059318542480e+00 3.175840842727085250e-02
1.116649985313415527e+00 7.106514627225450631e-02
1.117149949073791504e+00 4.094375295412156640e-02
1.125849962234497070e+00 6.222268303996424804e-02
1.131839990615844727e+00 7.582244602308829684e-02
1.143700003623962402e+00 2.696037690500914519e-02
1.147269964218139648e+00 9.899345832606720741e-02
1.149760007858276367e+00 6.065075140827237005e-02
1.153360009193420410e+00 1.876532260600628776e-02
1.156710028648376465e+00 3.124517328191438181e-02
1.164929986000061035e+00 4.497768456664553299e-02
1.170169949531555176e+00 6.752961471150450978e-02
1.178869962692260742e+00 1.367976550258370380e-02
1.182090044021606445e+00 4.653522860487758345e-02
1.192729949951171875e+00 1.028373019582714265e-01
1.202929973602294922e+00 6.518484969630994330e-02
1.210919976234436035e+00 1.398309389335946618e-01
1.217530012130737305e+00 1.826996499111894212e-01
1.218389987945556641e+00 6.743596377818721066e-02
1.220939993858337402e+00 1.167196682151652037e-02
1.227910041809082031e+00 1.721090902799368022e-02
1.230350017547607422e+00 4.288226335833471292e-02
1.230739951133728027e+00 5.117593577904513968e-02
1.237020015716552734e+00 3.196896629207931356e-02
1.244120001792907715e+00 5.548769820995588797e-02
1.252900004386901855e+00 8.112804809638121672e-02
1.256539940834045410e+00 2.681129308384910814e-02
1.257840037345886230e+00 3.040511755587208681e-02
1.258769989013671875e+00 1.890916119854639255e-01
1.283130049705505371e+00 2.824236093505675879e-02
1.288339972496032715e+00 1.596110822551674857e-01
1.301460027694702148e+00 6.852198494980885068e-02
1.301550030708312988e+00 2.409400346293572026e-01
1.303249955177307129e+00 4.986696407040209361e-02
1.306499958038330078e+00 3.009833655266102095e-02
1.308359980583190918e+00 1.260200134810805506e-01
1.308940052986145020e+00 5.503628256852634987e-02
1.315529942512512207e+00 1.553062961953397270e-01
1.320940017700195312e+00 1.217361231622743900e-01
1.331030011177062988e+00 5.028187676896352792e-02
1.333999991416931152e+00 3.984701855274286886e-01
1.336099982261657715e+00 4.048159731425793884e-01
1.351879954338073730e+00 1.324179047111768426e-01
1.356299996376037598e+00 3.147647068783180485e-02
1.358029961585998535e+00 3.220283871961639871e-02
1.367849946022033691e+00 2.090967826941175084e-02
1.378540039062500000e+00 2.018766592128456300e-02
1.379619956016540527e+00 5.903917526378209962e-02
1.379690051078796387e+00 1.800045552307672284e-02
1.380810022354125977e+00 7.095741080437063808e-02
1.382220029830932617e+00 5.027126677532257198e-02
1.388080000877380371e+00 1.201537566195565176e-01
1.388350009918212891e+00 4.724142877146620539e-02
1.486389994621276855e+00 1.085307613056009646e-01
1.487100005149841309e+00 5.543500102480850011e-02
1.489109992980957031e+00 1.043522636267608661e-01
1.503880023956298828e+00 3.685121725147118277e-02
1.513839960098266602e+00 1.785231779475568090e-02
1.517089962959289551e+00 4.105934133463159941e-02
1.517660021781921387e+00 3.562145336977897564e-02
1.520339965820312500e+00 2.166846535035075322e-02
1.524129986763000488e+00 5.310841192246446713e-02
1.527330040931701660e+00 7.452348206673278797e-02
1.528319954872131348e+00 1.122613768669610684e-01
1.531870007514953613e+00 9.807585593936869739e-02
1.538869976997375488e+00 5.555156341193884240e-02
1.539549946784973145e+00 7.793578852793849043e-02
1.539880037307739258e+00 1.912137860528091357e-02
1.548679947853088379e+00 1.770007750526493839e-01
1.556249976158142090e+00 6.663705583967401147e-02
1.560130000114440918e+00 9.684230223737415322e-02
1.567479968070983887e+00 7.004992055681306951e-02
1.567919969558715820e+00 1.156134622840214038e-01
1.569509983062744141e+00 1.050844168472452600e-01
1.588109970092773438e+00 2.162019448159114773e-02
1.600880026817321777e+00 1.807004150103237172e-01
1.602139949798583984e+00 2.072888282145561312e-01
1.609879970550537109e+00 2.900854173030139455e-02
1.616860032081604004e+00 8.309624553604982866e-02
1.630310058593750000e+00 3.972876943377257053e-02
1.630990028381347656e+00 3.171828401001856174e-02
1.631469964981079102e+00 8.347561095338133785e-02
1.632439970970153809e+00 7.097224168600671512e-02
1.643890023231506348e+00 7.986590788033369470e-03
1.649850010871887207e+00 5.429634751216218247e-02
1.652590036392211914e+00 1.480983456026883360e-01
1.656630039215087891e+00 2.009300520059923573e-02
1.657160043716430664e+00 6.881341764437880204e-02
1.662179946899414062e+00 6.630602122299150691e-02
1.662389993667602539e+00 1.241852019747900493e-01
1.670560002326965332e+00 8.360715405784510668e-02
1.677850008010864258e+00 2.360840898874913898e-02
1.677989959716796875e+00 7.143718436524862381e-02
1.686390042304992676e+00 2.702175966383150996e-02
1.688969969749450684e+00 4.665687078126208587e-02
1.699120044708251953e+00 4.960978283165141944e-03
1.710139989852905273e+00 8.909897687008608291e-02
1.725559949874877930e+00 2.849165682865870686e-01
1.727180004119873047e+00 1.003133822736587133e-01
1.729230046272277832e+00 7.944676115607725297e-02
1.730100035667419434e+00 7.172951695297122288e-02
1.736549973487854004e+00 9.310281814416634938e-02
1.740650057792663574e+00 6.854244753062926909e-02
1.743319988250732422e+00 3.478648429325211650e-02
1.746060013771057129e+00 1.126596025947251140e-01
1.750920057296752930e+00 2.480490931595654563e-02
1.752060055732727051e+00 2.602133256162051378e-01
1.767390012741088867e+00 6.491321725059490122e-02
1.769610047340393066e+00 1.493936340036072508e-01
1.770580053329467773e+00 1.362930298804070905e-01
1.775619983673095703e+00 4.762055901893538779e-02
1.784739971160888672e+00 3.483502673577069109e-01
1.786919951438903809e+00 6.767722787436220022e-02
1.788419961929321289e+00 6.055277620024396984e-02
1.792799949645996094e+00 1.747359189950290215e-01
1.800179958343505859e+00 3.016353699872040620e-02
1.808109998703002930e+00 1.045857452051224268e-01
1.817989945411682129e+00 1.019299349133239441e-01
1.825240015983581543e+00 4.796337537188569838e-02
1.834270000457763672e+00 7.128653981391691596e-02
1.845460057258605957e+00 1.075861997727803054e-01
1.917999982833862305e+00 2.493503619013325359e-02
1.926929950714111328e+00 7.867935845928351185e-03
1.931380033493041992e+00 4.699103178819927229e-02
1.950530052185058594e+00 5.583444146534977115e-02
1.951850056648254395e+00 6.378428531832150417e-02
1.957820057868957520e+00 4.991571443676486031e-02
1.958979964256286621e+00 4.906639568714658839e-02
1.965819954872131348e+00 7.388142210711967639e-02
1.967689990997314453e+00 6.801207781155213516e-02
1.971969962120056152e+00 1.069860058509463918e-01
1.972000002861022949e+00 5.923416480818487900e-02
1.977620005607604980e+00 5.256701101418076449e-02
1.979570031166076660e+00 4.613782508961393469e-02
1.980780005455017090e+00 5.032303445185766499e-02
1.982069969177246094e+00 1.505630246296465469e-01
1.982879996299743652e+00 1.226967740641337345e-01
1.986410021781921387e+00 6.047501286221160927e-02
1.987519979476928711e+00 1.844633819534263197e-01
1.991600036621093750e+00 2.920622715755277765e-02
1.993819952011108398e+00 6.032137345410749918e-02
2.002379894256591797e+00 5.848582945385000925e-02
2.024450063705444336e+00 4.581498861211718426e-02
2.025049924850463867e+00 4.202287983512877773e-02
2.031909942626953125e+00 6.111544379603329330e-02
2.033570051193237305e+00 4.170703349119686543e-02
2.043989896774291992e+00 1.075677914669764812e-01
2.056540012359619141e+00 3.300671487412087240e-02
2.072340011596679688e+00 4.690152647956704474e-02
2.074700117111206055e+00 1.403721906053549129e-01
2.075530052185058594e+00 3.553168978136058559e-02
2.082240104675292969e+00 3.533316553443489882e-02
2.082420110702514648e+00 7.186665214371448784e-02
2.091700077056884766e+00 3.502817145806266103e-02
2.095499992370605469e+00 2.786237074592816040e-02
2.102540016174316406e+00 6.923277361189653090e-02
2.103329896926879883e+00 4.330757980293507836e-02
2.104069948196411133e+00 2.731671397999509976e-01
2.105690002441406250e+00 1.319422573296266110e-01
2.109080076217651367e+00 7.240983788944498067e-02
2.110519886016845703e+00 5.354800680232313370e-02
2.110889911651611328e+00 1.586437290853352500e-01
2.115819931030273438e+00 3.232651425830118663e-02
2.125580072402954102e+00 1.754109955376777219e-02
2.137350082397460938e+00 1.333392046676256104e-01
2.165570020675659180e+00 6.449773168679147350e-02
2.167720079421997070e+00 1.077088927645867972e-01
2.169879913330078125e+00 1.521531182805211518e-02
2.170579910278320312e+00 1.501930313833193531e-01
2.173389911651611328e+00 1.404067523268421602e-01
2.175260066986083984e+00 8.922343491531145587e-02
2.177609920501708984e+00 3.543436935791001441e-02
2.183140039443969727e+00 3.381931929581557389e-02
2.193320035934448242e+00 3.561581824700479904e-01
2.204669952392578125e+00 1.320496630374183855e-01
2.211910009384155273e+00 8.269158634735906954e-02
2.213360071182250977e+00 1.433074671355119289e-01
2.214809894561767578e+00 1.572333503160387724e-01
2.220200061798095703e+00 1.268535332893165613e-01
2.221110105514526367e+00 2.634015259655406727e-01
2.221299886703491211e+00 3.128100909302055088e-01
2.234740018844604492e+00 2.457433426391183312e-02
2.237560033798217773e+00 1.346001975593221212e-01
2.239860057830810547e+00 8.676261158096025550e-02
2.242229938507080078e+00 1.651726764808768011e-01
2.263809919357299805e+00 7.096678353866237021e-02
2.265300035476684570e+00 3.274203933255680904e-02
2.273279905319213867e+00 4.979626293182193297e-02
2.274930000305175781e+00 8.764321590572071718e-02
2.311470031738281250e+00 1.642772861801476691e-01
2.328510046005249023e+00 7.780580037460646525e-02
2.335769891738891602e+00 4.550971357015937829e-02
2.339580059051513672e+00 4.001063299954588093e-02
2.353529930114746094e+00 2.533247452811557276e-02
2.372730016708374023e+00 3.143290400038376009e-02
2.374239921569824219e+00 2.094459808197352557e-01
2.383500099182128906e+00 4.886366856134045922e-02
2.394520044326782227e+00 5.069410887210462624e-01
2.398040056228637695e+00 1.594682901973105971e-01
2.401700019836425781e+00 5.465627321635906782e-02
2.402509927749633789e+00 3.100574237976968517e-01
2.403039932250976562e+00 2.120767524546990079e-01
2.407829999923706055e+00 1.921103893962084475e-01
2.423219919204711914e+00 7.603192330081884331e-02
2.423729896545410156e+00 2.882233989513329625e-02
2.427299976348876953e+00 4.702613559775064428e-02
2.427340030670166016e+00 7.634729917336986749e-02
2.428070068359375000e+00 6.812168020157560733e-02
2.433480024337768555e+00 1.073979642527503331e-01
2.444920063018798828e+00 1.302522557654411661e-01
2.452069997787475586e+00 2.030530204305834585e-02
2.457760095596313477e+00 1.888444430858589665e-02
2.474669933319091797e+00 6.533761355824507788e-02
2.482180118560791016e+00 6.815959931283360751e-02
2.483210086822509766e+00 3.266904201919251099e-02
2.492419958114624023e+00 2.212683989673982360e-02
2.493139982223510742e+00 2.647043529043908994e-02
2.497900009155273438e+00 4.189813019088038659e-02
2.505460023880004883e+00 1.571725997593899082e-01
2.506850004196166992e+00 8.078589147651801805e-02
2.527950048446655273e+00 2.830002453992161091e-02
2.529459953308105469e+00 3.689134566550225647e-02
2.530289888381958008e+00 1.343242168012215472e-02
2.532049894332885742e+00 5.269507813006228669e-02
2.533689975738525391e+00 6.415630894420042141e-02
2.535449981689453125e+00 9.516110878565590958e-02
2.543210029602050781e+00 6.109504294114826567e-02
2.543459892272949219e+00 2.717805435979590151e-02
2.553960084915161133e+00 3.751675141253211360e-02
2.561870098114013672e+00 3.565859905235318345e-02
2.564369916915893555e+00 2.932212389186123445e-03
2.572590112686157227e+00 2.150568650065038181e-02
2.578989982604980469e+00 3.501584345083577632e-02
2.585089921951293945e+00 6.929387026687416906e-02
2.589809894561767578e+00 6.308431851826323822e-02
2.597909927368164062e+00 6.876028350072921347e-02
2.599129915237426758e+00 6.759836816560794992e-02
2.600800037384033203e+00 1.331744743266865816e-01
2.603559970855712891e+00 4.665826815166213004e-02
2.607359886169433594e+00 3.186433440491033553e-02
2.610480070114135742e+00 1.206033417223321969e-01
2.613199949264526367e+00 2.732903385879706035e-02
2.617039918899536133e+00 1.068486414006604018e-01
2.620079994201660156e+00 9.083438308571345488e-02
2.623970031738281250e+00 7.386973559263471101e-02
2.626770019531250000e+00 1.214929540481782810e-01
2.635299921035766602e+00 3.359433999763135614e-01
2.640539884567260742e+00 1.668596301293221174e-01
2.645979881286621094e+00 1.159531528578590376e-01
2.646589994430541992e+00 1.465982285100036753e-01
2.647279977798461914e+00 9.250131244438419831e-02
2.654059886932373047e+00 1.431997651457964787e-02
2.655930042266845703e+00 5.891240488086285643e-02
2.673830032348632812e+00 1.330603710019560570e-01
2.675940036773681641e+00 4.703461498721315387e-02
2.698509931564331055e+00 3.313589056155959167e-02
2.706020116806030273e+00 1.238961189287156872e-01
2.775710105895996094e+00 3.156827464601454775e-02
2.794229984283447266e+00 3.559534854378847146e-02
2.810580015182495117e+00 2.465020461450163555e-02
2.817859888076782227e+00 6.473177274349040111e-02
2.818480014801025391e+00 1.889576864393471486e-02
2.826689958572387695e+00 6.892208418831309580e-02
2.836469888687133789e+00 1.100707988876075544e-02
2.841720104217529297e+00 4.993561403983360486e-02
2.843970060348510742e+00 7.764352961780772444e-02
2.846699953079223633e+00 1.105676831123853787e-01
2.846729993820190430e+00 1.619112442875243196e-01
2.847280025482177734e+00 8.283226848258423702e-02
2.850739955902099609e+00 9.875120831891030793e-02
2.852829933166503906e+00 2.177345619437275337e-01
2.855639934539794922e+00 7.410975138072885271e-02
2.856610059738159180e+00 2.150745198564493477e-01
2.860100030899047852e+00 6.411311367100236414e-02
2.861459970474243164e+00 1.658112870773615910e-01
2.863140106201171875e+00 2.223139432348410771e-01
2.864660024642944336e+00 1.006609637115374739e-01
2.872299909591674805e+00 6.460199072885264293e-02
2.873349905014038086e+00 8.891147710433537632e-02
2.884989976882934570e+00 9.689158867344023485e-02
2.885370016098022461e+00 1.427813876266911253e-01
2.885469913482666016e+00 1.015303723191620933e-01
2.889400005340576172e+00 1.792038337753653135e-02
2.899339914321899414e+00 5.211640746118050699e-02
2.915560007095336914e+00 1.248779809261245655e-01
2.923929929733276367e+00 8.101099867847980085e-02
2.927570104598999023e+00 2.998015583218945068e-02
2.940059900283813477e+00 3.359138828111749020e-02
2.950309991836547852e+00 4.755444412293821643e-02
2.951960086822509766e+00 1.585191858530764220e-01
2.969259977340698242e+00 7.812023777487632215e-01
2.971489906311035156e+00 8.080796329737785499e-02
2.982599973678588867e+00 3.687007571292951619e-02
2.987240076065063477e+00 6.010330297302773211e-02
2.994869947433471680e+00 8.000560649066792984e-02
2.995009899139404297e+00 3.714589072299486622e-02
2.995379924774169922e+00 2.657923274158653995e-02
3.000390052795410156e+00 5.324943591324608066e-02
3.005369901657104492e+00 3.102933407668040378e-03
3.009279966354370117e+00 5.441135381983620845e-02
3.023420095443725586e+00 7.152828847226763709e-02
3.024430036544799805e+00 1.080365118617857695e-01
3.024610042572021484e+00 1.281113420933042805e-02
3.026629924774169922e+00 6.371705969360143273e-02
3.033070087432861328e+00 5.158253241849766191e-01
3.035799980163574219e+00 8.515166845293090092e-02
3.038660049438476562e+00 5.586170831160307965e-02
3.044830083847045898e+00 1.928210600294342353e-02
3.052720069885253906e+00 9.002055204123841914e-02
3.053610086441040039e+00 1.768452470610549221e-01
3.059410095214843750e+00 6.625390734545263949e-02
3.060950040817260742e+00 1.601573091989239028e-01
3.062560081481933594e+00 2.136532415865458751e-02
3.063819885253906250e+00 5.987047760637238120e-02
3.068120002746582031e+00 1.005827485981588137e-01
3.069109916687011719e+00 1.305140708394809668e-01
3.073240041732788086e+00 6.638590080899281487e-02
3.075520038604736328e+00 8.996898243141304707e-02
3.084889888763427734e+00 2.752933914034790680e-02
3.117320060729980469e+00 7.759962947198112415e-02
3.121720075607299805e+00 5.984267176178366399e-02
3.129440069198608398e+00 3.593080613111236665e-02
3.150029897689819336e+00 1.171094974222320478e-01
3.165410041809082031e+00 1.874185698511417197e-01
3.180469989776611328e+00 2.975253772580781497e-01
3.182359933853149414e+00 9.463779435477130686e-02
3.207350015640258789e+00 1.648764533378969943e-01
3.218130111694335938e+00 3.743593979460018567e-02
3.225399971008300781e+00 3.013388195842856693e-02
3.231090068817138672e+00 2.534400946504653529e-01
3.231410026550292969e+00 5.458237067686267513e-02
3.242150068283081055e+00 4.906479755749238586e-02
3.242680072784423828e+00 3.740458950171499097e-02
3.244740009307861328e+00 5.817020632102692934e-02
3.245130062103271484e+00 2.619242158303052015e-02
3.252619981765747070e+00 3.190009585693591443e-02
3.254169940948486328e+00 2.669634206971585599e-02
3.255480051040649414e+00 1.905651614075382916e-01
3.255959987640380859e+00 7.032198457336927278e-02
3.262190103530883789e+00 3.152000178192775753e-02
3.265429973602294922e+00 2.029322779005277577e-01
3.266350030899047852e+00 7.712597053742509257e-02
3.266439914703369141e+00 1.135787953648445675e-01
3.266720056533813477e+00 9.211099896409109811e-02
3.267309904098510742e+00 1.704230835567305952e-02
3.270849943161010742e+00 3.124572185482556441e-01
3.277110099792480469e+00 1.089347622984495750e-01
3.279629945755004883e+00 1.055619493577381884e-01
3.297980070114135742e+00 2.344443000090567497e-01
3.321630001068115234e+00 4.152451380219801536e-01
3.379410028457641602e+00 2.053616414809347757e-01
3.384340047836303711e+00 2.235957448367385525e-01
3.399019956588745117e+00 7.873785092484097969e-02
3.406450033187866211e+00 3.628179126720973424e-02
3.410969972610473633e+00 7.189261762777755804e-02
3.431960105895996094e+00 4.164818464973629730e-02
3.438699960708618164e+00 1.287076608354527085e-01
3.445640087127685547e+00 7.302285980505533736e-02
3.448029994964599609e+00 1.257021535989298888e-01
3.451570034027099609e+00 3.282864602878993177e-02
3.456310033798217773e+00 4.944481366192507443e-02
3.459150075912475586e+00 5.777490510015442088e-02
3.463579893112182617e+00 5.277126493794384587e-02
3.466670036315917969e+00 4.116965983710202392e-02
3.467099905014038086e+00 1.375750533920071794e-01
3.469350099563598633e+00 5.359372109395978134e-02
3.469480037689208984e+00 3.170286992937249027e-02
3.469589948654174805e+00 1.032746044945981045e-01
3.471630096435546875e+00 2.182704595705316913e-02
3.472549915313720703e+00 9.883340819634721386e-02
3.474109888076782227e+00 7.377896093730616778e-02
3.474240064620971680e+00 1.220142356808717569e-02
3.477449893951416016e+00 5.411021204708754001e-02
3.478070020675659180e+00 1.477264617326654907e-02
3.481559991836547852e+00 1.882771546193863499e-02
3.481729984283447266e+00 5.027457137915908314e-02
3.482320070266723633e+00 1.261748407712577277e-02
3.482980012893676758e+00 4.945648912803461694e-02
3.485409975051879883e+00 2.968459266506323635e-02
3.485460042953491211e+00 4.673146854845297571e-02
3.494970083236694336e+00 8.481935599029133410e-02
3.535449981689453125e+00 1.379322902735178602e-01
3.557879924774169922e+00 5.341300997400957873e-02
3.565289974212646484e+00 2.867858864565137056e-02
3.579580068588256836e+00 8.014476229929870521e-02
3.587209939956665039e+00 6.173420804831662723e-02
3.588989973068237305e+00 4.426597582102530237e-02
3.594710111618041992e+00 7.119319497094939164e-02
3.596369981765747070e+00 5.583908296378121972e-02
3.607569932937622070e+00 1.079763254842090597e-01
3.608769893646240234e+00 2.762725636167384299e-02
3.610320091247558594e+00 2.395585932645325974e-02
3.615010023117065430e+00 1.534664170894399216e-01
3.622720003128051758e+00 5.722353005237322543e-02
3.624739885330200195e+00 2.444524447469376138e-02
3.625499963760375977e+00 8.917757278901101980e-03
3.626480102539062500e+00 1.389221686810987455e-01
3.628639936447143555e+00 1.925065725015605994e-02
3.629220008850097656e+00 4.291154628292718348e-02
3.631370067596435547e+00 3.799358964741401945e-02
3.634289979934692383e+00 1.489064951806916108e-02
3.637830018997192383e+00 8.081161359836082358e-02
3.638299942016601562e+00 1.465946261516920812e-01
3.639839887619018555e+00 9.325901161665768602e-02
3.640049934387207031e+00 7.353346212553957262e-02
3.642580032348632812e+00 2.443723175782453252e-02
3.643369913101196289e+00 5.206863618722212123e-02
3.649640083312988281e+00 6.802877435821357011e-02
3.657819986343383789e+00 7.719716417168584477e-02
3.659770011901855469e+00 7.973329675327804622e-02
3.680119991302490234e+00 2.655840260852289011e-02
3.696650028228759766e+00 8.240801489111221345e-02
3.707190036773681641e+00 2.086283576640658999e-01
3.708920001983642578e+00 7.700085262163403055e-02
3.713670015335083008e+00 7.435175378577965621e-02
3.717089891433715820e+00 8.360588818006736700e-02
3.734110116958618164e+00 5.888637424544002769e-02
3.793960094451904297e+00 2.096621712653847780e-01
3.811510086059570312e+00 4.439528226093749502e-02
3.814019918441772461e+00 1.812581259883806473e-01
3.816459894180297852e+00 2.057009484137414246e-01
3.820139884948730469e+00 4.822340896030147955e-02
3.827029943466186523e+00 1.061955943667269725e-01
3.829390048980712891e+00 3.430794097554356048e-01
3.829550027847290039e+00 1.148497632488951481e-01
3.832870006561279297e+00 1.397217281920678372e-02
3.837059974670410156e+00 8.860588143413880569e-03
3.837990045547485352e+00 8.691181799776823147e-02
3.838160037994384766e+00 2.346889977990420512e-02
3.839879989624023438e+00 1.484472689522111331e-02
3.840759992599487305e+00 7.380863907304932581e-02
3.842869997024536133e+00 1.176724492642280406e-01
3.843499898910522461e+00 5.301957252383433794e-02
3.847029924392700195e+00 9.967478282239239373e-02
3.848350048065185547e+00 5.443637498540376818e-02
3.850199937820434570e+00 1.189767445684229985e-01
3.866450071334838867e+00 5.240933987990357285e-02
3.866909980773925781e+00 2.435612583749912144e-02
3.871390104293823242e+00 5.959321331335792893e-02
3.875679969787597656e+00 1.061812114689660302e-01
3.875849962234497070e+00 4.933083876456757083e-02
3.927969932556152344e+00 4.839147307399833259e-02
3.957870006561279297e+00 8.426770456139773269e-02
3.964970111846923828e+00 6.630858586829022072e-02
3.971159934997558594e+00 7.385395020231209917e-02
3.975830078125000000e+00 3.106478802407526552e-02
3.983129978179931641e+00 1.187436901587930055e-01
4.009630203247070312e+00 4.188130704664556198e-02
4.013539791107177734e+00 2.107343214123162320e-02
4.013599872589111328e+00 7.849077889349671822e-02
4.013760089874267578e+00 9.519589492741054038e-02
4.020810127258300781e+00 3.104807959569241271e-01
4.026360034942626953e+00 3.486760818591273792e-02
4.028090000152587891e+00 1.092114317703773430e-01
4.028190135955810547e+00 9.306712041299496085e-02
4.029019832611083984e+00 3.980517128751338007e-01
4.040080070495605469e+00 7.808467095963854410e-02
4.047969818115234375e+00 4.108639641175911017e-02
4.054769992828369141e+00 3.439535920580256978e-02
4.056000232696533203e+00 8.711944904402474377e-02
4.057899951934814453e+00 3.424206482542533486e-02
4.058249950408935547e+00 1.406949687265338089e-01
4.058479785919189453e+00 1.050985803506437471e-01
4.061289787292480469e+00 7.443996656778539833e-02
4.064750194549560547e+00 4.984662358644012525e-02
4.064929962158203125e+00 1.945480610855096840e-02
4.065949916839599609e+00 6.013698174515622052e-02
4.072440147399902344e+00 5.741075288648202907e-02
4.072549819946289062e+00 9.532964681378046368e-02
4.078070163726806641e+00 4.056100186697934179e-02
4.090169906616210938e+00 1.452638116395394904e-02
4.096720218658447266e+00 1.004670432481272746e-01
4.101880073547363281e+00 6.356104897601480563e-02
4.103280067443847656e+00 8.439379234640997929e-02
4.122519969940185547e+00 7.484828245829225346e-02
4.122950077056884766e+00 4.562564406622797442e-02
4.149069786071777344e+00 5.836834124551867203e-02
4.153429985046386719e+00 1.797698172496284275e-01
4.156290054321289062e+00 3.904849099674935486e-02
4.173240184783935547e+00 1.453478662965858037e-01
4.181680202484130859e+00 1.111211894790126581e-01
4.182089805603027344e+00 5.147083843305906570e-02
4.184000015258789062e+00 2.780438753862713580e-02
4.185450077056884766e+00 4.418397878834784409e-02
4.187079906463623047e+00 9.473904641956540362e-02
4.189949989318847656e+00 3.701421826336993848e-02
4.197400093078613281e+00 3.885334816431641747e-02
4.200880050659179688e+00 2.622732576574769436e-01
4.201419830322265625e+00 3.737458112173221852e-02
4.203730106353759766e+00 9.187119461387777478e-03
4.204699993133544922e+00 3.866474241498110698e-02
4.210519790649414062e+00 7.826204007523447637e-02
4.211559772491455078e+00 1.185596605399155679e-01
4.213679790496826172e+00 5.301860004549348998e-02
4.214719772338867188e+00 2.834164320162521275e-02
4.219540119171142578e+00 6.701365266368021489e-02
4.222589969635009766e+00 2.796780780789890480e-02
4.224639892578125000e+00 1.514999317273416912e-01
4.226689815521240234e+00 1.587407915385035534e-02
4.242569923400878906e+00 1.477835505891735360e-02
4.242630004882812500e+00 2.271280385743513763e-01
4.251910209655761719e+00 1.240176119376648345e-01
4.252369880676269531e+00 1.041575633907226295e-01
4.265490055084228516e+00 5.532574980992555069e-02
4.279540061950683594e+00 1.359764245447894759e-01
4.293869972229003906e+00 3.181618191914712956e-01
4.294929981231689453e+00 9.868402020300628963e-02
4.296750068664550781e+00 3.187799194149529280e-02
4.306399822235107422e+00 7.251652619529300181e-02
4.362530231475830078e+00 2.348865950217003395e-01
4.375309944152832031e+00 5.456346388546683829e-02
4.382470130920410156e+00 1.403834452947171074e-01
4.393710136413574219e+00 1.108205186040578938e-01
4.394390106201171875e+00 6.061679673270724961e-02
4.400070190429687500e+00 1.304896548208382689e-02
4.401820182800292969e+00 6.908675669836801536e-02
4.402450084686279297e+00 7.824923385266419062e-02
4.406340122222900391e+00 8.959196180739711912e-02
4.407619953155517578e+00 1.101898989974803983e-01
4.417160034179687500e+00 6.013686148772975221e-02
4.417759895324707031e+00 1.100962077682896695e-01
4.418159961700439453e+00 8.406647037122258470e-02
4.424029827117919922e+00 5.691988723983720799e-02
4.426690101623535156e+00 7.367191111510218438e-02
4.429289817810058594e+00 1.142202753522145522e-02
4.430290222167968750e+00 4.277960105819514358e-02
4.434639930725097656e+00 7.698942554785451198e-02
4.443099975585937500e+00 1.229677228664430716e-01
4.444210052490234375e+00 1.441650255682609127e-01
4.450389862060546875e+00 4.737731516253004815e-02
4.453959941864013672e+00 1.240724270282255598e-01
4.473169803619384766e+00 8.597298952324364252e-02
4.476669788360595703e+00 2.563548347831323126e-01
4.519999980926513672e+00 2.114444208141212367e-01
4.531250000000000000e+00 6.059288401105653032e-02
4.534249782562255859e+00 9.653605458914996107e-02
4.545760154724121094e+00 4.736180692055008690e-02
4.562980175018310547e+00 1.328833032236061973e-01
4.565489768981933594e+00 5.169880238407610629e-02
4.566790103912353516e+00 1.106314854631191280e-01
4.570099830627441406e+00 2.129964229348586466e-02
4.590620040893554688e+00 2.985382633119352397e-02
4.599579811096191406e+00 4.251769062362568963e-02
4.601449966430664062e+00 3.178262082314566722e-02
4.604139804840087891e+00 3.623529232552587936e-02
4.606160163879394531e+00 5.971445631699699719e-02
4.606629848480224609e+00 5.827258925103468573e-02
4.617199897766113281e+00 1.963496421655147248e-02
4.622409820556640625e+00 9.409006663131170775e-03
4.631130218505859375e+00 8.612182635875717529e-02
4.631690025329589844e+00 9.976974232067471748e-02
4.635769844055175781e+00 4.407252412427296873e-02
4.641339778900146484e+00 3.781123144578439621e-02
4.644909858703613281e+00 1.735845207046373129e-01
4.645339965820312500e+00 1.671274202365109485e-01
4.649640083312988281e+00 1.959102555353802247e-02
4.649930000305175781e+00 5.914577235318191351e-02
4.650899887084960938e+00 9.327228599846683343e-02
4.655859947204589844e+00 6.867955007377607446e-02
4.662789821624755859e+00 6.454985464366305714e-02
4.664470195770263672e+00 1.191496354685757098e-01
4.670269966125488281e+00 7.143831801883139543e-02
4.671030044555664062e+00 7.700683765398542990e-02
4.680480003356933594e+00 5.187595303250754769e-02
4.681960105895996094e+00 2.957055143456934973e-02
4.686429977416992188e+00 3.781545486038682957e-02
4.698520183563232422e+00 1.949089017285045300e-02
4.699930191040039062e+00 2.840728522224886254e-02
4.701739788055419922e+00 8.318170348584048857e-02
4.726870059967041016e+00 1.039402070555966034e-01
4.748700141906738281e+00 8.953349456466708212e-02
4.758969783782958984e+00 2.702393693645739614e-02
4.763070106506347656e+00 4.240114557700435521e-02
4.763609886169433594e+00 5.819568409210203186e-02
4.769330024719238281e+00 5.567486436875362238e-02
4.774089813232421875e+00 3.104822766786947616e-02
4.777800083160400391e+00 2.284110491408627291e-02
4.779019832611083984e+00 2.144225377083973927e-01
4.780079841613769531e+00 7.681409514636081126e-02
4.780920028686523438e+00 6.100468050501828277e-02
4.782050132751464844e+00 2.462696405902300642e-02
4.784729957580566406e+00 2.323723949613835937e-02
4.785850048065185547e+00 1.591010074835805810e-01
4.786049842834472656e+00 8.468635791596952622e-02
4.787079811096191406e+00 5.918809962009229791e-02
4.787439823150634766e+00 2.430811538487949452e-02
4.796249866485595703e+00 5.655388386372648193e-03
4.798210144042968750e+00 1.246392007967827079e-02
4.802700042724609375e+00 2.153990497417774264e-01
4.804560184478759766e+00 5.327868812036583301e-02
4.813539981842041016e+00 6.036496045045520314e-02
4.824530124664306641e+00 8.494838962480695532e-02
4.854450225830078125e+00 9.900893754705047956e-02
4.855700016021728516e+00 2.509960495089213345e-02
4.859650135040283203e+00 6.524056138192950438e-02
4.861660003662109375e+00 2.368086870292099855e-01
4.864109992980957031e+00 6.922469844276998852e-02
4.864890098571777344e+00 1.265536508843582431e-01
4.874579906463623047e+00 1.961522919480795657e-01
4.879489898681640625e+00 1.849687414335067781e-01
4.895820140838623047e+00 1.787424023307045418e-01
4.955719947814941406e+00 4.252564643750218754e-02
4.959159851074218750e+00 1.846723682176268089e-01
4.965620040893554688e+00 1.034882181747684704e-01
4.978079795837402344e+00 4.847397802047133386e-02
4.980629920959472656e+00 1.141662771845855517e-01
4.987110137939453125e+00 1.264215445971329441e-02
4.990250110626220703e+00 3.191438168957267535e-02
4.990270137786865234e+00 3.872232638810624294e-02
4.990349769592285156e+00 5.305676284363861073e-02
4.992050170898437500e+00 1.692237981292778748e-01
4.992929935455322266e+00 3.662761336710175508e-02
4.993350028991699219e+00 5.402539651441576329e-02
4.998710155487060547e+00 8.627499383828010626e-02
5.004819869995117188e+00 3.815407444450211183e-02
5.008029937744140625e+00 1.797879205358210997e-01
5.012919902801513672e+00 3.785313749913551962e-02
5.014319896697998047e+00 6.554979572635688534e-02
5.015359878540039062e+00 1.674130824433216203e-01
5.022610187530517578e+00 3.455048028908858093e-02
5.022850036621093750e+00 1.567603107308260940e-02
5.023680210113525391e+00 1.163557291818719253e-01
5.030310153961181641e+00 3.717735498806947619e-02
5.044439792633056641e+00 1.732442926566619135e-01
5.065720081329345703e+00 3.046707121868873491e-01
5.125430107116699219e+00 6.981105163793591140e-02
5.130300045013427734e+00 1.143713605749555468e-01
5.137770175933837891e+00 3.434431830864931312e-02
5.142109870910644531e+00 2.488744857597571108e-02
5.145380020141601562e+00 3.493111810404253559e-02
5.155189990997314453e+00 4.307335492891051221e-02
5.157470226287841797e+00 1.214887944597523306e-01
5.164680004119873047e+00 1.275062466779506021e-01
5.190780162811279297e+00 2.037091155603364470e-02
5.192049980163574219e+00 1.428489202595938645e-01
5.193860054016113281e+00 4.001679978869959742e-02
5.194210052490234375e+00 2.906676722250197895e-02
5.197239875793457031e+00 1.622629713281008648e-02
5.204579830169677734e+00 6.906981098789939655e-02
5.205029964447021484e+00 6.557703835152067784e-02
5.207950115203857422e+00 7.980865680461916162e-03
5.211520195007324219e+00 5.429827645046689244e-02
5.214059829711914062e+00 2.784354298636863151e-02
5.214350223541259766e+00 1.092962424320744058e-01
5.215970039367675781e+00 1.426530366403030124e-02
5.216360092163085938e+00 5.108111945764781670e-02
5.222290039062500000e+00 3.046905610751225041e-02
5.224730014801025391e+00 1.298324273998527900e-01
5.230740070343017578e+00 1.882715669503316064e-02
5.238530158996582031e+00 3.550081023482624248e-02
5.240910053253173828e+00 4.186784120271944132e-02
5.244170188903808594e+00 4.719767298724147908e-02
5.245659828186035156e+00 8.768778446246650038e-02
5.249040126800537109e+00 2.540571014918973844e-02
5.258039951324462891e+00 8.023267057887997766e-02
5.266139984130859375e+00 5.705333484362108687e-02
5.276710033416748047e+00 3.193804750297511708e-02
5.285840034484863281e+00 5.884279969430834534e-01
5.289979934692382812e+00 6.450032938237749980e-02
5.300399780273437500e+00 3.654647429733593605e-02
5.310279846191406250e+00 3.280268705063538182e-02
5.330599784851074219e+00 3.865584676844158879e-02
5.331600189208984375e+00 7.080907546970366395e-02
5.344910144805908203e+00 3.383116663075778907e-02
5.347229957580566406e+00 2.494304668302621888e-02
5.352519989013671875e+00 1.817179793331653859e-02
5.357639789581298828e+00 3.303901741546230730e-02
5.357719898223876953e+00 3.119940928538765881e-02
5.358860015869140625e+00 5.270317558172437494e-02
5.360939979553222656e+00 4.207261895974948041e-02
5.368080139160156250e+00 1.556450694186625391e-02
5.369249820709228516e+00 4.168604975955694097e-02
5.371399879455566406e+00 5.657168793818030672e-02
5.374440193176269531e+00 4.550384650544251480e-02
5.377580165863037109e+00 6.161830598174507234e-02
5.383160114288330078e+00 1.882015975690563003e-01
5.386340141296386719e+00 4.557357913107300262e-02
5.386980056762695312e+00 8.560093988494425765e-02
5.391049861907958984e+00 1.346564756855037626e-01
5.393159866333007812e+00 7.685500581296539346e-02
5.394249916076660156e+00 1.814371928994993333e-01
5.395070075988769531e+00 1.776679169496289332e-02
5.396719932556152344e+00 4.575690207036234303e-02
5.410220146179199219e+00 3.425097487960157561e-02
5.415880203247070312e+00 1.539538785295712642e-01
5.428880214691162109e+00 5.121479197750168633e-03
5.435170173645019531e+00 1.200877943275952819e-01
5.447780132293701172e+00 4.678597537811456097e-02
5.455430030822753906e+00 4.385080784813770449e-02
5.455739974975585938e+00 7.635516635255726325e-02
5.461699962615966797e+00 1.841198012178555388e-01
5.470479965209960938e+00 1.568701402068959916e-01
5.477049827575683594e+00 1.253683560328515967e-01
5.556580066680908203e+00 8.099192618905080854e-02
5.562260150909423828e+00 1.028181956229774763e-01
5.565720081329345703e+00 3.512106354831953658e-01
5.569779872894287109e+00 8.375719438841350284e-02
5.570010185241699219e+00 2.624010312952972934e-01
5.570139884948730469e+00 2.975814388121357859e-02
5.578040122985839844e+00 7.743435408442863634e-03
5.579599857330322266e+00 4.961378587525111516e-01
5.587250232696533203e+00 2.219855140247289568e-02
5.588399887084960938e+00 1.342281235808423512e-01
5.591400146484375000e+00 5.390268403540784264e-02
5.595250129699707031e+00 2.155104912681588547e-01
5.597579956054687500e+00 3.401262923041278169e-02
5.600780010223388672e+00 5.017393458004417578e-02
5.601270198822021484e+00 9.511473874857107047e-02
5.603590011596679688e+00 5.023984275751725709e-02
5.604849815368652344e+00 2.931843384909225275e-02
5.605750083923339844e+00 1.137194261985240151e-02
5.609910011291503906e+00 7.400068080478502952e-02
5.610249996185302734e+00 5.706909986007824981e-02
5.617469787597656250e+00 7.631161407043587919e-02
5.617539882659912109e+00 2.653802401517233595e-02
5.627260208129882812e+00 3.595365777833404303e-02
5.630909919738769531e+00 1.894774060923699877e-01
5.691609859466552734e+00 3.549025685887680082e-01
5.719140052795410156e+00 1.018843253212072530e-01
5.721119880676269531e+00 2.535123868996493890e-01
5.727680206298828125e+00 3.521157863338156835e-01
5.727799892425537109e+00 1.054360227087561691e-01
5.740439891815185547e+00 8.595438760687450219e-02
5.746540069580078125e+00 4.298992812109754535e-02
5.751339912414550781e+00 9.897157622983442093e-02
5.753200054168701172e+00 1.456283435147814886e-01
5.755970001220703125e+00 1.492735140292311136e-01
5.786089897155761719e+00 7.711296587177576822e-02
5.787390232086181641e+00 3.917607798248477075e-02
5.788720130920410156e+00 5.284503197220300624e-02
5.790130138397216797e+00 1.371145569922181673e-01
5.792890071868896484e+00 2.204597513441917261e-02
5.802740097045898438e+00 3.099137411467796088e-01
5.802889823913574219e+00 1.237606036908339285e-01
5.802919864654541016e+00 3.448252431529012785e-02
5.803929805755615234e+00 9.107722180602467396e-03
5.809959888458251953e+00 7.547424830365585535e-01
5.810870170593261719e+00 5.124371809496232333e-02
5.817739963531494141e+00 1.059266976234944507e-01
5.821670055389404297e+00 3.557603965038657473e-02
5.821800231933593750e+00 9.105885691638365698e-02
5.828340053558349609e+00 1.015153044792061060e-01
5.836200237274169922e+00 1.233685319193934538e-01
5.838669776916503906e+00 1.366578581816759730e-01
5.839159965515136719e+00 3.757690877762519255e-02
5.841139793395996094e+00 5.186775875952420733e-02
5.843440055847167969e+00 5.707611669672270349e-02
5.845439910888671875e+00 4.187298338219365423e-02
5.856349945068359375e+00 3.039390437750020407e-02
5.889800071716308594e+00 7.942180266128926469e-01
5.902410030364990234e+00 4.001347998778197190e-02
5.915800094604492188e+00 1.878559977183029972e-01
5.916520118713378906e+00 1.919926867902620876e-02
5.916950225830078125e+00 8.969522569806691326e-02
5.931139945983886719e+00 2.966477313754148012e-02
5.932909965515136719e+00 8.166779329398753118e-02
5.946489810943603516e+00 8.096596769358989365e-02
5.946609973907470703e+00 7.245678688818210644e-02
5.947219848632812500e+00 6.452681559662049038e-02
5.949130058288574219e+00 3.426628657380691861e-02
5.949399948120117188e+00 3.430099319500905936e-02
5.951729774475097656e+00 1.979495376566196840e-01
5.951809883117675781e+00 6.823792600681227727e-02
5.954649925231933594e+00 1.744057560314227553e-02
5.956739902496337891e+00 9.276785642918075614e-02
5.959209918975830078e+00 4.069882841544573970e-02
5.960110187530517578e+00 8.635865785518333226e-02
5.960249900817871094e+00 5.186712510136587406e-02
5.967750072479248047e+00 3.720037227722620965e-02
5.970290184020996094e+00 1.622186159236405911e-01
5.973539829254150391e+00 2.099904160764695660e-01
5.978169918060302734e+00 3.016067086577200670e-02
5.981939792633056641e+00 1.737253598903066576e-01
5.995220184326171875e+00 3.095980863962106630e-02
5.997469902038574219e+00 1.192725694331581987e-01
6.000979900360107422e+00 6.713341229474617533e-02
6.002560138702392578e+00 4.076687073672185385e-02
6.007279872894287109e+00 8.255854463101242047e-02
6.031670093536376953e+00 3.474831767176596309e-02
6.048980236053466797e+00 2.883108048270224474e-02
6.060999870300292969e+00 1.839444556886075666e-01
6.063129901885986328e+00 8.930755485815189409e-02
6.067009925842285156e+00 3.802268108984255962e-02
6.070630073547363281e+00 6.891034621489731948e-02
6.073729991912841797e+00 1.386943946965192020e-01
6.149829864501953125e+00 4.480550182306890228e-02
6.151599884033203125e+00 1.302434473596113251e-01
6.153309822082519531e+00 1.619471876702469615e-01
6.153319835662841797e+00 1.812379195385770969e-01
6.159019947052001953e+00 1.456411564743660125e-01
6.163740158081054688e+00 6.806504902139336177e-02
6.165080070495605469e+00 8.995029692668154997e-02
6.165579795837402344e+00 5.426849601565445630e-02
6.166470050811767578e+00 4.831831811990677794e-02
6.171720027923583984e+00 1.049362988674238349e-02
6.181200027465820312e+00 1.509863966343829300e-01
6.184269905090332031e+00 4.024421067777615435e-01
6.185420036315917969e+00 7.759382400348077691e-02
6.188570022583007812e+00 1.093661869179739232e-01
6.192810058593750000e+00 2.458403043038159125e-02
6.194910049438476562e+00 4.749036438004382299e-02
6.195409774780273438e+00 2.402459609043593527e-02
6.197050094604492188e+00 7.397661035526252593e-02
6.208670139312744141e+00 4.494475083512095709e-02
6.209819793701171875e+00 6.196028191684158082e-02
6.216819763183593750e+00 7.305732817565868675e-02
6.219920158386230469e+00 2.467274327945084000e-01
6.226960182189941406e+00 4.307362510674457579e-02
6.231850147247314453e+00 4.746115521371092882e-02
6.311970233917236328e+00 8.075510466336409399e-02
6.328839778900146484e+00 1.382057535837523110e-01
6.329080104827880859e+00 2.987115098790307788e-02
6.334630012512207031e+00 6.610715883582908570e-02
6.337180137634277344e+00 8.059703007851483358e-02
6.347509860992431641e+00 5.179567089532188112e-02
6.357269763946533203e+00 6.923055945708182779e-02
6.358210086822509766e+00 1.070609667083780026e-01
6.368999958038330078e+00 1.699351912780157903e-01
6.375629901885986328e+00 5.425840651290619182e-02
6.377439975738525391e+00 1.779553969823717552e-01
6.383930206298828125e+00 8.362708933018585256e-02
6.389400005340576172e+00 9.395258724038915710e-02
6.391240119934082031e+00 9.382872433477704166e-02
6.393400192260742188e+00 1.763797883164554547e-01
6.396230220794677734e+00 6.096580939205686195e-02
6.396830081939697266e+00 5.770110232948302831e-02
6.397079944610595703e+00 7.200663269459633975e-02
6.399300098419189453e+00 8.806492125593572140e-02
6.402490139007568359e+00 7.048271054783304679e-02
6.403840065002441406e+00 9.766593786250414577e-02
6.405980110168457031e+00 7.373557072568938386e-02
6.410230159759521484e+00 4.317824939536833717e-02
6.415080070495605469e+00 6.040909108572001252e-02
6.419469833374023438e+00 2.147656741437366235e-02
6.420859813690185547e+00 2.953199965292360382e-02
6.421999931335449219e+00 1.381027424019479199e-02
6.426169872283935547e+00 7.575657535428441391e-02
6.440800189971923828e+00 5.659121397266546616e-01
6.442490100860595703e+00 1.390788474598082525e-01
6.454360008239746094e+00 9.992534497009963879e-02
6.460269927978515625e+00 5.085792862859969676e-02
6.477809906005859375e+00 2.524349472087772384e-02
6.485909938812255859e+00 7.875119495786838536e-03
6.494649887084960938e+00 1.006921977205746666e-01
6.497449874877929688e+00 1.352554598032459920e-01
6.498630046844482422e+00 1.084102741539633707e-01
6.518720149993896484e+00 1.388508018062859783e-01
6.526060104370117188e+00 9.916351902927425868e-03
6.526440143585205078e+00 2.936974206457958897e-02
6.528279781341552734e+00 2.710314836835152341e-02
6.540130138397216797e+00 6.906152809683785421e-02
6.541689872741699219e+00 2.062549183147832921e-01
6.545479774475097656e+00 9.151429576410369943e-03
6.550630092620849609e+00 4.820096198594150949e-02
6.551599979400634766e+00 5.916411095363895145e-02
6.551650047302246094e+00 4.933706106548349513e-02
6.554200172424316406e+00 1.909801968854593912e-01
6.560870170593261719e+00 7.593805212164225771e-02
6.561299800872802734e+00 5.381416851945425295e-02
6.566289901733398438e+00 3.992632675786284696e-02
6.576379776000976562e+00 8.405876600893433248e-02
6.579150199890136719e+00 4.984471052079594844e-02
6.583169937133789062e+00 1.787141107720638111e-01
6.583799839019775391e+00 3.250296284500894806e-02
6.584440231323242188e+00 6.201899404651936565e-02
6.592609882354736328e+00 4.858908851913552873e-02
6.593229770660400391e+00 1.621493539861421085e-01
6.597909927368164062e+00 8.979197045799276744e-02
6.599699974060058594e+00 5.214117582643817972e-02
6.604209899902343750e+00 4.745912761539797797e-01
6.618299961090087891e+00 3.264731749860492332e-02
6.619200229644775391e+00 1.113555156371477499e-02
6.621870040893554688e+00 6.233788451547454118e-02
6.623650074005126953e+00 1.952389846725280376e-02
6.627930164337158203e+00 3.689655388535205416e-02
6.643390178680419922e+00 1.297304727767202570e-01
6.663640022277832031e+00 1.940862221629840734e-01
6.691370010375976562e+00 4.455322302183362115e-02
6.728559970855712891e+00 5.787002590253980117e-01
6.735559940338134766e+00 6.670999056035675778e-02
6.738729953765869141e+00 2.201446351567267271e-02
6.747640132904052734e+00 2.197237642260395363e-01
6.750780105590820312e+00 1.692134061617999730e-01
6.759840011596679688e+00 7.128393436586466514e-02
6.760489940643310547e+00 3.643694725010179769e-02
6.763060092926025391e+00 4.212160846975045170e-02
6.764560222625732422e+00 1.041319260872567570e-01
6.768270015716552734e+00 1.047903307165307524e-01
6.768499851226806641e+00 4.474802191851916938e-02
6.773330211639404297e+00 6.140573735049074250e-02
6.774730205535888672e+00 1.028110093137108716e-01
6.776720046997070312e+00 2.890551623935941686e-02
6.783929824829101562e+00 9.442643423954183435e-02
6.785490036010742188e+00 4.842713955094479078e-02
6.795750141143798828e+00 4.581041819543671401e-02
6.796490192413330078e+00 3.294522505515621313e-01
6.797420024871826172e+00 6.507258739309046414e-02
6.808859825134277344e+00 4.690612010342574689e-01
6.809100151062011719e+00 4.483798225649892472e-02
6.818809986114501953e+00 4.760706946119237781e-02
6.838719844818115234e+00 9.439470337894505236e-02
6.878530025482177734e+00 9.136642881458732768e-02
6.887810230255126953e+00 3.275492195646199922e-02
6.890989780426025391e+00 2.960569852007557401e-01
6.899079799652099609e+00 1.323378414816192561e-01
6.902629852294921875e+00 5.653371638844891661e-02
6.908339977264404297e+00 2.867656652020924429e-02
6.916999816894531250e+00 5.027114711357480448e-02
6.938849925994873047e+00 1.109894792040279354e-01
6.957310199737548828e+00 3.405121143995130245e-02
6.965129852294921875e+00 3.233823027227845648e-01
6.969329833984375000e+00 1.122850428531044220e-01
6.972970008850097656e+00 9.164722745197159126e-01
6.974219799041748047e+00 9.356677174937877428e-03
6.976960182189941406e+00 9.348782801105626206e-03
6.977839946746826172e+00 5.260473121955180908e-02
6.982029914855957031e+00 3.005797279056045615e-02
6.983829975128173828e+00 2.186654485388745198e-02
6.984970092773437500e+00 1.595802787839327441e-01
6.987790107727050781e+00 3.038642583704034145e-02
6.988490104675292969e+00 2.784884576750691620e-02
6.990310192108154297e+00 1.627713121721225537e-02
6.990449905395507812e+00 3.375932431609679485e-02
6.997859954833984375e+00 7.707323641641734835e-02
6.999949932098388672e+00 5.495290893884323680e-01
7.001309871673583984e+00 1.322070358531383938e-01
7.009510040283203125e+00 2.420168633250870394e-01
7.010900020599365234e+00 2.853847946696794549e-02
7.015140056610107422e+00 1.591967991946498240e-01
7.024059772491455078e+00 8.707911737282035547e-02
7.028309822082519531e+00 4.711673819229610094e-02
7.028460025787353516e+00 4.167037353186923282e-02
7.031350135803222656e+00 7.461655531184469003e-02
7.033490180969238281e+00 5.136216830660048777e-02
7.043990135192871094e+00 7.341252632646991239e-02
7.052179813385009766e+00 4.772283297603773650e-02
7.078999996185302734e+00 3.141894684140079941e-02
7.107800006866455078e+00 9.878657963689345400e-02
7.113669872283935547e+00 2.278758597861507001e-02
7.116499900817871094e+00 9.028240709949975421e-03
7.130410194396972656e+00 2.513343034969989231e-01
7.131130218505859375e+00 5.780689030513361248e-02
7.133860111236572266e+00 1.215107117742472848e-01
7.134479999542236328e+00 1.121407964799055607e-01
7.134749889373779297e+00 1.218214009106385019e-02
7.135930061340332031e+00 3.493362731408286570e-02
7.136610031127929688e+00 3.168104769117967290e-02
7.139259815216064453e+00 2.599351927415688435e-02
7.141220092773437500e+00 7.765082908754604440e-02
7.141960144042968750e+00 2.927540048489297997e-02
7.143949985504150391e+00 7.676090349078122654e-02
7.144179821014404297e+00 2.711812244923479664e-02
7.146409988403320312e+00 3.027360613412257220e-02
7.148270130157470703e+00 8.431595680542461335e-02
7.152279853820800781e+00 1.663675151305341049e-01
7.153250217437744141e+00 7.621535166276674489e-02
7.159860134124755859e+00 3.790058485633897301e-02
7.165689945220947266e+00 9.018565722670385254e-02
7.171020030975341797e+00 4.653993257724864385e-02
7.179309844970703125e+00 1.976811754679588806e-01
7.185760021209716797e+00 1.022050157234290907e-01
7.203259944915771484e+00 2.737034852119489270e-01
7.206289768218994141e+00 4.061415068551311319e-02
7.210269927978515625e+00 4.199377067102096073e-02
7.218289852142333984e+00 2.789669152250563722e-02
7.222020149230957031e+00 2.080661925808178492e-01
7.227570056915283203e+00 1.910670104060290531e-01
7.230400085449218750e+00 5.650247309040570820e-02
7.240849971771240234e+00 2.538030515469564818e-01
7.319439888000488281e+00 7.354692780888000270e-02
7.327770233154296875e+00 4.153647143301214539e-01
7.328229904174804688e+00 2.589509900356617433e-01
7.339479923248291016e+00 2.415805836402344364e-01
7.341839790344238281e+00 3.244965153597161728e-02
7.343760013580322266e+00 1.617164668961778851e-01
7.349790096282958984e+00 8.692497549740708929e-02
7.351389884948730469e+00 2.055073257026261702e-02
7.352230072021484375e+00 5.878966008392670639e-02
7.354279994964599609e+00 3.483722211947157948e-02
7.362269878387451172e+00 4.966958681721163338e-02
7.362520217895507812e+00 2.158742806057301067e-01
7.363510131835937500e+00 9.539328743575367642e-02
7.370540142059326172e+00 1.558773999807301462e-02
7.372499942779541016e+00 1.532657045375977745e-01
7.373879909515380859e+00 7.349181534086039747e-02
7.373980045318603516e+00 5.585290854160711999e-02
7.377699851989746094e+00 8.208616463265988594e-02
7.380469799041748047e+00 1.060621677999973728e-01
7.380569934844970703e+00 6.980376489266877649e-02
7.385789871215820312e+00 7.337271484428925516e-02
7.386960029602050781e+00 4.949365910889046843e-02
7.393430233001708984e+00 5.050274777038078061e-02
7.443369865417480469e+00 2.246790049835379888e-01
7.481719970703125000e+00 3.825520537839541962e-02
7.487709999084472656e+00 1.864224629928272481e-01
7.489280223846435547e+00 2.414967192691757636e-01
7.492549896240234375e+00 1.623316758228552370e-01
7.500020027160644531e+00 2.336190473680548052e-02
7.500309944152832031e+00 1.719658567917843883e-01
7.502769947052001953e+00 8.418397541182988386e-02
7.513770103454589844e+00 2.811649263223305398e-02
7.525169849395751953e+00 1.491625333095106531e-01
7.551849842071533203e+00 6.416126769874004598e-02
7.551889896392822266e+00 5.519399712217808868e-02
7.555079936981201172e+00 3.667897888717116389e-02
7.557380199432373047e+00 8.634366473012017665e-03
7.564089775085449219e+00 1.729166657900850501e-02
7.566979885101318359e+00 2.791937420965878019e-02
7.579919815063476562e+00 2.319132325324688507e-02
7.582240104675292969e+00 1.095475782717734714e-01
7.582590103149414062e+00 7.433657489158218556e-02
7.583590030670166016e+00 1.334589399197483317e-01
7.584159851074218750e+00 1.135979391809136957e-01
7.586639881134033203e+00 4.279183671993025406e-02
7.588850021362304688e+00 2.143081720010529823e-02
7.591249942779541016e+00 3.142965829038991965e-02
7.594580173492431641e+00 1.174365508183211095e-02
7.596710205078125000e+00 8.382392061098538349e-02
7.600810050964355469e+00 1.533745870245901421e-01
7.604829788208007812e+00 5.728893764383329035e-02
7.611249923706054688e+00 1.557782816709309404e-01
7.613480091094970703e+00 1.082802376578788639e-01
7.613850116729736328e+00 3.951624712920734361e-02
7.635089874267578125e+00 6.195609251610519758e-02
7.641119956970214844e+00 1.365635567619044588e-01
7.641240119934082031e+00 4.976941944154274211e-02
7.655010223388671875e+00 5.059875241759977105e-02
7.663400173187255859e+00 3.264322064552173386e-02
7.680220127105712891e+00 6.434073158179633156e-02
7.698830127716064453e+00 3.749759863222556361e-02
7.701600074768066406e+00 3.756550026674443377e-02
7.708640098571777344e+00 2.526924002872829936e-02
7.710559844970703125e+00 6.768437036642052651e-02
7.711619853973388672e+00 8.447001702436715553e-02
7.715620040893554688e+00 4.738462561842834986e-03
7.718649864196777344e+00 8.166621939307155964e-02
7.718699932098388672e+00 5.059234248936930051e-02
7.720829963684082031e+00 1.833525154501915166e-01
7.724730014801025391e+00 9.803056835416876225e-02
7.725100040435791016e+00 8.994745108862252370e-02
7.725669860839843750e+00 8.657904826330222250e-03
7.733510017395019531e+00 4.981806067935236337e-02
7.734960079193115234e+00 3.431665466552678845e-02
7.737309932708740234e+00 2.234770093584437581e-02
7.743450164794921875e+00 6.781556752979250868e-02
7.748089790344238281e+00 3.192285351379216263e-02
7.749269962310791016e+00 2.459797431757488814e-02
7.753960132598876953e+00 6.878258153878551162e-02
7.765940189361572266e+00 3.352631142091202360e-02
7.766009807586669922e+00 2.349816334660860262e-01
7.776559829711914062e+00 2.439525245496746431e-01
7.778610229492187500e+00 3.856245448508245632e-02
7.779160022735595703e+00 1.010802094496929121e-01
7.783209800720214844e+00 3.277018409917006880e-02
7.783380031585693359e+00 2.172197062929744418e-02
7.783470153808593750e+00 6.809800853267870824e-02
7.789060115814208984e+00 6.409993818578761660e-02
7.802050113677978516e+00 4.269797860804053213e-02
7.820980072021484375e+00 6.768870934624222901e-02
7.823750019073486328e+00 9.819416552363356698e-02
7.854599952697753906e+00 9.871914008616632097e-02
7.907599925994873047e+00 2.870291679190775658e-01
7.910439968109130859e+00 1.809997357104235205e-01
7.926259994506835938e+00 1.445130184315125410e-01
7.936890125274658203e+00 1.457918842772665813e-01
7.939680099487304688e+00 1.544588294377825799e-02
7.942180156707763672e+00 5.182343611155942886e-02
7.944149971008300781e+00 1.039494967086618815e-01
7.946839809417724609e+00 2.558060979659979375e-02
7.952380180358886719e+00 5.343698536395470600e-02
7.953499794006347656e+00 4.982056679880016159e-02
7.953859806060791016e+00 2.750167439974050484e-02
7.954820156097412109e+00 1.029177920315082900e-01
7.957910060882568359e+00 7.627238921247173065e-02
7.962900161743164062e+00 5.616780712716606949e-02
7.964680194854736328e+00 2.638823089442624559e-01
7.968979835510253906e+00 3.676448359922324105e-02
7.973110198974609375e+00 1.357862075090966736e-01
7.974030017852783203e+00 9.897919429154093673e-02
7.974420070648193359e+00 1.202737893757599846e-01
7.975220203399658203e+00 1.830737606163729825e-01
7.980090141296386719e+00 9.124141149223347069e-02
7.993319988250732422e+00 1.094026781352196026e-01
7.996540069580078125e+00 1.240221748461950990e-01
7.996630191802978516e+00 1.322831503744741899e-01
8.027859687805175781e+00 2.714629598536830168e-01
8.056670188903808594e+00 1.617219866629736325e-01
8.061679840087890625e+00 2.572232900083666618e-02
8.069109916687011719e+00 3.118643030896894319e-01
8.095749855041503906e+00 9.494159244452839153e-02
8.096710205078125000e+00 1.529747830388713259e-01
8.116100311279296875e+00 7.939430597201703466e-02
8.119520187377929688e+00 3.578458789203740886e-02
8.122400283813476562e+00 4.419565577707049164e-02
8.135390281677246094e+00 2.211429368070312249e-02
8.138830184936523438e+00 4.707510916053787159e-02
8.141280174255371094e+00 7.746122234679499174e-02
8.142459869384765625e+00 7.117519687943764384e-02
8.142840385437011719e+00 6.260977255562122368e-02
8.147930145263671875e+00 5.001991413482641258e-02
8.155599594116210938e+00 8.929229844692332385e-02
8.158699989318847656e+00 3.719376362935878366e-01
8.158800125122070312e+00 3.036127168671040044e-01
8.163069725036621094e+00 2.058625567962049652e-01
8.163419723510742188e+00 2.439189875187258022e-02
8.171050071716308594e+00 7.114819751826258198e-02
8.172160148620605469e+00 1.331801804332318796e-02
8.175459861755371094e+00 5.675236211041858464e-02
8.181730270385742188e+00 1.076069827842875415e-01
8.184690475463867188e+00 8.779137841115877694e-02
8.195179939270019531e+00 2.208301620706575041e-02
8.198679924011230469e+00 3.183178897365037535e-02
8.200710296630859375e+00 4.407791725116821935e-02
8.202139854431152344e+00 1.021785152761055804e-01
8.202420234680175781e+00 7.117494786343298019e-02
8.202599525451660156e+00 7.188215576855229438e-02
8.211409568786621094e+00 6.095634068675411660e-02
8.218540191650390625e+00 3.998061033450559659e-02
8.222689628601074219e+00 6.681102877321819233e-02
8.258469581604003906e+00 8.519221495713760750e-02
8.266850471496582031e+00 5.923820932784713833e-02
8.266889572143554688e+00 1.392490374763762084e-01
8.270050048828125000e+00 4.177646423998629399e-02
8.279490470886230469e+00 3.414740597291836266e-02
8.280039787292480469e+00 4.253229873222354879e-02
8.283200263977050781e+00 2.728525795112640359e-02
8.285869598388671875e+00 7.116868405935797282e-02
8.287119865417480469e+00 8.691646965349314469e-02
8.287739753723144531e+00 5.270582263776926041e-02
8.295260429382324219e+00 3.080135903403896647e-02
8.295889854431152344e+00 3.885555709339270219e-02
8.304510116577148438e+00 2.461408478279475398e-02
8.308830261230468750e+00 3.297789821623393208e-02
8.310990333557128906e+00 1.094803589911505781e-01
8.319410324096679688e+00 1.319830088197333773e-01
8.322730064392089844e+00 3.900857065674187552e-02
8.332469940185546875e+00 1.136242908450813167e-02
8.338290214538574219e+00 1.838701524528571773e-01
8.345379829406738281e+00 1.514148677007222735e-02
8.349940299987792969e+00 4.175485498413228358e-02
8.351849555969238281e+00 7.731390957772550643e-02
8.355340003967285156e+00 9.949602130992583893e-02
8.355899810791015625e+00 3.775686302410759948e-02
8.365180015563964844e+00 2.152714238732877927e-02
8.372119903564453125e+00 5.421213031198823806e-02
8.378890037536621094e+00 7.603829042864945764e-02
8.384949684143066406e+00 2.410638753032479653e-01
8.391969680786132812e+00 1.446752520112266904e-01
8.400699615478515625e+00 3.634268144042481635e-02
8.401200294494628906e+00 3.517248784722985799e-02
8.401729583740234375e+00 1.840230735375852078e-01
8.423419952392578125e+00 4.864692832201738398e-02
8.461930274963378906e+00 2.444098365187416799e-01
8.482939720153808594e+00 5.357973093059072156e-02
8.495920181274414062e+00 5.619271664526695464e-02
8.502220153808593750e+00 8.322130968994975730e-02
8.503789901733398438e+00 1.033998823408387863e-01
8.506979942321777344e+00 4.125127010892258583e-02
8.507740020751953125e+00 9.148709858440690068e-02
8.507980346679687500e+00 1.971567573955821939e-01
8.513239860534667969e+00 5.305920726734512927e-02
8.515199661254882812e+00 5.385824556814993586e-02
8.529629707336425781e+00 1.177931514523699597e-01
8.531559944152832031e+00 7.607801668892638647e-02
8.536490440368652344e+00 3.604385667925876641e-02
8.537369728088378906e+00 9.042372470856444022e-02
8.539150238037109375e+00 4.900146526293314153e-01
8.541219711303710938e+00 1.112100268523240759e-01
8.544199943542480469e+00 1.274315454298827754e-01
8.561920166015625000e+00 3.477821582408824330e-02
8.563059806823730469e+00 3.302053884998546462e-01
8.567850112915039062e+00 1.344056310345203009e-01
8.573380470275878906e+00 1.858203186978104882e-01
8.577830314636230469e+00 4.636718956748247383e-02
8.592000007629394531e+00 3.832852303500584867e-02
8.598589897155761719e+00 1.030109796449774628e-01
8.618809700012207031e+00 9.873385351383935638e-02
8.638050079345703125e+00 2.643491087450512422e-01
8.656209945678710938e+00 9.086897730447937582e-02
8.668979644775390625e+00 3.130121527877503529e-01
8.675600051879882812e+00 3.787506011907743053e-02
8.685070037841796875e+00 4.370291283317635778e-02
8.691309928894042969e+00 8.043437717522243513e-02
8.699549674987792969e+00 4.763530522266804651e-02
8.731369972229003906e+00 7.881503228185772481e-02
8.733900070190429688e+00 1.062905117975073838e-01
8.736590385437011719e+00 2.592972815072838375e-02
8.738050460815429688e+00 5.147746551077785060e-02
8.738909721374511719e+00 8.399980915916352431e-02
8.741049766540527344e+00 2.467125634554418467e-01
8.745039939880371094e+00 5.630769153018343465e-01
8.745070457458496094e+00 8.839097224047945400e-02
8.749950408935546875e+00 4.889859157541635165e-02
8.750670433044433594e+00 8.815000208623363642e-02
8.751540184020996094e+00 4.532856953284275514e-02
8.753640174865722656e+00 1.205205718913906210e-01
8.754489898681640625e+00 1.954172891478005714e-01
8.755680084228515625e+00 4.407752200855568625e-01
8.755880355834960938e+00 4.075937073805557809e-02
8.755920410156250000e+00 1.926199906651544433e-02
8.760479927062988281e+00 7.989655343856963410e-02
8.761300086975097656e+00 1.054002227633510369e-01
8.765279769897460938e+00 8.564022646241463421e-02
8.773920059204101562e+00 8.371866065048833017e-02
8.780059814453125000e+00 7.341141355513249034e-02
8.785539627075195312e+00 4.194206374633994289e-02
8.786680221557617188e+00 1.121008975873587499e-01
8.787690162658691406e+00 4.128092840421657833e-02
8.800430297851562500e+00 5.427293620374348121e-02
8.800559997558593750e+00 1.650947690155665781e-01
8.802169799804687500e+00 3.763705498808835731e-02
8.841819763183593750e+00 5.388058500932205175e-02
8.852419853210449219e+00 6.243734480823218830e-02
8.862819671630859375e+00 8.391163788449851335e-02
8.869910240173339844e+00 3.305447324457962133e-02
8.877380371093750000e+00 8.295261275548700131e-02
8.879980087280273438e+00 4.791702294486505087e-02
8.881999969482421875e+00 1.631384578628255477e-01
8.884819984436035156e+00 2.031210574677211333e-02
8.885000228881835938e+00 1.120845937939791148e-01
8.888930320739746094e+00 4.122611809793588072e-02
8.889100074768066406e+00 2.241396435762452732e-01
8.905380249023437500e+00 1.525125931041741156e-01
8.906800270080566406e+00 1.897608452374778543e-02
8.910699844360351562e+00 2.786468567746102840e-02
8.912070274353027344e+00 7.778619932791751290e-02
8.918149948120117188e+00 2.847118715026783486e-01
8.923430442810058594e+00 1.886041758445762551e-02
8.925820350646972656e+00 8.192618975859647379e-02
8.927479743957519531e+00 1.337240389994376610e-01
8.929610252380371094e+00 4.670855099188908621e-02
8.930729866027832031e+00 6.609930819032613925e-02
8.935059547424316406e+00 5.785246994574710921e-02
8.936659812927246094e+00 1.335972076175259010e-02
8.941169738769531250e+00 4.363639234684866253e-01
8.950699806213378906e+00 1.132978650743393101e-01
8.954580307006835938e+00 1.177370989667884255e-01
8.959500312805175781e+00 5.220805501232327062e-02
8.965539932250976562e+00 2.712146841176212714e-02
8.967379570007324219e+00 7.723117242919816383e-02
8.968050003051757812e+00 4.080404684963646889e-02
8.976759910583496094e+00 1.050512732193089049e-01
8.982959747314453125e+00 1.039144696163653570e-01
9.007320404052734375e+00 6.403039868667020906e-02
9.030280113220214844e+00 5.773765646753492575e-01
9.071880340576171875e+00 1.363879338729315216e-01
9.075869560241699219e+00 1.064197643531909626e-01
9.079239845275878906e+00 3.592499194747202085e-02
9.095760345458984375e+00 1.168040610741196694e-01
9.096240043640136719e+00 7.639362984523351274e-02
9.102259635925292969e+00 2.348443907083702653e-01
9.104980468750000000e+00 1.608757650688074844e-02
9.112019538879394531e+00 5.103140505045289377e-02
9.113639831542968750e+00 3.511582969109758312e-02
9.118769645690917969e+00 2.204738764501009973e-01
9.121470451354980469e+00 2.782827987613432311e-03
9.123330116271972656e+00 8.390473285759316238e-03
9.127570152282714844e+00 1.872602554504518291e-01
9.139120101928710938e+00 3.328664086022553592e-02
9.141200065612792969e+00 1.402362833175487267e-01
9.145529747009277344e+00 2.832945444356517462e-02
9.145779609680175781e+00 7.856829035162168906e-02
9.150759696960449219e+00 1.189715202214387813e-01
9.156000137329101562e+00 6.139185601811075754e-02
9.161529541015625000e+00 1.454987168073927639e-01
9.163769721984863281e+00 1.216778253969120760e-01
9.167169570922851562e+00 1.358641820307940895e-01
9.187040328979492188e+00 6.504334923925045309e-02
9.202489852905273438e+00 1.285222052282045668e-01
9.205209732055664062e+00 1.474390572407713318e-01
9.208379745483398438e+00 7.791933245752541426e-02
9.237250328063964844e+00 6.365206119057961742e-02
9.237339973449707031e+00 8.173763850283864707e-02
9.265830039978027344e+00 4.026728000193681434e-02
9.267709732055664062e+00 3.612863014200065614e-02
9.281510353088378906e+00 3.115785811385315615e-02
9.288729667663574219e+00 7.844286361857199380e-03
9.292269706726074219e+00 3.111615074058167174e-01
9.302330017089843750e+00 2.603114510190228659e-01
9.304949760437011719e+00 1.115388204537136330e-01
9.307000160217285156e+00 8.950649068011348741e-02
9.307740211486816406e+00 8.441044059253834109e-02
9.314249992370605469e+00 5.726214715465340055e-02
9.317319869995117188e+00 1.021125754848402761e-01
9.321330070495605469e+00 4.978517637872112434e-02
9.324879646301269531e+00 1.110671262184330516e-01
9.327420234680175781e+00 4.848567916057330840e-02
9.334440231323242188e+00 2.229808147722145417e-02
9.342049598693847656e+00 2.159663398608529031e-02
9.342800140380859375e+00 1.342788446138770131e-01
9.343370437622070312e+00 4.618536654118853696e-02
9.346960067749023438e+00 1.021243732959869199e-01
9.348290443420410156e+00 1.609698843300682788e-02
9.352809906005859375e+00 1.305905097759838263e-01
9.357799530029296875e+00 6.179564753527720944e-01
9.360369682312011719e+00 1.291922023572836808e-01
9.366700172424316406e+00 3.411517057796727148e-02
9.374970436096191406e+00 7.385883124416880996e-02
9.376239776611328125e+00 1.107356214985401044e-01
9.389160156250000000e+00 9.565375180689848766e-02
9.389809608459472656e+00 7.317036677759558572e-02
9.392040252685546875e+00 4.601039724533564218e-02
9.417519569396972656e+00 2.008180038688166802e-01
9.421669960021972656e+00 5.970348872578711691e-02
9.441690444946289062e+00 5.798158673435381549e-02
9.443360328674316406e+00 1.306188660899435805e-01
9.451869964599609375e+00 1.111347265879813195e-01
9.452650070190429688e+00 1.325718826604931899e-01
9.455940246582031250e+00 4.711136136135512381e-02
9.456780433654785156e+00 7.610847293319891738e-02
9.460350036621093750e+00 4.594465528837145263e-02
9.462430000305175781e+00 6.818247887653826333e-02
9.471159934997558594e+00 9.608060233959028751e-02
9.475210189819335938e+00 1.163906582337422418e-01
9.484180450439453125e+00 5.695771917313906946e-02
9.485989570617675781e+00 2.078590510531848901e-01
9.501310348510742188e+00 2.827455719249943877e-02
9.501399993896484375e+00 1.358844764026616303e-01
9.501460075378417969e+00 2.664781720253671729e-02
9.505450248718261719e+00 9.120392534857219013e-02
9.506460189819335938e+00 9.933384295208010084e-02
9.509630203247070312e+00 7.387164217684628886e-02
9.520669937133789062e+00 1.113658364815105772e-01
9.524749755859375000e+00 3.241019844996584909e-01
9.534070014953613281e+00 5.383820035780247093e-02
9.536120414733886719e+00 1.222210099676558637e-01
9.538539886474609375e+00 6.523039899972588040e-02
9.541049957275390625e+00 8.739246423828528343e-02
9.550330162048339844e+00 9.378339830855636494e-02
9.554309844970703125e+00 1.373074498438596192e-01
9.559829711914062500e+00 5.477059482545542507e-02
9.559989929199218750e+00 1.968799212172607505e-01
9.562230110168457031e+00 6.383267025157898962e-03
9.567649841308593750e+00 2.243131779831064598e-01
9.568120002746582031e+00 1.037141660598737691e-01
9.568960189819335938e+00 2.046734530572730248e-01
9.571249961853027344e+00 8.209798219603821334e-02
9.614509582519531250e+00 2.137307724295142153e-01
9.628820419311523438e+00 6.035730913711812029e-01
9.679690361022949219e+00 5.518659673055214404e-02
9.681870460510253906e+00 4.925942722939113949e-02
9.689579963684082031e+00 4.900893590059361427e-01
9.697939872741699219e+00 4.406253270514381981e-02
9.720439910888671875e+00 2.817599704480360789e-01
9.721690177917480469e+00 2.761921493004514810e-02
9.722729682922363281e+00 5.784544854382426271e-01
9.724300384521484375e+00 6.541386698833423496e-02
9.724639892578125000e+00 1.546435602366567630e-01
9.725500106811523438e+00 1.169776860194517848e-01
9.727549552917480469e+00 7.500252340313590116e-02
9.744759559631347656e+00 5.668805861254708756e-01
9.749179840087890625e+00 2.152926128241161030e-01
9.750519752502441406e+00 1.191195424863277473e-02
9.753910064697265625e+00 6.470456889826637914e-01
9.755069732666015625e+00 1.281256095700712971e-01
9.764169692993164062e+00 1.588280048526787835e-01
9.766920089721679688e+00 9.573120701637362340e-02
9.767589569091796875e+00 2.230088573976481484e-02
9.772800445556640625e+00 6.134199299223070945e-01
9.774259567260742188e+00 2.135502707443269754e-01
9.795619964599609375e+00 2.209921173022189600e-01
9.811440467834472656e+00 4.701042490711107580e-01
9.822059631347656250e+00 6.655624052907205268e-02
9.829790115356445312e+00 2.427629894813239722e-02
9.830060005187988281e+00 1.314788269640522422e+00
9.842969894409179688e+00 1.033151953043534022e+00
9.843179702758789062e+00 8.814075136826177159e-01
9.846420288085937500e+00 3.289783246726762367e-01
9.848620414733886719e+00 2.169167112252851637e-01
9.850689888000488281e+00 3.457178662905610600e-01
9.854169845581054688e+00 6.821901206740621504e-02
9.862159729003906250e+00 1.053138143006761451e+00
9.862360000610351562e+00 2.730304624544503400e-01
9.904129981994628906e+00 1.382573093468195125e-01
9.905679702758789062e+00 9.332719229813978279e-01
9.906889915466308594e+00 1.217830599461781738e+00
9.912839889526367188e+00 1.157725655929923159e+00
9.913979530334472656e+00 2.079068365217621839e+00
9.918729782104492188e+00 1.785780463382895533e-01
9.919509887695312500e+00 1.258960493447076612e-01
9.924469947814941406e+00 4.017966094872272298e-01
9.924819946289062500e+00 8.328380839070939068e-01
9.929940223693847656e+00 1.677681603702618540e+00
9.930640220642089844e+00 1.036835976011765970e-01
9.931220054626464844e+00 7.700878738260713563e-02
9.931329727172851562e+00 1.366693567036473045e+00
9.944490432739257812e+00 2.052009832364473374e-01
9.950980186462402344e+00 2.574618452124649015e-01
9.952030181884765625e+00 5.013652388980146535e-01
9.963709831237792969e+00 6.211604101557839375e-01
9.968029975891113281e+00 4.935653384677463756e-02
9.969510078430175781e+00 1.464287871673521924e-01
9.971699714660644531e+00 9.797499422063828955e-01
9.973400115966796875e+00 5.940723133076432072e-01
9.973580360412597656e+00 7.925450808229664856e-01
9.976510047912597656e+00 1.495897136148180095e+00
9.977729797363281250e+00 8.729316067251410294e-01
9.987250328063964844e+00 1.237258832068376169e+00
9.994689941406250000e+00 3.988732837865604508e-01
9.994779586791992188e+00 1.568784532078230320e+00
9.999779701232910156e+00 8.051844956815907839e-01
1.000759983062744141e+01 6.036193327958619959e-01
1.001119995117187500e+01 1.509391006078185882e+00
1.001729965209960938e+01 1.006822616861846376e+00
1.002219963073730469e+01 3.444714761913291179e-01
1.003310012817382812e+01 1.052080535433405351e-01
1.004199981689453125e+01 4.250077649536908586e-01
1.005189990997314453e+01 1.360158278730669128e-02
1.006140041351318359e+01 5.760220831631166494e-01
1.006910037994384766e+01 4.903202761859408454e-02
1.007030010223388672e+01 2.017883284070392413e+00
1.007250022888183594e+01 5.562788933766976696e-01
1.008530044555664062e+01 3.680412017006224334e-01
1.008959960937500000e+01 1.582192639304661919e+00
1.009420013427734375e+01 5.820223987721535180e-02
1.009630012512207031e+01 2.175842473962824944e-02
1.009780025482177734e+01 1.291668624580235569e+00
1.010309982299804688e+01 1.624759152771168669e+00
1.010509967803955078e+01 4.327211264705643767e-01
1.010910034179687500e+01 5.204997608152091004e-01
1.011019992828369141e+01 1.393235766343917437e+00
1.011369991302490234e+01 2.718490232177060012e-02
1.011779975891113281e+01 2.695265010690910124e-02
1.012240028381347656e+01 7.773285738844801229e-02
1.013749980926513672e+01 5.680851861718104467e-02
1.014540004730224609e+01 9.074623073695583519e-01
1.019970035552978516e+01 1.053634628059083367e+00
1.021609973907470703e+01 3.701427468259209652e-01
1.025430011749267578e+01 5.612522112545735575e-02
1.027110004425048828e+01 6.283083237438856494e-02
1.119869995117187500e+01 9.733442996181562723e-01
1.122609996795654297e+01 1.016873393559050015e-01
1.125010013580322266e+01 7.104188929657403451e-01
1.125489997863769531e+01 2.926578763898851632e-01
1.125699996948242188e+01 3.014098420023780256e-01
1.127050018310546875e+01 2.565053637788131113e-01
1.127140045166015625e+01 4.931071681354383118e-01
1.128120040893554688e+01 1.429396820993772410e-01
1.129790019989013672e+01 8.010491626207026650e-02
1.129979991912841797e+01 7.488119826094794540e-01
1.130080032348632812e+01 1.989739953609974132e-01
1.131639957427978516e+01 4.125352176112462854e-01
1.132439994812011719e+01 1.920151583674868934e-01
1.132649993896484375e+01 1.129963953884165484e+00
1.132999992370605469e+01 1.943533513949448344e-01
1.136349964141845703e+01 5.832463902013815815e-01
1.136960029602050781e+01 1.062674587101065660e+00
1.137370014190673828e+01 5.494872647023495427e-01
1.138370037078857422e+01 3.244913620906438867e-01
1.138869953155517578e+01 1.468240598828113974e+00
1.139319992065429688e+01 1.143907459553658912e+00
1.140289974212646484e+01 1.178033440288029698e+00
1.140639972686767578e+01 2.245117216914039107e-02
1.140989971160888672e+01 4.688114992065017805e-01
1.141930007934570312e+01 4.258978332789813831e-02
1.142389965057373047e+01 2.139168451158756090e-01
1.142920017242431641e+01 4.511774044559083152e-01
1.143179988861083984e+01 8.424277610520696236e-01
1.144540023803710938e+01 6.829607117172069308e-02
1.144649982452392578e+01 1.437865920171325917e-01
1.144740009307861328e+01 2.243646286256665567e-01
1.145600032806396484e+01 1.700245963108528491e+00
1.145660018920898438e+01 1.128794926931361076e+00
1.146619987487792969e+01 1.298296113854626455e-01
1.147309970855712891e+01 1.384249511275064570e+00
1.147819995880126953e+01 1.596237627338536580e+00
1.150650024414062500e+01 4.250522942946206584e+00
1.151000022888183594e+01 1.314408542448115336e+00
1.151609992980957031e+01 5.111034502442880489e-01
1.151659965515136719e+01 4.484504592008292656e-01
1.151790046691894531e+01 7.767931314339461268e-01
1.151980018615722656e+01 2.299075680502455921e-01
