5.561279831454157829e-04 1.057170893052492566e-01
5.311099812388420105e-03 4.912635424686302432e-01
7.193570025265216827e-03 2.454999829363491703e-01
1.449550036340951920e-02 1.196856993530020397e+00
2.002779953181743622e-02 6.809337329576978792e-01
3.566410019993782043e-02 2.997353388268641505e-01
4.503529891371726990e-02 7.397780029692958559e-01
5.432660132646560669e-02 7.659822422509428019e-01
5.493589863181114197e-02 3.240200712170624997e-01
5.845630168914794922e-02 4.667167323757819841e-01
6.863400340080261230e-02 9.555744764127528657e-02
7.466760277748107910e-02 4.739641692284166652e-01
8.602040261030197144e-02 5.489383343585995528e-02
1.037859991192817688e-01 3.118400788407211799e-01
1.077409982681274414e-01 5.633619245213122850e-02
1.112549975514411926e-01 2.743834973702521385e-01
1.293269991874694824e-01 1.498171946667798682e-01
1.354960054159164429e-01 6.542398844794439228e-02
1.482319980859756470e-01 6.427392335388246170e-02
1.503030061721801758e-01 4.070892324172006305e-01
1.705079972743988037e-01 1.285351154973815246e+00
1.801780015230178833e-01 1.488063999126789383e-01
1.803510040044784546e-01 1.107339154081890875e+00
1.827130019664764404e-01 1.611104327570025418e+00
1.906230002641677856e-01 9.169187757441760178e-01
1.908099949359893799e-01 1.548831585636009922e-01
1.912149935960769653e-01 3.068677004939873165e-01
1.928140074014663696e-01 4.034751694663476357e-02
1.969439983367919922e-01 1.452783168899383914e-02
1.972769945859909058e-01 1.226465820792406847e+00
1.975869983434677124e-01 1.046418726508770575e-01
1.986850053071975708e-01 2.130555195343616232e-02
2.066760063171386719e-01 5.317285762187569376e-02
2.079350054264068604e-01 7.893555655910008406e-01
2.085839956998825073e-01 6.903764555663052804e-02
2.186339944601058960e-01 4.036614297130115547e-01
2.199890017509460449e-01 2.237245678346596461e-02
2.225770056247711182e-01 8.313423862685656585e-02
2.315150052309036255e-01 4.022766207858184950e-01
2.389770001173019409e-01 2.645351374783553450e-02
2.418379932641983032e-01 5.958736559901091079e-01
2.458010017871856689e-01 9.352014649555444592e-01
2.741599977016448975e-01 1.349338695841252544e+00
2.930189967155456543e-01 9.678721070766960199e-01
3.179289996623992920e-01 6.317445529233657597e-02
3.461259901523590088e-01 6.187762565049442082e-02
3.550809919834136963e-01 9.789450754154715995e-01
3.616850078105926514e-01 9.261421385784621152e-02
3.642759919166564941e-01 1.111330152700931162e-01
3.649860024452209473e-01 3.944805227490703892e-02
3.736189901828765869e-01 4.112831598661531585e-02
3.967939913272857666e-01 6.740467022045849854e-02
4.078710079193115234e-01 1.627748059325200003e-01
4.103589951992034912e-01 7.721711822435910200e-02
4.104419946670532227e-01 3.017764746999924280e-02
4.163450002670288086e-01 1.605608053078750042e-01
4.185790121555328369e-01 8.226819952361918986e-02
4.202019870281219482e-01 8.221492797231669258e-02
4.229530096054077148e-01 2.687381393979077198e-03
4.230650067329406738e-01 6.562320441612844168e-02
4.231170117855072021e-01 4.862509380035240358e-02
4.288780093193054199e-01 3.511719578461084540e-02
4.309720098972320557e-01 1.078415439834544826e-01
4.323480129241943359e-01 1.829735731266074472e-02
4.338909983634948730e-01 6.065762575444280658e-02
4.393669962882995605e-01 4.564534148375995470e-02
4.402779936790466309e-01 6.328932003362204572e-02
4.404279887676239014e-01 4.624932417644525562e-02
4.412829875946044922e-01 8.660692197757843824e-02
4.439620077610015869e-01 2.155834990810649721e-01
4.496029913425445557e-01 2.263136442948301616e-02
4.525339901447296143e-01 9.450329580123723039e-02
4.574309885501861572e-01 9.741225816674059512e-02
4.592489898204803467e-01 2.992819836753470020e-02
4.688799977302551270e-01 1.978294769965456210e-02
4.937140047550201416e-01 8.417916628197254225e-02
5.141699910163879395e-01 1.392212657378310015e-01
5.228160023689270020e-01 5.825483201833038249e-01
5.275279879570007324e-01 3.963534127496644993e-02
5.398449897766113281e-01 1.661085353139057363e-01
5.450990200042724609e-01 5.972130432676282796e-02
5.587880015373229980e-01 1.853103048366197547e-02
5.626299977302551270e-01 7.781550606319562191e-02
5.669999718666076660e-01 6.640692308618685591e-02
5.705199837684631348e-01 3.796528983655506062e-02
5.711380243301391602e-01 7.386172932889467635e-01
5.735530257225036621e-01 6.131172340682670974e-02
5.751169919967651367e-01 4.799659295409733351e-02
5.792179703712463379e-01 3.127046770102846068e-02
5.812669992446899414e-01 2.261693940555764837e-01
5.819900035858154297e-01 1.607721006594381441e-01
5.829139947891235352e-01 3.288308501799590972e-02
5.836809873580932617e-01 1.037964321949225166e-01
5.892320275306701660e-01 1.030330090313839875e-01
5.952910184860229492e-01 8.081053038638212616e-02
5.972880125045776367e-01 1.254106316644939823e-01
6.020609736442565918e-01 1.493401072903867421e-01
6.052650213241577148e-01 1.489072508497804037e-01
6.089640259742736816e-01 9.267923552554117872e-02
6.112880110740661621e-01 8.858290540407522118e-02
6.121630072593688965e-01 1.559047522697691035e-01
6.151639819145202637e-01 6.996848542751006594e-02
6.207789778709411621e-01 7.098870738177769091e-02
6.244879961013793945e-01 5.510316689333918938e-02
6.353179812431335449e-01 3.428966946605949140e-02
6.496549844741821289e-01 1.243715079153910746e-01
6.546570062637329102e-01 5.992244854291640943e-02
6.613680124282836914e-01 3.414789007635025964e-02
6.689220070838928223e-01 1.143221982734931030e-01
6.953769922256469727e-01 7.010903164674038568e-02
7.121130228042602539e-01 1.147769073497586501e-01
7.203879952430725098e-01 1.183277272927852619e-01
7.690830230712890625e-01 7.639298286760368151e-02
7.750110030174255371e-01 2.730271653053532033e-01
7.773060202598571777e-01 5.583199088095265605e-02
7.832090258598327637e-01 1.064773480074697604e-01
7.882999777793884277e-01 2.849525497628194737e-01
7.888529896736145020e-01 1.999446968609318309e-02
7.936829924583435059e-01 4.822223880350513803e-02
7.943099737167358398e-01 7.960445793899789679e-02
7.945939898490905762e-01 4.287368922248235154e-02
7.956749796867370605e-01 3.543619315034736428e-02
8.043460249900817871e-01 4.384436664935942307e-02
8.060290217399597168e-01 1.583786240253444791e-02
8.076729774475097656e-01 2.266155079901652492e-01
8.078140020370483398e-01 2.195667586585237085e-01
8.140140175819396973e-01 1.208350668844540843e-01
8.149409890174865723e-01 1.859588091666855569e-01
8.156769871711730957e-01 4.502849578083836096e-02
8.176649808883666992e-01 2.097944708543712095e-02
8.273090124130249023e-01 2.726405712546966717e-02
8.304989933967590332e-01 8.092319434591879745e-02
8.362870216369628906e-01 1.834739863956862393e-01
8.451359868049621582e-01 3.470995230421487776e-02
8.491600155830383301e-01 1.402622952162576597e-01
8.612920045852661133e-01 6.539013171143445713e-02
8.992879986763000488e-01 1.917539977712983679e-01
9.165639877319335938e-01 2.611220750873994439e-02
9.284629821777343750e-01 1.649102752153120133e-01
9.310500025749206543e-01 1.259536233875241107e-01
9.477130174636840820e-01 4.591313777810876462e-02
9.639160037040710449e-01 4.164568584308153687e-02
9.702010154724121094e-01 4.303447349946370321e-02
9.952260255813598633e-01 8.154715717424587673e-02
9.972640275955200195e-01 1.147442271739209513e-02
1.001240015029907227e+00 6.280609147536143910e-02
1.004670023918151855e+00 8.519089450992765877e-02
1.006780028343200684e+00 4.507069079021774199e-02
1.012240052223205566e+00 3.240581280733079855e-02
1.012279987335205078e+00 9.721843563789217546e-02
1.016860008239746094e+00 7.130137951739526359e-02
1.017089962959289551e+00 3.249787766008916529e-02
1.018910050392150879e+00 1.457200404165179819e-01
1.019009947776794434e+00 1.373797394630461577e-01
1.026950001716613770e+00 5.044628588112172463e-02
1.029999971389770508e+00 1.661491389354536885e-01
1.034489989280700684e+00 7.892570053623154669e-02
1.038200020790100098e+00 8.293643601253622433e-02
1.040070056915283203e+00 1.197123821491016121e-01
1.040500044822692871e+00 1.116482783193119624e-02
1.040619969367980957e+00 9.246968011549470956e-02
1.041980028152465820e+00 7.781078215980363755e-02
1.044589996337890625e+00 2.015895615298601146e-02
1.044810056686401367e+00 8.455732305941418558e-02
1.045349955558776855e+00 3.354465800122758551e-02
1.054999947547912598e+00 6.428723134850206078e-02
1.057109951972961426e+00 2.887720659566547221e-01
1.059730052947998047e+00 1.084136807578688355e-01
1.069399952888488770e+00 5.027025129500566764e-02
1.071599960327148438e+00 6.697560006073378924e-02
1.098739981651306152e+00 4.605763421752903652e-02
1.113219976425170898e+00 5.032994841414062392e-02
1.115090012550354004e+00 5.678743662442192752e-02
1.154119968414306641e+00 1.037646890317903969e-01
1.163619995117187500e+00 7.415903137544858914e-02
1.169370055198669434e+00 3.997816592811197917e-02
1.170729994773864746e+00 5.774728257019690753e-02
1.170869946479797363e+00 5.738135160041087784e-02
1.171090006828308105e+00 3.450508765224891694e-01
1.178969979286193848e+00 1.547404540402344195e-02
1.180449962615966797e+00 4.788933143381739893e-02
1.182790040969848633e+00 2.666615198554907890e-02
1.184999942779541016e+00 9.539452896201412735e-02
1.187180042266845703e+00 3.363342490022422360e-02
1.189039945602416992e+00 3.469794027574767126e-02
1.190269947052001953e+00 1.705430412826838132e-02
1.197059988975524902e+00 6.876057482703787360e-02
1.197139978408813477e+00 5.651155796692720890e-02
1.197589993476867676e+00 1.526587382573024176e-01
1.197870016098022461e+00 1.260536482943407643e-01
1.199090003967285156e+00 7.368843054354405619e-02
1.200870037078857422e+00 1.087766405818293980e-02
1.206410050392150879e+00 1.703417115608213683e-01
1.210469961166381836e+00 2.012045764785103663e-01
1.212339997291564941e+00 2.351160006359603871e-01
1.231349945068359375e+00 1.118300556783389382e-01
1.232529997825622559e+00 1.295308591768175588e-01
1.242120027542114258e+00 7.656516747535156708e-02
1.247020006179809570e+00 1.859038448225566395e-02
1.249420046806335449e+00 4.176710146781091315e-01
1.255859971046447754e+00 3.257782222411000767e-02
1.259850025177001953e+00 6.353714208228479488e-02
1.267519950866699219e+00 3.971665230709134353e-02
1.289149999618530273e+00 5.253331770188754968e-01
1.356230020523071289e+00 1.027649647147186041e-01
1.363809943199157715e+00 2.017094327889015076e-02
1.366179943084716797e+00 1.868395046451630515e-02
1.371309995651245117e+00 1.012467117222073804e-01
1.381150007247924805e+00 1.102362755070332295e-01
1.390269994735717773e+00 3.032894641757569176e-02
1.390709996223449707e+00 3.197524460033331073e-02
1.395910024642944336e+00 7.903149037797278786e-02
1.399710059165954590e+00 5.594041207928358850e-02
1.400110006332397461e+00 2.491104609162817785e-01
1.400529980659484863e+00 7.217109968508472750e-02
1.401890039443969727e+00 4.339480074641761248e-02
1.406149983406066895e+00 1.261861905870650079e-02
1.406980037689208984e+00 1.168419320550619367e-01
1.411939978599548340e+00 7.166237078693196705e-02
1.412840008735656738e+00 1.599724245856427585e-01
1.415420055389404297e+00 1.136356391563026896e-01
1.422870039939880371e+00 1.463367600691743708e-02
1.427299976348876953e+00 5.556254603265049774e-02
1.434209942817687988e+00 2.931067898932601321e-02
1.434530019760131836e+00 2.039091589399730231e-01
1.440909981727600098e+00 7.579074797743688696e-02
1.447469949722290039e+00 3.172073194039728983e-02
1.451750040054321289e+00 7.027933537935491248e-01
1.525810003280639648e+00 3.659503361656561982e-01
1.528730034828186035e+00 1.578112244502060113e-01
1.530750036239624023e+00 2.790360927986636486e-01
1.532410025596618652e+00 2.346573298762348880e-01
1.539749979972839355e+00 2.041434255099633388e-01
1.544299960136413574e+00 8.986821439503800413e-02
1.565410017967224121e+00 1.674194320234385219e-02
1.573029994964599609e+00 5.424156443395466466e-03
1.586859941482543945e+00 5.276020909765188199e-02
1.589439988136291504e+00 7.237440314419012199e-02
1.591940045356750488e+00 3.143005879808837832e-01
1.593179941177368164e+00 7.464419433074637178e-02
1.600069999694824219e+00 1.474825065511623512e-01
1.604050040245056152e+00 7.232028571690284069e-02
1.604200005531311035e+00 6.137483755927835433e-02
1.605460047721862793e+00 8.298812176930069062e-02
1.614269971847534180e+00 9.506314242168152628e-02
1.614799976348876953e+00 2.480076816299056908e-01
1.616230010986328125e+00 7.881883691742215536e-02
1.616330027580261230e+00 5.188353241570335672e-02
1.621000051498413086e+00 6.848511848160961091e-02
1.621469974517822266e+00 2.746348053827481900e-02
1.622689962387084961e+00 7.758305551669891775e-02
1.623280048370361328e+00 1.947246333137495067e-02
1.628540039062500000e+00 4.699113265356614361e-02
1.635200023651123047e+00 3.291170965491430067e-02
1.641960024833679199e+00 2.884754940765180478e-02
1.651810050010681152e+00 1.766193978012146615e-01
1.656180024147033691e+00 5.656135972800901274e-02
1.661080002784729004e+00 4.963051027784685931e-02
1.661769986152648926e+00 8.173793728612771536e-02
1.668329954147338867e+00 3.781817216218852362e-02
1.707039952278137207e+00 4.532409623575234942e-02
1.723989963531494141e+00 1.033793386059812941e-01
1.734150052070617676e+00 3.588402307575903616e-01
1.735090017318725586e+00 5.634091903086006770e-02
1.750049948692321777e+00 4.719655218482904369e-01
1.754469990730285645e+00 3.654709410842513218e-02
1.755609989166259766e+00 7.163608743335293794e-02
1.761129975318908691e+00 4.584943679854786014e-02
1.762889981269836426e+00 7.662011185875997055e-02
1.763260006904602051e+00 6.548382572081000441e-02
1.765319943428039551e+00 5.539081921257783814e-02
1.767799973487854004e+00 5.846774698957721977e-02
1.768110036849975586e+00 6.623060758261309355e-02
1.768759965896606445e+00 5.353560845364713217e-02
1.770009994506835938e+00 3.886952267836221719e-02
1.772220015525817871e+00 4.012868227107822122e-02
1.773239970207214355e+00 3.433554892464943387e-02
1.778300046920776367e+00 4.782527666044980585e-02
1.779379963874816895e+00 1.287888992596058213e-01
1.780920028686523438e+00 4.552249643174033356e-02
1.781579971313476562e+00 4.760674273766913461e-02
1.785439968109130859e+00 4.443213504980972339e-02
1.785830020904541016e+00 6.943180091986414504e-02
1.788229942321777344e+00 6.583095999894534103e-03
1.790300011634826660e+00 7.544947949831858069e-02
1.794980049133300781e+00 6.969816113309217076e-02
1.797129988670349121e+00 5.556133681448394146e-02
1.810819983482360840e+00 1.575802591343797576e-01
1.813709974288940430e+00 8.127365286404159006e-02
1.861170053482055664e+00 4.457253892359350211e-02
1.863170027732849121e+00 5.341051091414979884e-02
1.867920041084289551e+00 4.494520036520621015e-02
1.868229985237121582e+00 8.276598825074395205e-02
1.877859950065612793e+00 1.776288386826800347e-01
1.877969980239868164e+00 2.098470220017764967e-02
1.897549986839294434e+00 1.151587972010170019e-01
1.957859992980957031e+00 1.673481632529001673e-01
1.970939993858337402e+00 4.538317948354661513e-02
1.977859973907470703e+00 9.868218277285564777e-02
1.981870055198669434e+00 2.388114089684967647e-02
1.982839941978454590e+00 8.985152449182109979e-02
1.983029961585998535e+00 1.098828916015119339e-01
1.983669996261596680e+00 8.062607449969057954e-03
1.985890030860900879e+00 4.652523485963753341e-02
1.992149949073791504e+00 1.699800811316701243e-02
1.995180010795593262e+00 1.123902247086093070e-01
1.996649980545043945e+00 1.603570803832207736e-01
2.001329898834228516e+00 8.881466014576577805e-02
2.003060102462768555e+00 1.923157654014263640e-01
2.004640102386474609e+00 1.231382430509722486e-01
2.006439924240112305e+00 1.169338456160308876e-01
2.007060050964355469e+00 4.723346051131729201e-02
2.007410049438476562e+00 1.109075883627314435e-01
2.008490085601806641e+00 6.412448833843686913e-02
2.016809940338134766e+00 5.858180797880692403e-02
2.018539905548095703e+00 3.600264499322210210e-02
2.027250051498413086e+00 1.913635439178725250e-01
2.030829906463623047e+00 2.594620963605222957e-02
2.032469987869262695e+00 3.274984911486474026e-02
2.046770095825195312e+00 7.560961733861287781e-02
2.097879886627197266e+00 2.148356915324270422e-01
2.117320060729980469e+00 4.890285906297828916e-02
2.118639945983886719e+00 7.773361762526255492e-02
2.140290021896362305e+00 5.427177002135935568e-01
2.145129919052124023e+00 8.613083661913964462e-02
2.155070066452026367e+00 5.599768542985888997e-02
2.160480022430419922e+00 1.312361432465375677e-01
2.166539907455444336e+00 1.137526746001232547e-01
2.168999910354614258e+00 2.877186354957360082e-01
2.182909965515136719e+00 8.248184907001136768e-02
2.183830022811889648e+00 6.676353061645909359e-02
2.191679954528808594e+00 2.625443403699533329e-01
2.194649934768676758e+00 2.019900659715416213e-01
2.196099996566772461e+00 7.675231098365918603e-02
2.204030036926269531e+00 4.609278342469286249e-02
2.207580089569091797e+00 8.362789611814239188e-02
2.208640098571777344e+00 8.118355431699028624e-02
2.211040019989013672e+00 8.845727424430456509e-02
2.211790084838867188e+00 8.280482794521808187e-02
2.217070102691650391e+00 1.687234527212553778e-02
2.218970060348510742e+00 5.085283263361647932e-02
2.219470024108886719e+00 4.369218689000571587e-02
2.220139980316162109e+00 4.387923834680679258e-02
2.222569942474365234e+00 3.269388824432382656e-01
2.240799903869628906e+00 3.079694630407702263e-02
2.241039991378784180e+00 6.823192787187502828e-02
2.241519927978515625e+00 8.270476395345467691e-02
2.241539955139160156e+00 6.147631714433759303e-02
2.241800069808959961e+00 4.003667599291926144e-02
2.251539945602416992e+00 6.623808252395874119e-02
2.254709959030151367e+00 4.813474247044622484e-02
2.256459951400756836e+00 3.795686196001622076e-02
2.269259929656982422e+00 4.961712638026047340e-02
2.276809930801391602e+00 3.532474229759229034e-02
2.298449993133544922e+00 4.876822333198121973e-02
2.303560018539428711e+00 1.327088241320101836e-01
2.327529907226562500e+00 1.015097611299001779e-01
2.337090015411376953e+00 4.378522291344253553e-02
2.349829912185668945e+00 2.599944209532325523e-01
2.354899883270263672e+00 5.675022109927042868e-02
2.355560064315795898e+00 5.166626667173024323e-02
2.357270002365112305e+00 2.425014196851534576e-01
2.359270095825195312e+00 2.516121452991784690e-01
2.361459970474243164e+00 8.494386263503959922e-02
2.362689971923828125e+00 3.323161361723665080e-02
2.364680051803588867e+00 1.626899491132350467e-02
2.370719909667968750e+00 3.714044011525479555e-02
2.375710010528564453e+00 1.864709119481846797e-02
2.381939888000488281e+00 2.458984962138126978e-02
2.382740020751953125e+00 7.048864769336983527e-02
2.384910106658935547e+00 6.559557508729539632e-02
2.388969898223876953e+00 3.500363296444942290e-02
2.389300107955932617e+00 1.372340403750247628e-01
2.389859914779663086e+00 1.039014154518333177e-01
2.392630100250244141e+00 1.620149835430031715e-01
2.397490024566650391e+00 1.590995459468712014e-01
2.399719953536987305e+00 1.128115764441135621e-01
2.400449991226196289e+00 7.471605208108773877e-02
2.404299974441528320e+00 1.874542145908544843e-02
2.407429933547973633e+00 8.449638661305456377e-01
2.419680118560791016e+00 3.611338890089580561e-02
2.424760103225708008e+00 1.446391704824391278e-01
2.431289911270141602e+00 4.892273622963949631e-02
2.442620038986206055e+00 2.231336470137110575e-02
2.443710088729858398e+00 5.966684131787723666e-02
2.459579944610595703e+00 3.419413781054048834e-02
2.471369981765747070e+00 1.195071421125082356e-01
2.473880052566528320e+00 1.642756328420178213e-01
2.557810068130493164e+00 2.189056255544620522e-01
2.561039924621582031e+00 6.649011517312350406e-02
2.566309928894042969e+00 1.299310635357287524e-01
2.567179918289184570e+00 3.545202189917008861e-01
2.567529916763305664e+00 1.644539543640842483e-01
2.574069976806640625e+00 2.962379197279149320e-02
2.575139999389648438e+00 8.726077799545725600e-02
2.583159923553466797e+00 7.106768412610181551e-02
2.583820104598999023e+00 5.028260214080788881e-02
2.584500074386596680e+00 4.567920869882917401e-02
2.585150003433227539e+00 1.688594550228525795e-02
2.586260080337524414e+00 4.149724954281218681e-01
2.591690063476562500e+00 5.538496220211656940e-02
2.592979907989501953e+00 9.831795560158347602e-02
2.593970060348510742e+00 1.694264768633203799e-02
2.601830005645751953e+00 1.021389649350744194e-01
2.605439901351928711e+00 9.372205563877801515e-02
2.611320018768310547e+00 1.564719784359362154e-01
2.612659931182861328e+00 4.457391325654593700e-02
2.615639925003051758e+00 4.829612503302045667e-02
2.617389917373657227e+00 1.950256518297227293e-01
2.620310068130493164e+00 4.721113235979185196e-02
2.638580083847045898e+00 5.227127946596386160e-02
2.670480012893676758e+00 1.391069045889708755e-01
2.689529895782470703e+00 2.054838963196620738e-01
2.695689916610717773e+00 2.209783591181542772e-01
2.708470106124877930e+00 8.661890542621666911e-02
2.717210054397583008e+00 7.592847999181087659e-02
2.730829954147338867e+00 5.565862064497221345e-02
2.731139898300170898e+00 3.200772120764965728e-02
2.732559919357299805e+00 8.570194473762227094e-02
2.733180046081542969e+00 1.287375070310113334e-01
2.738579988479614258e+00 8.737068308589364118e-01
2.748369932174682617e+00 3.640123450053679433e-01
2.760339975357055664e+00 6.249368768785459188e-02
2.779200077056884766e+00 3.004575303361158023e-02
2.784240007400512695e+00 1.412623497530217376e-01
2.793499946594238281e+00 3.204155548825370070e-02
2.794569969177246094e+00 1.879617764935045954e-02
2.800189971923828125e+00 5.331672496930923988e-02
2.801379919052124023e+00 3.654999869812414898e-02
2.801640033721923828e+00 9.676694097533750094e-02
2.802289962768554688e+00 1.969377118940504601e-01
2.806269884109497070e+00 7.506196758264198354e-02
2.807549953460693359e+00 6.721280892931204287e-02
2.815099954605102539e+00 1.762176163421290409e-02
2.815170049667358398e+00 7.230772445704145013e-02
2.816119909286499023e+00 1.867039922717431827e-02
2.817749977111816406e+00 6.432957003203118584e-02
2.817950010299682617e+00 7.000987575990239020e-02
2.818360090255737305e+00 1.671817018378538577e-01
2.820810079574584961e+00 3.020863968293596019e-02
2.841730117797851562e+00 5.424185318607525896e-02
2.843960046768188477e+00 8.765842551187907200e-03
2.851350069046020508e+00 6.416373431923701187e-02
2.854619979858398438e+00 3.873690381073732758e-02
2.866800069808959961e+00 3.355622696742363575e-02
2.867170095443725586e+00 7.157787256839709400e-02
2.872659921646118164e+00 9.846071777738618636e-02
2.876369953155517578e+00 1.400994928907933756e-01
2.898659944534301758e+00 3.921079241793022641e-02
2.910909891128540039e+00 1.314554838737153342e-01
2.932830095291137695e+00 3.297170049335655662e-02
2.935309886932373047e+00 2.732249037775252298e-01
2.938620090484619141e+00 6.374501264212549534e-02
2.939429998397827148e+00 8.921387668114319491e-02
2.939539909362792969e+00 2.836488265278733212e-02
2.939709901809692383e+00 4.304383201268566217e-02
2.944669961929321289e+00 3.151480505030185286e-02
2.945790052413940430e+00 1.559448439402873546e-02
2.948060035705566406e+00 7.157330821209038907e-02
2.951580047607421875e+00 6.181374335408691689e-02
2.954560041427612305e+00 1.002843060482312698e-01
2.961780071258544922e+00 1.789573744936029387e-02
2.962840080261230469e+00 5.910564846149976570e-02
2.964659929275512695e+00 4.120362815905305454e-02
2.968310117721557617e+00 4.097355743989554155e-01
2.972520112991333008e+00 1.388842969132063065e-01
2.976140022277832031e+00 1.122152601637298602e-01
2.982049942016601562e+00 1.429754422950992865e-01
2.982100009918212891e+00 1.505220315277683019e-01
2.987149953842163086e+00 4.097803747839238314e-02
2.991440057754516602e+00 5.725785890535078915e-02
3.008229970932006836e+00 7.976171810674509421e-02
3.008389949798583984e+00 1.054112673068007822e-01
3.019399881362915039e+00 2.689557261843362190e-01
3.023230075836181641e+00 3.601765692231756466e-02
3.033859968185424805e+00 1.035880409831439752e-01
3.034990072250366211e+00 3.931971121406421105e-02
3.044790029525756836e+00 7.908863509060010122e-02
3.045140027999877930e+00 7.934232854405880164e-02
3.075330018997192383e+00 2.090052538213389988e-01
3.139329910278320312e+00 7.122669536271641899e-02
3.140280008316040039e+00 6.896596092236779996e-02
3.149580001831054688e+00 7.245498347901140057e-02
3.150039911270141602e+00 2.013093189411374953e-02
3.152990102767944336e+00 5.185901266187108866e-02
3.156069993972778320e+00 2.081452630432955309e-01
3.157900094985961914e+00 7.553566263791200441e-02
3.167049884796142578e+00 3.861259760324523699e-02
3.168679952621459961e+00 2.300942238229737244e-02
3.169080018997192383e+00 1.286329095018224657e-02
3.171350002288818359e+00 9.426988526997449880e-02
3.179130077362060547e+00 1.294212411475266153e-02
3.180749893188476562e+00 1.904560869342679028e-02
3.187109947204589844e+00 3.396207758983438296e-02
3.188129901885986328e+00 6.442267880502348942e-02
3.188349962234497070e+00 5.612240653000845347e-02
3.192039966583251953e+00 3.005382143991616045e-02
3.192529916763305664e+00 1.310076292664054953e-01
3.198620080947875977e+00 6.184871493072011117e-02
3.199059963226318359e+00 7.712042370885428821e-02
3.201780080795288086e+00 6.467820778677277338e-02
3.211819887161254883e+00 4.318525325858123959e-02
3.212650060653686523e+00 9.376875710972840117e-02
3.220550060272216797e+00 6.996122408434538031e-02
3.294810056686401367e+00 2.171741427888623233e-01
3.295469999313354492e+00 7.801867510245298620e-02
3.300400018692016602e+00 1.667289345038690251e-01
3.304749965667724609e+00 4.308268117740651770e-02
3.313940048217773438e+00 1.315751773601479546e-01
3.314429998397827148e+00 9.632567000415873104e-02
3.323810100555419922e+00 2.064707583858585993e-01
3.336869955062866211e+00 3.477333745031072620e-01
3.350339889526367188e+00 5.209518151674098416e-03
3.361710071563720703e+00 4.403288836197172956e-02
3.377269983291625977e+00 1.263964816905121247e-01
3.378900051116943359e+00 7.715899176864296494e-02
3.380239963531494141e+00 1.311160997634918009e-02
3.384700059890747070e+00 3.717406712328698987e-02
3.389739990234375000e+00 5.615596123838101361e-02
3.391060113906860352e+00 5.794480261768780727e-02
3.392119884490966797e+00 7.983777335765930572e-02
3.393500089645385742e+00 1.717824579144832178e-02
3.394759893417358398e+00 1.538524938338598977e-02
3.397469997406005859e+00 9.221054627922070646e-02
3.398430109024047852e+00 3.420884725183184066e-02
3.402790069580078125e+00 4.746585415042300221e-02
3.403409957885742188e+00 9.000835119479702606e-02
3.405240058898925781e+00 1.732713188448805064e-01
3.406130075454711914e+00 1.952243690414639382e-02
3.406949996948242188e+00 3.384453445435669366e-02
3.411230087280273438e+00 4.466213101653117301e-02
3.414289951324462891e+00 1.614561361990248800e-01
3.419329881668090820e+00 2.194452580958383345e-02
3.427750110626220703e+00 2.228425988743978556e-02
3.441730022430419922e+00 1.008763248187881378e-01
3.442480087280273438e+00 4.931132026879051639e-02
3.454530000686645508e+00 4.061240114801951961e-02
3.478729963302612305e+00 2.416322909910327832e-01
3.484539985656738281e+00 2.268877116423696771e-02
3.487319946289062500e+00 1.702216619261615743e-02
3.505170106887817383e+00 2.021082223428839753e-01
3.520750045776367188e+00 2.004542737612458325e-01
3.527719974517822266e+00 3.182187794832586764e-02
3.532249927520751953e+00 1.350184577667698227e-01
3.532680034637451172e+00 3.947136721501596363e-02
3.533809900283813477e+00 1.146854386661012720e-01
3.535039901733398438e+00 3.119865374633683935e-02
3.535890102386474609e+00 5.860642159181306265e-02
3.536380052566528320e+00 3.948292096408407836e-01
3.537499904632568359e+00 1.364941104156753605e-02
3.544480085372924805e+00 2.383678656821579256e-02
3.555809974670410156e+00 5.700019306044894207e-02
3.558530092239379883e+00 9.282668472140295779e-02
3.566149950027465820e+00 1.075937966122986374e-02
3.566699981689453125e+00 8.884157410792462017e-02
3.568049907684326172e+00 6.668671404005441228e-02
3.568239927291870117e+00 4.686184115382131116e-02
3.571899890899658203e+00 1.224626698507603750e-01
3.573210000991821289e+00 5.851716675446428512e-02
3.573640108108520508e+00 2.763887614683954719e-01
3.578370094299316406e+00 7.458403131102503414e-02
3.581330060958862305e+00 1.120304385316610030e-01
3.589440107345581055e+00 5.746872825603267787e-02
3.597100019454956055e+00 1.005139191398522619e-01
3.616780042648315430e+00 8.720914493604996209e-02
3.618499994277954102e+00 7.673645718637400748e-02
3.638770103454589844e+00 3.832504156974704534e-02
3.639669895172119141e+00 1.950876448090346771e-01
3.640399932861328125e+00 5.203792646483300366e-02
3.646519899368286133e+00 4.590981272522010742e-02
3.647409915924072266e+00 6.468869200053348201e-02
3.678669929504394531e+00 2.111405472352487489e-01
3.735349893569946289e+00 7.723208368458517326e-02
3.740509986877441406e+00 3.545528746430271633e-02
3.757829904556274414e+00 9.659610851521620301e-02
3.761179924011230469e+00 2.345963113096001251e-01
3.761770009994506836e+00 1.558530376715204779e-01
3.762520074844360352e+00 1.086303196793287212e-01
3.767280101776123047e+00 1.289120679897388377e-01
3.771320104598999023e+00 2.363965098920982680e-02
3.773319959640502930e+00 1.274565078666130558e-01
3.773799896240234375e+00 1.246857876173174395e-01
3.774610042572021484e+00 1.428566459911796149e-01
3.777090072631835938e+00 1.393724010903732435e-01
3.777349948883056641e+00 2.510773901115790491e-02
3.778500080108642578e+00 1.125304486876281818e-01
3.783829927444458008e+00 8.792070805964295743e-02
3.783829927444458008e+00 3.771456311773885295e-02
3.784169912338256836e+00 3.739464300544952796e-02
3.786220073699951172e+00 3.301638209741303287e-01
3.787080049514770508e+00 8.685141678833417644e-02
3.789299964904785156e+00 9.419283165445667405e-02
3.800750017166137695e+00 1.201189760104411919e-01
3.809099912643432617e+00 7.206582675382164349e-02
3.815129995346069336e+00 4.668765515153153189e-02
3.822050094604492188e+00 7.755214043385824652e-02
3.890830039978027344e+00 1.003170135403552710e-01
3.896939992904663086e+00 1.832131945853866517e-01
3.901329994201660156e+00 1.746969623328031296e-01
3.915369987487792969e+00 1.094729511481823542e-01
3.917959928512573242e+00 1.170280737903161977e-01
3.927930116653442383e+00 7.364222391011783497e-02
3.940799951553344727e+00 9.999736150374369248e-02
3.942209959030151367e+00 5.354680808361235445e-02
3.956579923629760742e+00 6.621558272934462142e-02
3.964050054550170898e+00 3.101489611552677994e-01
3.967469930648803711e+00 9.214593807276579007e-02
3.976949930191040039e+00 7.198957782040905917e-02
3.979579925537109375e+00 5.495382520426746187e-02
3.984469890594482422e+00 5.056309780484422034e-02
3.991359949111938477e+00 3.914218090743874084e-02
3.994489908218383789e+00 6.770978084523691931e-02
3.996279954910278320e+00 1.552974208558884246e-02
3.999739885330200195e+00 1.381285982235177512e-01
3.999769926071166992e+00 1.380228578543936935e-01
4.001249790191650391e+00 1.212190141674334837e-01
4.001339912414550781e+00 8.199561344624359260e-02
4.004650115966796875e+00 1.891353700770921631e-01
4.006110191345214844e+00 3.259267468616273283e-02
4.010149955749511719e+00 8.241720470966971968e-02
4.014890193939208984e+00 2.714188433762226155e-02
4.018980026245117188e+00 2.550468663782714390e-02
4.019390106201171875e+00 8.581009125706919038e-02
4.019909858703613281e+00 1.022050244556517301e-01
4.023320198059082031e+00 8.880042106927284185e-02
4.028659820556640625e+00 1.052096487170716410e-01
4.029829978942871094e+00 3.462045415592632236e-02
4.033339977264404297e+00 1.841144841254788167e-02
4.075660228729248047e+00 1.426405067958728679e-01
4.084179878234863281e+00 3.070318912138981018e-02
4.094779968261718750e+00 2.253698015397347099e-02
4.097869873046875000e+00 3.348890595428762745e-02
4.106919765472412109e+00 6.991985071204948055e-02
4.121550083160400391e+00 1.300573753462096471e-01
4.124179840087890625e+00 4.016174297884188976e-02
4.125120162963867188e+00 6.008805864434163535e-02
4.126140117645263672e+00 2.941738956339924951e-02
4.127120018005371094e+00 5.261739831571918269e-02
4.133049964904785156e+00 4.009589961588792828e-02
4.135690212249755859e+00 1.107984821674012910e-01
4.149970054626464844e+00 8.059645626071552937e-02
4.150700092315673828e+00 2.488599492886697448e-02
4.151629924774169922e+00 7.235220748713327987e-02
4.156640052795410156e+00 1.831823815161771618e-01
4.159329891204833984e+00 3.386173587360097326e-02
4.161530017852783203e+00 2.655487592356638171e-02
4.164800167083740234e+00 2.357254043049939254e-02
4.165520191192626953e+00 2.056138906181312342e-02
4.165890216827392578e+00 1.328662055176876855e-01
4.166950225830078125e+00 1.280488069387094030e-01
4.167449951171875000e+00 4.032330129066245827e-02
4.171840190887451172e+00 7.296683594972451503e-02
4.173299789428710938e+00 3.546194441800260000e-02
4.183030128479003906e+00 1.102094160110999449e-01
4.188000202178955078e+00 7.548102589037326837e-02
4.193160057067871094e+00 2.695896967367121255e-01
4.229129791259765625e+00 5.786386039117280555e-02
4.231679916381835938e+00 7.594913620278771760e-02
4.237740039825439453e+00 6.369902000469648828e-02
4.239369869232177734e+00 3.447010578794895003e-02
4.239550113677978516e+00 1.350417996614535487e-01
4.239830017089843750e+00 1.671724086336601189e-01
4.255720138549804688e+00 2.505617800133494999e-01
4.269430160522460938e+00 9.374567556676120794e-02
4.319880008697509766e+00 1.457071593944604948e-01
4.328639984130859375e+00 4.084101103020110757e-01
4.346250057220458984e+00 1.000046213807375961e-01
4.348820209503173828e+00 9.357838712350520505e-02
4.351950168609619141e+00 1.327303596746378100e-01
4.355269908905029297e+00 3.887073169026400987e-01
4.356150150299072266e+00 4.030675182208270230e-02
4.359310150146484375e+00 5.025234729199553468e-02
4.359970092773437500e+00 9.249547470632762947e-02
4.362080097198486328e+00 4.995382750871543709e-02
4.364940166473388672e+00 4.154868491798090202e-02
4.365650177001953125e+00 3.870196044554551074e-02
4.366219997406005859e+00 6.305757456787754178e-02
4.366409778594970703e+00 4.912535605548126738e-02
4.367400169372558594e+00 2.522064504015952488e-02
4.373449802398681641e+00 2.081193322092239339e-01
4.377520084381103516e+00 6.432686147433470947e-02
4.386139869689941406e+00 7.841615110324981486e-02
4.386809825897216797e+00 7.582083205158440808e-02
4.388380050659179688e+00 7.296187474671522732e-02
4.389579772949218750e+00 8.054823654188257576e-02
4.390779972076416016e+00 5.205594695500831426e-02
4.398389816284179688e+00 2.461885108634134095e-02
4.402500152587890625e+00 7.645812473795826625e-01
4.492420196533203125e+00 1.468459065952975318e-01
4.500830173492431641e+00 2.821880435643000506e-01
4.517029762268066406e+00 3.308381848110759915e-02
4.517149925231933594e+00 2.726387539052568809e-01
4.519509792327880859e+00 1.950572280697644434e-01
4.519579887390136719e+00 1.376097324541348740e-02
4.525670051574707031e+00 2.995864647859183827e-02
4.541600227355957031e+00 8.378658416506921947e-02
4.550990104675292969e+00 3.826097751612022452e-02
4.556570053100585938e+00 2.120115118627582951e-01
4.558460235595703125e+00 3.112523679155743128e-02
4.559500217437744141e+00 8.872719472732423784e-02
4.570459842681884766e+00 7.671968663338624150e-02
4.575409889221191406e+00 7.599688308237838308e-02
4.583399772644042969e+00 8.460199680103080988e-02
4.584430217742919922e+00 4.498907827312530888e-02
4.588260173797607422e+00 9.590457420896460194e-02
4.589940071105957031e+00 8.498510396540361889e-01
4.592309951782226562e+00 1.077745661176462283e-01
4.593170166015625000e+00 8.370867523762223206e-01
4.596710205078125000e+00 3.335590614140694632e-02
4.598340034484863281e+00 5.107026907328374513e-03
4.600240230560302734e+00 7.964573006179714865e-02
4.600309848785400391e+00 2.855751462058282730e-02
4.601600170135498047e+00 4.644387224341390424e-02
4.604579925537109375e+00 9.133607490807610363e-02
4.605040073394775391e+00 2.226840800735453707e-02
4.607580184936523438e+00 5.732178591805693613e-02
4.616119861602783203e+00 2.586246552110353994e-02
4.616899967193603516e+00 7.566704804896118297e-02
4.618760108947753906e+00 1.427710030601080371e-01
4.633860111236572266e+00 1.383239543044095521e-01
4.657710075378417969e+00 2.916476466607021562e-02
4.659649848937988281e+00 4.370861716830184429e-01
4.691939830780029297e+00 1.447273592896500538e-01
4.694220066070556641e+00 2.747069322518789353e-02
4.703179836273193359e+00 4.634731454893975533e-02
4.708769798278808594e+00 9.412515698434487099e-02
4.714990139007568359e+00 4.268956807580985557e-02
4.719359874725341797e+00 3.551093412348967082e-02
4.721600055694580078e+00 1.506837260917414101e-01
4.721769809722900391e+00 5.324340567882198533e-02
4.724669933319091797e+00 5.794400282496435517e-02
4.726850032806396484e+00 7.222117076401501912e-02
4.735559940338134766e+00 2.237411391250285486e-01
4.738979816436767578e+00 1.281987427317843320e-01
4.743969917297363281e+00 5.135670692278396232e-02
4.744830131530761719e+00 6.692292705129535002e-02
4.747459888458251953e+00 9.535972599352732226e-02
4.748209953308105469e+00 2.986013520408989722e-02
4.749489784240722656e+00 8.440746412537122878e-02
4.749720096588134766e+00 9.638737499175309420e-02
4.751890182495117188e+00 8.083825215911072393e-02
4.763820171356201172e+00 1.039642981158057228e-01
4.764430046081542969e+00 1.565679522689324976e-01
4.765490055084228516e+00 4.845765467294531337e-02
4.770589828491210938e+00 4.060441094193344841e-02
4.772490024566650391e+00 4.996076992614845169e-02
4.792970180511474609e+00 2.832564508101481637e-01
4.799930095672607422e+00 6.119163306970948346e-02
4.806240081787109375e+00 1.025594486883969897e-01
4.825419902801513672e+00 2.701692510231546579e-02
4.828939914703369141e+00 8.905693703110947879e-02
4.831840038299560547e+00 2.178754269697833965e-02
4.853479862213134766e+00 3.041278326107297800e-02
4.853899955749511719e+00 9.287624108072026208e-02
4.855519771575927734e+00 1.565821824052325839e-01
4.884220123291015625e+00 2.170827884439531508e-01
4.892149925231933594e+00 9.184467227853068683e-02
4.910649776458740234e+00 8.323553433934592627e-02
4.915929794311523438e+00 1.017012954480137343e-01
4.931640148162841797e+00 6.999922630795345213e-02
4.938660144805908203e+00 9.457108269904479503e-02
4.941020011901855469e+00 1.169651620308093248e-01
4.941349983215332031e+00 5.064508558596896026e-02
4.952980041503906250e+00 9.674043332207142576e-02
4.960289955139160156e+00 9.229301158801714311e-02
4.961400032043457031e+00 1.405050585423588648e-02
4.961490154266357422e+00 8.814834647839955850e-02
4.963170051574707031e+00 6.902296073361814666e-02
4.964439868927001953e+00 3.018393161973027539e-01
4.972149848937988281e+00 4.963108446567917470e-02
4.978940010070800781e+00 1.254760481404967321e-01
4.979660034179687500e+00 1.330018110330149356e-02
4.988989830017089844e+00 2.957312412247388445e-02
4.990039825439453125e+00 1.561267105742996097e-01
4.990920066833496094e+00 8.834978592333721237e-02
4.993919849395751953e+00 1.003829239858949202e-01
4.995790004730224609e+00 1.035448600364030775e-01
4.999839782714843750e+00 3.457355881992606877e-02
5.002799987792968750e+00 5.362935675902705257e-02
5.005949974060058594e+00 3.844811405606504695e-02
5.061490058898925781e+00 1.278967224230268818e-01
5.093249797821044922e+00 2.264913990023809665e-01
5.098509788513183594e+00 5.243432198655064713e-01
5.113589763641357422e+00 1.310122946511065589e-01
5.121580123901367188e+00 7.736224348993181454e-02
5.122399806976318359e+00 1.766694278081540614e-01
5.124670028686523438e+00 1.333442864892815313e-02
5.136519908905029297e+00 2.421936254322695770e-02
5.137000083923339844e+00 7.110621159541546943e-02
5.148159980773925781e+00 1.078007287124797958e-01
5.155129909515380859e+00 3.506506130907078439e-02
5.156420230865478516e+00 2.652298721492378497e-02
5.163000106811523438e+00 7.115607957773543990e-02
5.175010204315185547e+00 2.479604693968773949e-02
5.175779819488525391e+00 1.423522371958990673e-01
5.176050186157226562e+00 7.500433541746148736e-02
5.179749965667724609e+00 1.603913370297863628e-01
5.183310031890869141e+00 1.330378107564990919e-01
5.183509826660156250e+00 9.533293752676516575e-02
5.190780162811279297e+00 3.316417811046446645e-02
5.192359924316406250e+00 4.722932892997809551e-02
5.193369865417480469e+00 1.103146386943375662e-01
5.195789813995361328e+00 2.765776477479264112e-02
5.197000026702880859e+00 3.679939002453226637e-02
5.198090076446533203e+00 1.339250906427614796e-01
5.198870182037353516e+00 3.057009661571947340e-02
5.202670097351074219e+00 1.762409323874275860e-02
5.209169864654541016e+00 1.977148162799357428e-02
5.227590084075927734e+00 6.709221519049812787e-02
5.228919982910156250e+00 2.794095138490071059e-02
5.236629962921142578e+00 1.079127292515241754e-01
5.237880229949951172e+00 2.072249077925137142e-02
5.260179996490478516e+00 1.638189295780194676e-01
5.267399787902832031e+00 8.855727939440043162e-02
5.280610084533691406e+00 6.394611806765439221e-02
5.288330078125000000e+00 1.390725576529868723e-01
5.302410125732421875e+00 9.513819895337292942e-02
5.302750110626220703e+00 2.341402146228301756e-02
5.310239791870117188e+00 1.536188827271467265e-02
5.315000057220458984e+00 7.583376683581573297e-02
5.327169895172119141e+00 1.607044710204165797e-02
5.327919960021972656e+00 5.964234890638351466e-02
5.328939914703369141e+00 9.576041272180989272e-02
5.332079887390136719e+00 4.978861549662649821e-02
5.335509777069091797e+00 7.856376045781381101e-02
5.339749813079833984e+00 4.476320050782384152e-02
5.340139865875244141e+00 2.608976626891642420e-02
5.342249870300292969e+00 1.844828605497741136e-01
5.347869873046875000e+00 3.132633237196108533e-02
5.348130226135253906e+00 5.418234264367574604e-02
5.351379871368408203e+00 1.043028707400384114e-01
5.352300167083740234e+00 6.742098913052498033e-02
5.353839874267578125e+00 3.103422979522298120e-02
5.360789775848388672e+00 3.591914322198795639e-02
5.365039825439453125e+00 1.872459019259056084e-02
5.367430210113525391e+00 2.210697867582727683e-01
5.369200229644775391e+00 1.476549426738273940e-01
5.375510215759277344e+00 2.210691654922812277e-01
5.379089832305908203e+00 8.736121566654969639e-02
5.379710197448730469e+00 9.473395613024693240e-02
5.382579803466796875e+00 9.838136299933927797e-02
5.391809940338134766e+00 8.557226516829118113e-02
5.398250102996826172e+00 2.160822899447259818e-02
5.403960227966308594e+00 1.209113310062386593e-01
5.415729999542236328e+00 1.227375348800462118e-02
5.422430038452148438e+00 2.566362166169142700e-01
5.448289871215820312e+00 6.266576035236490205e-02
5.451799869537353516e+00 3.246391828346063546e-01
5.513209819793701172e+00 1.829195160047907831e-01
5.514949798583984375e+00 3.871847918120960297e-02
5.532869815826416016e+00 1.631438209482411611e-02
5.534540176391601562e+00 9.696645834639947004e-02
5.537610054016113281e+00 5.963207237755904777e-02
5.539209842681884766e+00 1.341028798373389563e-01
5.547379970550537109e+00 7.064336810151709833e-02
5.556009769439697266e+00 1.384552051266352835e-01
5.560510158538818359e+00 3.622937000459790918e-02
5.566460132598876953e+00 5.361555680134837132e-02
5.567269802093505859e+00 8.221838742021805868e-02
5.570350170135498047e+00 5.023620240483190474e-02
5.573070049285888672e+00 2.878596294275743289e-02
5.580359935760498047e+00 3.774656805309979379e-01
5.581120014190673828e+00 8.784901066997131969e-02
5.581170082092285156e+00 2.643650678216248329e-01
5.582670211791992188e+00 6.247116266953706143e-02
5.585490226745605469e+00 3.782266446101677920e-02
5.587460041046142578e+00 1.562058753024340475e-02
5.589620113372802734e+00 8.456750532012476118e-02
5.591730117797851562e+00 3.804336143340221466e-02
5.599430084228515625e+00 2.939541776627841996e-01
5.611350059509277344e+00 7.572999487951370678e-02
5.630809783935546875e+00 8.088471309880841675e-02
5.666639804840087891e+00 1.746322279955023482e-01
5.668739795684814453e+00 8.978322672606456334e-02
5.689919948577880859e+00 7.408583574485838597e-02
5.693290233612060547e+00 8.794356369423987629e-02
5.695439815521240234e+00 9.624532302546937035e-02
5.701369762420654297e+00 1.672784236293140270e-01
5.724440097808837891e+00 1.112861161185098868e-01
5.726250171661376953e+00 9.323780033260617439e-02
5.736169815063476562e+00 1.625888211030692976e-01
5.738840103149414062e+00 6.184407403147129667e-02
5.745989799499511719e+00 1.167062731482472610e-01
5.762189865112304688e+00 1.967001292230925041e-02
5.762949943542480469e+00 7.268494946980061377e-02
5.765910148620605469e+00 3.816909519514276317e-02
5.772659778594970703e+00 7.411104145675492805e-02
5.773019790649414062e+00 2.441902217249807827e-01
5.774740219116210938e+00 2.039775965249062128e-01
5.776060104370117188e+00 4.880600063081851070e-02
5.780759811401367188e+00 2.525728695891738540e-01
5.782969951629638672e+00 3.132872741471708078e-02
5.786210060119628906e+00 1.539711024630410763e-01
5.788599967956542969e+00 2.828186034814057087e-02
5.789790153503417969e+00 2.744431939747645766e-01
5.798520088195800781e+00 1.516291689049658609e-01
5.800139904022216797e+00 7.794860658647909113e-02
5.804210186004638672e+00 1.445015934389500163e-02
5.806439876556396484e+00 1.492525383937689520e-01
5.818830013275146484e+00 8.790545085878605225e-02
5.826079845428466797e+00 1.184170778373256072e-01
5.827809810638427734e+00 2.285815481653772491e-02
5.829380035400390625e+00 1.646251606900058784e-01
5.840139865875244141e+00 4.032764293515277848e-02
5.840579986572265625e+00 3.588983386644762491e-02
5.858099937438964844e+00 2.751252973750582462e-02
5.858560085296630859e+00 8.197469414217951889e-02
5.873119831085205078e+00 7.812976446179745182e-02
5.897469997406005859e+00 1.848842193147307716e-02
5.904049873352050781e+00 2.152449653301637400e-01
5.907050132751464844e+00 1.212055525076109058e-01
5.913700103759765625e+00 5.313463287309015681e-02
5.916989803314208984e+00 9.197708379043702254e-02
5.919340133666992188e+00 1.306607641480778403e-01
5.927249908447265625e+00 5.265280432206802252e-02
5.927460193634033203e+00 8.690572065347577924e-02
5.932630062103271484e+00 1.698750510843676786e-01
5.933949947357177734e+00 1.577422891565734564e-01
5.934450149536132812e+00 3.083232213994616805e-02
5.942890167236328125e+00 4.012370006082069396e-02
5.945940017700195312e+00 1.941416796879320145e-02
5.948490142822265625e+00 2.887770785724717848e-02
5.949659824371337891e+00 8.971185472690540452e-02
5.949890136718750000e+00 3.641118467113754059e-02
5.952879905700683594e+00 1.305498737286728828e-01
5.952879905700683594e+00 2.379105592119264145e-02
5.953380107879638672e+00 1.891149558966976896e-01
5.953810214996337891e+00 3.403470172108931380e-02
5.954110145568847656e+00 4.218348989607127036e-02
5.955530166625976562e+00 5.756148836938562025e-02
5.973790168762207031e+00 2.375838115064261152e-02
5.994359970092773438e+00 2.872916713242962272e-02
5.994740009307861328e+00 3.030824828725363698e-02
5.997310161590576172e+00 1.310030522932560393e-01
5.997550010681152344e+00 1.236827199887192974e-01
6.000279903411865234e+00 8.094726044856247194e-02
6.031760215759277344e+00 1.150652483009963756e-01
6.034120082855224609e+00 7.908587387993437634e-02
6.034679889678955078e+00 2.863340105526481216e-01
6.038859844207763672e+00 1.125669477226617504e-01
6.107850074768066406e+00 1.698005943584841859e-01
6.118609905242919922e+00 1.496924295500591529e-01
6.124589920043945312e+00 8.674735159923038785e-02
6.127150058746337891e+00 8.232291869650984473e-02
6.127600193023681641e+00 9.428896715917560456e-03
6.132279872894287109e+00 4.703437451432452843e-01
6.134580135345458984e+00 2.063394091896776084e-01
6.136179924011230469e+00 1.122497946567976163e-02
6.148240089416503906e+00 5.142882189870334741e-02
6.152949810028076172e+00 3.754201225076056470e-02
6.154469966888427734e+00 3.031604995322628726e-02
6.155610084533691406e+00 6.903013975938386559e-02
6.162240028381347656e+00 4.904361336415857808e-02
6.163479804992675781e+00 4.725788289478188159e-02
6.164070129394531250e+00 1.202736539296839352e-01
6.166250228881835938e+00 8.082341048050069310e-02
6.169600009918212891e+00 5.083429652209754679e-02
6.169690132141113281e+00 1.834581060767688232e-01
6.174769878387451172e+00 3.938181578366571622e-02
6.182250022888183594e+00 3.939454240406742302e-02
6.183080196380615234e+00 2.471916047767359348e-01
6.186240196228027344e+00 2.109552508132736814e-01
6.187799930572509766e+00 2.641155470010257411e-01
6.215129852294921875e+00 5.995004518436101992e-02
6.263659954071044922e+00 1.093204120669750146e-01
6.264339923858642578e+00 1.385232660606786625e-01
6.271850109100341797e+00 1.160159420475189856e-01
6.275539875030517578e+00 1.201438498956961531e-01
6.297460079193115234e+00 5.470512037712432080e-02
6.309150218963623047e+00 1.150243930932304780e-02
6.311970233917236328e+00 3.388268588165015832e-02
6.321410179138183594e+00 4.332070139129211989e-02
6.339149951934814453e+00 1.874143579760413070e-01
6.351419925689697266e+00 1.477579531692804204e-01
6.353720188140869141e+00 1.193073065692103890e-01
6.358419895172119141e+00 7.457025673589402770e-02
6.362010002136230469e+00 5.363767196441505264e-02
6.362820148468017578e+00 8.346220723108397493e-03
6.365499973297119141e+00 3.566197133247921841e-02
6.368500232696533203e+00 3.397947716442796529e-02
6.368589878082275391e+00 2.351365175756481990e-02
6.372280120849609375e+00 3.354713288446221908e-02
6.373000144958496094e+00 4.952244441701940392e-02
6.376160144805908203e+00 1.823277374960711322e-02
6.377999782562255859e+00 3.933733644388838491e-02
6.379280090332031250e+00 5.577306826563786790e-02
6.382629871368408203e+00 1.849317755425080798e-02
6.387199878692626953e+00 1.582934697124789847e-01
6.387229919433593750e+00 4.535596085067573197e-02
6.387489795684814453e+00 5.416462736185418542e-02
6.388669967651367188e+00 2.091316227755352919e-01
6.389249801635742188e+00 5.248924303173017197e-02
6.410759925842285156e+00 1.605112139538979882e-02
6.421040058135986328e+00 4.551865332358442234e-02
6.424890041351318359e+00 1.085253358609767349e-01
6.425260066986083984e+00 6.324763862971405359e-02
6.426320075988769531e+00 7.660653539115606925e-02
6.434360027313232422e+00 5.847467796239368132e-02
6.434939861297607422e+00 1.416189133852685175e-02
6.436689853668212891e+00 1.812042785613296458e-01
6.479670047760009766e+00 1.242503410177159262e-01
6.492310047149658203e+00 1.961970282477422389e-01
6.500249862670898438e+00 2.299456782507259753e-02
6.501229763031005859e+00 1.262407099281825928e-01
6.503439903259277344e+00 2.861514901009869910e-02
6.513040065765380859e+00 1.029004163130138316e-01
6.514460086822509766e+00 2.466494926391076328e-02
6.517489910125732422e+00 8.969699056042808316e-02
6.523280143737792969e+00 5.699602590686769082e-02
6.529399871826171875e+00 7.878476170569307518e-03
6.533040046691894531e+00 3.223119089068194471e-02
6.533090114593505859e+00 2.722485751327395273e-02
6.544360160827636719e+00 3.430920007726084853e-02
6.547760009765625000e+00 9.840257342944050412e-02
6.548069953918457031e+00 5.489000073473764008e-02
6.548940181732177734e+00 1.194102484146938870e-01
6.550230026245117188e+00 2.235612835027641632e-01
6.552599906921386719e+00 7.019225458762201608e-02
6.554609775543212891e+00 1.831864567734590166e-01
6.556670188903808594e+00 1.321247570907362889e-01
6.557670116424560547e+00 1.252492235614546985e-02
6.560289859771728516e+00 1.336926870431021930e-01
6.560939788818359375e+00 9.172449458629446939e-01
6.565169811248779297e+00 2.458418961830799443e-01
6.567679882049560547e+00 7.574039073544305833e-02
6.569739818572998047e+00 4.188381231606516653e-01
6.570320129394531250e+00 6.671422845070190677e-02
6.596469879150390625e+00 1.000786005522409372e-01
6.608839988708496094e+00 8.434257036947377661e-02
6.609169960021972656e+00 9.487785935452128228e-02
6.616909980773925781e+00 2.204118377894234981e-01
6.631430149078369141e+00 2.279063428271489167e-01
6.705830097198486328e+00 9.330891982157525633e-02
6.709559917449951172e+00 5.369670961999110231e-02
6.719979763031005859e+00 4.497991704599944157e-02
6.720280170440673828e+00 2.918022744422691175e-02
6.729949951171875000e+00 5.758940709638252914e-02
6.732500076293945312e+00 1.450062112338285913e-01
6.737430095672607422e+00 9.886807147714635202e-02
6.739870071411132812e+00 9.462559491985282623e-02
6.745659828186035156e+00 5.710891499379638914e-02
6.751820087432861328e+00 2.348641326796738760e-01
6.752240180969238281e+00 7.245081347340287525e-02
6.757939815521240234e+00 2.404056549029428558e-01
6.758709907531738281e+00 3.215891315879147727e-02
6.762189865112304688e+00 2.657800544284039460e-02
6.764850139617919922e+00 6.615556210069251097e-02
6.770249843597412109e+00 8.705782538593366537e-03
6.770830154418945312e+00 6.127087076637102031e-02
6.773270130157470703e+00 1.813821179927229410e-01
6.776060104370117188e+00 5.395198513797960782e-02
6.778689861297607422e+00 2.723155613264350086e-02
6.779789924621582031e+00 4.908129730454910966e-01
6.782050132751464844e+00 5.409614064431540748e-02
6.800230026245117188e+00 4.834198519445724596e-02
6.811510086059570312e+00 9.819310276999297926e-01
6.828390121459960938e+00 9.653688958445909296e-02
6.829179763793945312e+00 4.861744700355317694e-01
6.864689826965332031e+00 1.699091724624688937e-01
6.868879795074462891e+00 1.167231922546532880e-01
6.871429920196533203e+00 9.756860173740165842e-02
6.890860080718994141e+00 5.784566211788043366e-02
6.904870033264160156e+00 3.936740199915409605e-02
6.909220218658447266e+00 2.358248345188395170e-02
6.919179916381835938e+00 1.021718204056100560e-01
6.919479846954345703e+00 1.070353615898826244e-01
6.929029941558837891e+00 9.265722462715739183e-02
6.945390224456787109e+00 2.725173003030730012e-02
6.945610046386718750e+00 3.152794344658567394e-02
6.949940204620361328e+00 1.473735497310118929e-02
6.953040122985839844e+00 4.392460932620753100e-01
6.961780071258544922e+00 9.996720807589402902e-02
6.965169906616210938e+00 2.311826868302434002e-01
6.965209960937500000e+00 1.036961754227747334e-01
6.968999862670898438e+00 7.857313889420158501e-03
6.973070144653320312e+00 3.295911108794989663e-02
6.983079910278320312e+00 2.659223361391599080e-02
6.983890056610107422e+00 1.256692629876323686e-01
6.987319946289062500e+00 2.088612957991698993e-01
6.996029853820800781e+00 7.289560142304196688e-02
6.998419761657714844e+00 1.069926291079263403e-01
6.998579978942871094e+00 8.720183185083496546e-02
7.000639915466308594e+00 7.016050697359458611e-04
7.001090049743652344e+00 4.903531712515771246e-02
7.001860141754150391e+00 5.252266022208636198e-02
7.008329868316650391e+00 3.573823725461584555e-01
7.008659839630126953e+00 9.363883883042263545e-02
7.010550022125244141e+00 4.817262679425807909e-02
7.011559963226318359e+00 7.470273396402633825e-02
7.019680023193359375e+00 1.466137061848333221e-02
7.052700042724609375e+00 1.810634523685503844e-02
7.054830074310302734e+00 8.378004866369272163e-02
7.067259788513183594e+00 9.074331727292787864e-02
7.083559989929199219e+00 6.395073517776654615e-02
7.084050178527832031e+00 6.620801612001792069e-02
7.089910030364990234e+00 4.559602722087456594e-02
7.090779781341552734e+00 4.966479994176963703e-02
7.097420215606689453e+00 5.862820119070310393e-02
7.109029769897460938e+00 1.320115042663496940e-01
7.109630107879638672e+00 7.119753336932831134e-02
7.116529941558837891e+00 1.577426594395609227e-01
7.117750167846679688e+00 3.708935421205024341e-02
7.120960235595703125e+00 4.037403089967400022e-02
7.124639987945556641e+00 1.615919588158942766e-02
7.125100135803222656e+00 1.634567142880549370e-02
7.128499984741210938e+00 9.075890440915967972e-02
7.128789901733398438e+00 2.794339625785294962e-02
7.131070137023925781e+00 3.457034177865572766e-02
7.131680011749267578e+00 6.889770202632259852e-03
7.142220020294189453e+00 4.374846791337756724e-02
7.142340183258056641e+00 6.782581796311426547e-02
7.145009994506835938e+00 1.239224068684400409e-01
7.154860019683837891e+00 2.573790455407905589e-02
7.155519962310791016e+00 1.921630577704036003e-01
7.160240173339843750e+00 9.871218258616534791e-02
7.163529872894287109e+00 7.213575365906755854e-01
7.167990207672119141e+00 1.148616414527841856e-01
7.181409835815429688e+00 1.528368653336466543e-01
7.189750194549560547e+00 4.244246296284697600e-02
7.198050022125244141e+00 2.280876553101494897e-01
7.203479766845703125e+00 2.045294198892736171e-01
7.204400062561035156e+00 3.230444003885935000e-02
7.207459926605224609e+00 9.036044169499961309e-02
7.209290027618408203e+00 1.994643665452038583e-01
7.296199798583984375e+00 4.330682988124480437e-02
7.299749851226806641e+00 1.165726296170470078e-01
7.301020145416259766e+00 1.679255990464403325e-01
7.312849998474121094e+00 1.924515905504383118e-01
7.314670085906982422e+00 4.785378045726562113e-01
7.323319911956787109e+00 7.894400416063278303e-02
7.325640201568603516e+00 1.105264663234072631e-01
7.327089786529541016e+00 1.890333737855013629e-01
7.328760147094726562e+00 4.440043525324223472e-02
7.332170009613037109e+00 3.876012464426275422e-02
7.335070133209228516e+00 2.116376152598540769e-02
7.336150169372558594e+00 1.144834623811576968e-01
7.336299896240234375e+00 3.865011804340189733e-02
7.336860179901123047e+00 1.053972920455244905e-01
7.336870193481445312e+00 4.651759340050825448e-02
7.345799922943115234e+00 6.761616298249689683e-02
7.351490020751953125e+00 1.405150261509962029e-01
7.361030101776123047e+00 1.751078161122120724e-01
7.361480236053466797e+00 5.679731483408655135e-02
7.363490104675292969e+00 4.327950585763905011e-01
7.367819786071777344e+00 4.752952540809991799e-02
7.373990058898925781e+00 2.978182853970580760e-02
7.395480155944824219e+00 8.351657283594118852e-02
7.397140026092529297e+00 1.073002744534429787e-01
7.428959846496582031e+00 1.108178559073184077e-01
7.458899974822998047e+00 2.930685675094032300e-02
7.460879802703857422e+00 8.514525270976086579e-02
7.462240219116210938e+00 7.553658075940493377e-02
7.473219871520996094e+00 6.020078138943471546e-02
7.478479862213134766e+00 2.015392424975348262e-01
7.481160163879394531e+00 2.020150688396807337e-02
7.484640121459960938e+00 2.697667562644971706e-02
7.513929843902587891e+00 5.635837445539106788e-02
7.521649837493896484e+00 5.331886406923610350e-02
7.527210235595703125e+00 4.023903730688267455e-01
7.535980224609375000e+00 1.207615790604494588e-01
7.537590026855468750e+00 8.402049341298713225e-02
7.539690017700195312e+00 4.903894025639120996e-02
7.539740085601806641e+00 7.474022100045231431e-02
7.546810150146484375e+00 7.490738221740901592e-02
7.547460079193115234e+00 5.086087695035544642e-02
7.550519943237304688e+00 1.032423744700767219e-02
7.551439762115478516e+00 2.146367704280065236e-02
7.557640075683593750e+00 9.470649005984821400e-03
7.560249805450439453e+00 9.010498516224671461e-02
7.566180229187011719e+00 6.504057563523567807e-03
7.568399906158447266e+00 2.326795265787408307e-02
7.569180011749267578e+00 1.141412606147021724e-01
7.571189880371093750e+00 5.010679979101780729e-02
7.574999809265136719e+00 2.866094468641008225e-02
7.575570106506347656e+00 1.289072388902897381e-01
7.576859951019287109e+00 9.117942629453916481e-02
7.580220222473144531e+00 6.180759211545643755e-02
7.581850051879882812e+00 1.314856632143487081e-01
7.584980010986328125e+00 4.013571913015106379e-02
7.595399856567382812e+00 1.730384096234643260e-02
7.600550174713134766e+00 1.265368174768739529e-01
7.603600025177001953e+00 1.798716743812258864e-02
7.610219955444335938e+00 1.728135334058466741e-02
7.643569946289062500e+00 8.728921564510475420e-03
7.647419929504394531e+00 2.037940996925284576e-01
7.663380146026611328e+00 4.526723848958291024e-02
7.672410011291503906e+00 8.552256449572349928e-02
7.681220054626464844e+00 9.011410543154550756e-02
7.690959930419921875e+00 5.059614678738216798e-02
7.691709995269775391e+00 1.758577877985738891e-01
7.697760105133056641e+00 7.263982483348693786e-02
7.703670024871826172e+00 9.366018969183018128e-02
7.703750133514404297e+00 1.396737133358163796e-01
7.705979824066162109e+00 8.832049771812478314e-03
7.706019878387451172e+00 1.987853255604559582e-02
7.706329822540283203e+00 3.715248237517868729e-02
7.706439971923828125e+00 4.478967628089203928e-02
7.707389831542968750e+00 1.089754524646339012e-01
7.712470054626464844e+00 5.471195591259928742e-02
7.713950157165527344e+00 8.002819945216925468e-02
7.717470169067382812e+00 1.242216974125872758e-01
7.721610069274902344e+00 2.631302345347725710e-02
7.721899986267089844e+00 1.428808103511572739e-02
7.737100124359130859e+00 4.992514559373660565e-02
7.737440109252929688e+00 1.265171664428507148e-01
7.741980075836181641e+00 4.054759034054099959e-02
7.756269931793212891e+00 2.489589922956411405e-01
7.760650157928466797e+00 7.779966581991756835e-02
7.761159896850585938e+00 5.760456280040858468e-02
7.770780086517333984e+00 3.011127117942832485e-02
7.775640010833740234e+00 1.227632611360629372e-01
7.775640010833740234e+00 5.552830487941340376e-01
7.776159763336181641e+00 3.728366548055820906e-01
7.777100086212158203e+00 4.050952769072727055e-02
7.795609951019287109e+00 2.690307054053324709e-01
7.809199810028076172e+00 7.415609736180611700e-02
7.867619991302490234e+00 9.026523861382849956e-02
7.880109786987304688e+00 8.496944861307860475e-02
7.881740093231201172e+00 1.181158886778031075e-01
7.902140140533447266e+00 1.396483557311501700e-01
7.902349948883056641e+00 1.601626572409659000e-02
7.914700031280517578e+00 4.097814844070277185e-02
7.917240142822265625e+00 6.300871899976892565e-02
7.918129920959472656e+00 4.352048854751278117e-02
7.919819831848144531e+00 2.967229295408684367e-02
7.920030117034912109e+00 5.718737315594620008e-02
7.924860000610351562e+00 1.319539001746694862e-01
7.927549839019775391e+00 3.726206897266914897e-02
7.930079936981201172e+00 7.516761248503484039e-02
7.935800075531005859e+00 6.581420563557517645e-02
7.937160015106201172e+00 1.999288837921566267e-02
7.938670158386230469e+00 2.021578350409954442e-02
7.941180229187011719e+00 2.804417146111376491e-02
7.942609786987304688e+00 3.442488971225492189e-02
7.945849895477294922e+00 2.489180238029857495e-02
7.948510169982910156e+00 5.031684141538681626e-02
7.954549789428710938e+00 1.438323314756847875e-02
7.957809925079345703e+00 1.711476134462448784e-01
7.977159976959228516e+00 1.106689099656513325e-01
7.983719825744628906e+00 3.358040920972996668e-01
8.001020431518554688e+00 7.321899137942766700e-01
8.033309936523437500e+00 9.664082010885056973e-02
8.034959793090820312e+00 2.419152962796257134e-01
8.036600112915039062e+00 4.352220897992554183e-01
8.056969642639160156e+00 4.670822651026126926e-02
8.072979927062988281e+00 4.243391864015988446e-02
8.074870109558105469e+00 8.021025252085531299e-02
8.084870338439941406e+00 3.258547456041625823e-02
8.085809707641601562e+00 1.071712764427433656e-01
8.086400032043457031e+00 1.042344086417693189e-01
8.102800369262695312e+00 4.431104619325197669e-02
8.104749679565429688e+00 2.061790281802242802e-02
8.122699737548828125e+00 5.326892530460620306e-02
8.123009681701660156e+00 8.949523734959748122e-02
8.127510070800781250e+00 2.700703218050395232e-02
8.131179809570312500e+00 3.268756165473872821e-01
8.134639739990234375e+00 4.665472154943151040e-02
8.137470245361328125e+00 1.064607361005962399e-01
8.137940406799316406e+00 5.728923808698033367e-03
8.141059875488281250e+00 3.730862361915025793e-02
8.142040252685546875e+00 5.303129300777836147e-02
8.142270088195800781e+00 1.230533130958958027e-01
8.144530296325683594e+00 7.277653268092412753e-02
8.153610229492187500e+00 6.687011481961520343e-02
8.158040046691894531e+00 1.171908825461779602e-01
8.159480094909667969e+00 3.344927410542393453e-02
8.161499977111816406e+00 9.438829875852569606e-02
8.161589622497558594e+00 8.492176234059194140e-02
8.171050071716308594e+00 9.565514099104509282e-02
8.177289962768554688e+00 1.081507473033700290e-01
8.186479568481445312e+00 8.852978237564310127e-02
8.186949729919433594e+00 2.109948323905111445e-02
8.209970474243164062e+00 9.486848527774054129e-02
8.216580390930175781e+00 1.589637766454812806e-02
8.222080230712890625e+00 1.380820168520860147e-01
8.246109962463378906e+00 4.764185004307107396e-02
8.249620437622070312e+00 1.120283719653708543e-01
8.250240325927734375e+00 6.728088413739762019e-02
8.253700256347656250e+00 4.467858486794967776e-02
8.257710456848144531e+00 5.730738556894691971e-02
8.263219833374023438e+00 9.240045271341479349e-02
8.264269828796386719e+00 4.160136503503938932e-02
8.265819549560546875e+00 2.238325421475263755e-02
8.269009590148925781e+00 1.437217682886174873e-02
8.279479980468750000e+00 3.735355754892166757e-02
8.283980369567871094e+00 1.132530289245354538e-01
8.289460182189941406e+00 2.387179468060186827e-02
8.290490150451660156e+00 4.389403299802840941e-02
8.291760444641113281e+00 3.370337190573014646e-02
8.291999816894531250e+00 1.107469991882098909e-01
8.296420097351074219e+00 2.163416824206559064e-01
8.299220085144042969e+00 1.152985113134844149e-02
8.299559593200683594e+00 6.711945370919301934e-02
8.301329612731933594e+00 9.692530168239021915e-02
8.301830291748046875e+00 2.857843452637365278e-01
8.305089950561523438e+00 1.518145843487567759e-01
8.309619903564453125e+00 1.384383202325530082e-02
8.316220283508300781e+00 3.709530867881161847e-02
8.324720382690429688e+00 1.318513561058766159e-01
8.338100433349609375e+00 1.047838675320283963e-01
8.360369682312011719e+00 7.317322806764854637e-02
8.376899719238281250e+00 1.698699141327640605e-02
8.381589889526367188e+00 3.827370740752625983e-02
8.385829925537109375e+00 1.337803223364062988e-01
8.387350082397460938e+00 2.014740563638757476e-01
8.390810012817382812e+00 1.260000457532809703e-01
8.395380020141601562e+00 1.193346579132371910e-01
8.424309730529785156e+00 2.111683363580929840e-01
8.465929985046386719e+00 3.793742696692806171e-02
8.473790168762207031e+00 3.582915797857603307e-02
8.477069854736328125e+00 5.326069187508784830e-02
8.479700088500976562e+00 1.102991650188038797e+00
8.479980468750000000e+00 1.383924963519518603e-01
8.481519699096679688e+00 5.339691821633536783e-02
8.490300178527832031e+00 1.469431650873176676e-01
8.497730255126953125e+00 4.427717707079416136e-03
8.499380111694335938e+00 7.664531397254148448e-02
8.500539779663085938e+00 1.003769944014625964e-01
8.506079673767089844e+00 5.587652577377660856e-02
8.506699562072753906e+00 7.027891874219059642e-02
8.508250236511230469e+00 2.726127067139798021e-01
8.511899948120117188e+00 3.552403335633881609e-02
8.516799926757812500e+00 9.403865617275815048e-01
8.516850471496582031e+00 8.680392651238845458e-02
8.519829750061035156e+00 4.129890726276658902e-02
8.520190238952636719e+00 6.784230351257375391e-02
8.520210266113281250e+00 2.212919458722486243e-01
8.527569770812988281e+00 3.546185973404232094e-03
8.533459663391113281e+00 9.971206290904810476e-02
8.536820411682128906e+00 3.710050322168173542e-02
8.537560462951660156e+00 5.336561336831815994e-02
8.577489852905273438e+00 9.130816810319374033e-02
8.636599540710449219e+00 1.760496707094882374e-01
8.636759757995605469e+00 4.975847625285595432e-01
8.648289680480957031e+00 1.147986340545843059e-02
8.652190208435058594e+00 2.622273050636492880e-02
8.658220291137695312e+00 1.019207046534440220e-01
8.659790039062500000e+00 3.055579104654377459e-02
8.682399749755859375e+00 6.144439613223852403e-02
8.682950019836425781e+00 3.848445801613994965e-02
8.685319900512695312e+00 9.616202711544495629e-02
8.687520027160644531e+00 1.755700637102675654e-01
8.694800376892089844e+00 3.928763373621405042e-02
8.699790000915527344e+00 1.216063674801627914e-01
8.709739685058593750e+00 1.026472119272363315e-01
8.710479736328125000e+00 3.719229843518728068e-02
8.718890190124511719e+00 7.729494219930311827e-01
8.724490165710449219e+00 3.132059695716336856e-02
8.725680351257324219e+00 2.329217741607087291e-02
8.732069969177246094e+00 1.803411520100601725e-02
8.734439849853515625e+00 3.416961178797371657e-02
8.736590385437011719e+00 4.975652950287735854e-02
8.736650466918945312e+00 6.298934972707843916e-02
8.740850448608398438e+00 3.137793762487935817e-02
8.740880012512207031e+00 1.372202882635412680e-01
8.742110252380371094e+00 1.636923248996483005e-02
8.743590354919433594e+00 8.509690033144134969e-01
8.745470046997070312e+00 1.252489090726881527e-01
8.749939918518066406e+00 1.873946837033753920e-01
8.752249717712402344e+00 2.186939771670807220e-01
8.758370399475097656e+00 5.901289559401987767e-02
8.760749816894531250e+00 1.766211234316520162e+00
8.764869689941406250e+00 1.863625850372493953e-02
8.767669677734375000e+00 7.052876208578395811e-02
8.780759811401367188e+00 1.334041180884212308e-01
8.797530174255371094e+00 1.986867862348400404e-01
8.808679580688476562e+00 8.305553653326668007e-02
8.809510231018066406e+00 3.349247664144178876e-02
8.828009605407714844e+00 1.262720174861918510e-01
8.836070060729980469e+00 6.432526363289986504e-02
8.838589668273925781e+00 8.775287118369060751e-03
8.852179527282714844e+00 4.430673155301536464e-02
8.856519699096679688e+00 3.943113781020382569e-02
8.858590126037597656e+00 6.200116776893855458e-02
8.861660003662109375e+00 7.151174569539561765e-02
8.866550445556640625e+00 8.348870354223833501e-02
8.876099586486816406e+00 1.174303580431456107e+00
8.877960205078125000e+00 5.467963618440174756e-02
8.879420280456542969e+00 5.097825886781628957e-02
8.880240440368652344e+00 2.201009746148517576e-02
8.880809783935546875e+00 3.073622658711134756e-02
8.890410423278808594e+00 6.728303616576221391e-02
8.895420074462890625e+00 6.404951859706795037e-02
8.898810386657714844e+00 1.613323561773547243e-01
8.901789665222167969e+00 4.582883167362297727e-02
8.902959823608398438e+00 1.396629118534240266e-01
8.904780387878417969e+00 1.033277173082243622e-01
8.909959793090820312e+00 4.828524912533509461e-01
8.911510467529296875e+00 1.089475045219599619e-01
8.913009643554687500e+00 1.216462983503654449e-01
8.918069839477539062e+00 1.260505938694676253e-01
8.920269966125488281e+00 1.740842144814954556e-02
8.921660423278808594e+00 3.230065565408486716e-02
8.924599647521972656e+00 2.890800269849639476e-02
8.937060356140136719e+00 1.624876212111945467e-02
8.952850341796875000e+00 1.337781250819636558e-01
8.959989547729492188e+00 1.101330375314572563e-01
8.961790084838867188e+00 1.386568526530892742e-01
8.982210159301757812e+00 5.542459354861740961e-02
8.996700286865234375e+00 1.947488149733656859e-01
8.999420166015625000e+00 2.593134476561727991e-02
9.061010360717773438e+00 6.954115365107271796e-01
9.061770439147949219e+00 2.241717628702892817e-01
9.063909530639648438e+00 4.468549928084578765e-02
9.068409919738769531e+00 7.842692705780014706e-02
9.077879905700683594e+00 1.354623555921619371e-01
9.082189559936523438e+00 1.466399933981546444e-01
9.091839790344238281e+00 8.697300987775792580e-02
9.092479705810546875e+00 3.857977534098537553e-02
9.095459938049316406e+00 4.961453950489781717e-02
9.097620010375976562e+00 3.207845396873572341e-02
9.098230361938476562e+00 1.148534826331321645e-01
9.102459907531738281e+00 1.630412880548672561e-01
9.102809906005859375e+00 6.655405950771776935e-02
9.103739738464355469e+00 3.789762838831084446e-01
9.106909751892089844e+00 1.496935283740885581e-01
9.107110023498535156e+00 6.571929847046192874e-02
9.111269950866699219e+00 2.652861851869932341e-02
9.114930152893066406e+00 8.670197878613854214e-02
9.121950149536132812e+00 3.033105563937172830e-02
9.122059822082519531e+00 1.152177907083506148e-01
9.129400253295898438e+00 1.777934295286390243e-02
9.129940032958984375e+00 6.389224809500651525e-02
9.155529975891113281e+00 6.673088461723833409e-02
9.158780097961425781e+00 1.077366051042974171e-01
9.190589904785156250e+00 1.899403356684815636e-01
9.197790145874023438e+00 7.028863076640791407e-02
9.238340377807617188e+00 2.944196374691662385e-02
9.244790077209472656e+00 1.300322763667279558e-01
9.251759529113769531e+00 3.316184054552089033e-02
9.265350341796875000e+00 1.753575171041645564e-01
9.266929626464843750e+00 5.042180144564398225e-02
9.273440361022949219e+00 4.744189148520999710e-02
9.275099754333496094e+00 7.223306764188212881e-02
9.280980110168457031e+00 1.859395578159174500e-01
9.283929824829101562e+00 1.419788480265649633e-01
9.294480323791503906e+00 7.432958528172654844e-02
9.295669555664062500e+00 7.969008613765757310e-02
9.305620193481445312e+00 3.053532961316032454e-02
9.306010246276855469e+00 8.381437057682940284e-02
9.306630134582519531e+00 1.230273358572677063e-02
9.317239761352539062e+00 2.814122255109291829e-02
9.317990303039550781e+00 5.643481131543042623e-02
9.319239616394042969e+00 5.162879811693055904e-02
9.327369689941406250e+00 2.332405181001658348e-02
9.332759857177734375e+00 6.225808924290949370e-02
9.333169937133789062e+00 7.621798738721605182e-02
9.336919784545898438e+00 1.561584427620252465e-02
9.338609695434570312e+00 1.178624732865490160e-02
9.339079856872558594e+00 3.712207528524440192e-02
9.339389801025390625e+00 4.998851847815576066e-02
9.340809822082519531e+00 3.707368253318917700e-02
9.350890159606933594e+00 5.435070780724091666e-01
9.352009773254394531e+00 1.862133442956273588e-01
9.352299690246582031e+00 6.845222844630435843e-02
9.355380058288574219e+00 2.033556959436961797e-01
9.355890274047851562e+00 6.635588475560516564e-02
9.359049797058105469e+00 3.204797561861092575e-02
9.380620002746582031e+00 9.631142216702046066e-02
9.383680343627929688e+00 1.167530344627486505e-01
9.404999732971191406e+00 2.407650775213761307e-01
9.424839973449707031e+00 2.159190374915640268e-02
9.427459716796875000e+00 2.964973390492252683e-02
9.430930137634277344e+00 1.354790806432508710e-01
9.433759689331054688e+00 1.764402973168468364e-02
9.442259788513183594e+00 5.793309849437984493e-02
9.451629638671875000e+00 2.593272767761381492e-02
9.465310096740722656e+00 1.581876239029323880e-02
9.467530250549316406e+00 5.730038236721534534e-03
9.468370437622070312e+00 4.195053679838804672e-02
9.477720260620117188e+00 9.887892299379452687e-02
9.479800224304199219e+00 1.164933817362365925e-01
9.482970237731933594e+00 4.976040230852240426e-02
9.483420372009277344e+00 9.804979597223173471e-02
9.490759849548339844e+00 2.114570060389891343e-02
9.493069648742675781e+00 5.970949648533256660e-02
9.493510246276855469e+00 2.035459130973734099e-01
9.493760108947753906e+00 1.015109425314336677e-01
9.494449615478515625e+00 2.178817510501472876e-01
9.498559951782226562e+00 2.951578854361407156e-02
9.501810073852539062e+00 1.697467305453766451e-01
9.504899978637695312e+00 4.389219404173080180e-02
9.506529808044433594e+00 1.672199936740175197e-01
9.513669967651367188e+00 1.012477570590615550e-01
9.519189834594726562e+00 4.029983834456025982e-02
9.523400306701660156e+00 2.916771908749618211e-02
9.534410476684570312e+00 2.928689009692081457e-01
9.539299964904785156e+00 5.645271653328517991e-02
9.543809890747070312e+00 3.764671862835076988e-02
9.550539970397949219e+00 1.716848585088336099e-01
9.552410125732421875e+00 2.601988948569800356e-02
9.570569992065429688e+00 5.492253427990652359e-02
9.574890136718750000e+00 5.649853522185328825e-02
9.644929885864257812e+00 8.224503896192157937e-01
9.648409843444824219e+00 6.849159262015297456e-01
9.649620056152343750e+00 9.729596220445864141e-01
9.654520034790039062e+00 1.358197339292431804e-01
9.664930343627929688e+00 1.132578418805833875e+00
9.666049957275390625e+00 1.006999230371491194e+00
9.672340393066406250e+00 1.034003914037099209e-01
9.674550056457519531e+00 9.452151298072976326e-02
9.682009696960449219e+00 1.377891236573238198e-01
9.687390327453613281e+00 2.279034377153374979e-01
9.687809944152832031e+00 2.133429490546746299e-01
9.692649841308593750e+00 1.254423821015006879e-01
9.694820404052734375e+00 2.231417719655815757e-01
9.697970390319824219e+00 1.915629166780141446e-01
9.699799537658691406e+00 8.656880927202263987e-01
9.714130401611328125e+00 3.111292715132147335e-01
9.727990150451660156e+00 3.789932889489400769e-01
9.729880332946777344e+00 5.062929230160627403e-02
9.734350204467773438e+00 5.422800122821697100e-01
9.739729881286621094e+00 1.061753603571901072e-01
9.749139785766601562e+00 4.500608119003808305e-01
9.768320083618164062e+00 7.298195236583933099e-01
9.768910408020019531e+00 8.954362216064387647e-02
9.782360076904296875e+00 8.188613457459219258e-02
9.785019874572753906e+00 1.319336621943409393e-01
9.794819831848144531e+00 6.056899109918450347e-02
9.800069808959960938e+00 1.086877019977963293e-01
9.815039634704589844e+00 2.388320990694080617e-02
9.824999809265136719e+00 8.123568277542686511e-01
9.826210021972656250e+00 1.012174027370211116e+00
9.833979606628417969e+00 2.509581312833145672e-01
9.837779998779296875e+00 9.074369510248783133e-01
9.842619895935058594e+00 1.354729995146094046e+00
9.847080230712890625e+00 6.306380156654295410e-01
9.865059852600097656e+00 1.795042271246211740e+00
9.867650032043457031e+00 1.983818021261888331e-01
9.878769874572753906e+00 1.162241189180641676e-01
9.882729530334472656e+00 4.928190371843504392e-01
9.882789611816406250e+00 7.733195361697354775e-01
9.889969825744628906e+00 5.672448347334028140e-01
9.894379615783691406e+00 1.446462447431662579e-01
9.903329849243164062e+00 6.718748063791046832e-01
9.905300140380859375e+00 1.919918914387965581e+00
9.908769607543945312e+00 7.814262176384041692e-02
9.909910202026367188e+00 5.681753283478213623e-01
9.916589736938476562e+00 1.715879089822940573e+00
9.922389984130859375e+00 3.668911646301338259e-01
9.925169944763183594e+00 1.553188493854996410e-01
9.926320075988769531e+00 1.181540532529671506e+00
9.932040214538574219e+00 1.876597512056438211e+00
9.938039779663085938e+00 7.056984101697512390e-02
9.938750267028808594e+00 5.939662590460842440e-01
9.943539619445800781e+00 3.616090786156027082e-01
9.947139739990234375e+00 1.221404072717027778e-01
9.949549674987792969e+00 5.959199836435871145e-01
9.966259956359863281e+00 1.487303467534501822e+00
9.967800140380859375e+00 1.163663086184632656e+00
9.968979835510253906e+00 7.938524831101116674e-02
9.971819877624511719e+00 1.271630168684777296e+00
9.987790107727050781e+00 3.441540546587207317e-01
1.000370025634765625e+01 1.319245986058687592e+00
1.000419998168945312e+01 8.083351566152349177e-01
1.001500034332275391e+01 9.521425795135174397e-01
1.002099990844726562e+01 5.597643317992776479e-01
1.002320003509521484e+01 3.338050382506421720e-01
1.003310012817382812e+01 4.058232901997494979e-01
1.003530025482177734e+01 1.935816751881127007e-01
1.003619956970214844e+01 2.051736702315610561e+00
1.004179954528808594e+01 2.458393475541096052e-01
1.006579971313476562e+01 3.833055578937379776e-02
1.007470035552978516e+01 1.105850581535583022e+00
1.007470035552978516e+01 1.472103195975407619e+00
1.007660007476806641e+01 8.452634391679726689e-02
1.009619998931884766e+01 5.496463928920654052e-01
1.009669971466064453e+01 1.578198201618384866e-01
1.010000038146972656e+01 1.332491819189853821e+00
1.010280036926269531e+01 6.906100993883184103e-01
1.010900020599365234e+01 1.085335682382564636e-02
1.011330032348632812e+01 4.192910405717077960e-01
1.014350032806396484e+01 6.025885095046142892e-01
1.014519977569580078e+01 5.266654549366503457e-02
1.014999961853027344e+01 5.219938445614122902e-01
1.015359973907470703e+01 1.224517377626726855e+00
1.015499973297119141e+01 8.324423435015541051e-01
1.017860031127929688e+01 6.182844609142537085e-01
1.018719959259033203e+01 1.181866313499811305e+00
1.018970012664794922e+01 1.302608612742916172e+00
1.020510005950927734e+01 2.774409159555978888e-01
1.021409988403320312e+01 4.431607521466853217e-01
1.023799991607666016e+01 4.952199701042098168e-01
1.024559974670410156e+01 2.352410210711758098e-01
1.025800037384033203e+01 4.046486017847619743e-01
1.025860023498535156e+01 1.955173368905024134e+00
1.029100036621093750e+01 1.559061032977386407e+00
1.030970001220703125e+01 9.319564245450941975e-01
1.032079982757568359e+01 5.999803821373483892e-01
1.032839965820312500e+01 4.116794039213372836e-02
1.033469963073730469e+01 4.778761570410914317e-01
1.036369991302490234e+01 5.212995371290692070e-02
1.038759994506835938e+01 3.576753149878156290e-02
1.040989971160888672e+01 3.887585075782103439e-01
1.043649959564208984e+01 1.198420740080941682e+00
1.048340034484863281e+01 1.174796080719559654e+00
1.053380012512207031e+01 5.999177539691997740e-01
1.053460025787353516e+01 7.043918126714669992e-01
1.056709957122802734e+01 1.164014303340499490e+00
1.059640026092529297e+01 1.235630008911468458e+00
1.061789989471435547e+01 5.950284056754624462e-01
1.064820003509521484e+01 9.282084145981269740e-01
1.069139957427978516e+01 1.236663165233264396e-02
1.076990032196044922e+01 1.165216426471699540e+00
1.080620002746582031e+01 1.218444458682164666e-01
1.083489990234375000e+01 5.675434775450050040e-01
1.090559959411621094e+01 5.024487234458332452e-01
1.090629959106445312e+01 1.653704922726471904e-01
1.092029953002929688e+01 2.202401039989501375e-01
1.095860004425048828e+01 5.837266684029063235e-01
1.096809959411621094e+01 4.078375598405695190e-03
1.099790000915527344e+01 6.929021125238922219e-01
1.105090045928955078e+01 3.349076323998572136e-01
1.110970020294189453e+01 1.887137032680571702e-01
1.111279964447021484e+01 1.212458693306706525e+00
1.111950016021728516e+01 2.615110059373139118e-01
1.114480018615722656e+01 8.718639586900277516e-01
1.119970035552978516e+01 1.165907014227302724e-02
1.122819995880126953e+01 1.373372300961064552e+00
1.124460029602050781e+01 9.630087795373735160e-01
1.132960033416748047e+01 1.609000759083708543e+00
1.134790039062500000e+01 5.910828119591892554e-02
1.135270023345947266e+01 1.259688721050422622e+00
1.135630035400390625e+01 6.782218981910596856e-02
1.135910034179687500e+01 2.508498156875877405e-01
1.137160015106201172e+01 5.205312625591578257e-01
1.137740039825439453e+01 1.532858319461327889e+00
1.139820003509521484e+01 1.344700421951166902e+00
1.143050003051757812e+01 3.000261858934462345e-02
1.145110034942626953e+01 1.528397539251945325e+00
1.145219993591308594e+01 2.679270622893422105e-01
1.145419979095458984e+01 4.251631271122934819e-01
1.146630001068115234e+01 5.597649741612345520e-02
1.146930027008056641e+01 2.778542821030219878e-01
1.146949958801269531e+01 7.078702494383004584e-01
1.148419952392578125e+01 9.303048929996330374e-01
1.150489997863769531e+01 8.333664680162270466e-01
1.150570011138916016e+01 2.723073177589979688e-01
1.150979995727539062e+01 1.632752007694840413e-02
1.152810001373291016e+01 1.338670729688222538e+00
1.153159999847412109e+01 8.494431208032626746e-01
1.153740024566650391e+01 2.991433115241686203e-01
1.154769992828369141e+01 1.156347104543951343e-01
1.154940032958984375e+01 6.599876816909661104e-02
1.155430030822753906e+01 3.833872568308584888e-02
1.155749988555908203e+01 9.872433493534105153e-01
1.156050014495849609e+01 7.816386737177589694e-01
1.156309986114501953e+01 4.493943526134870914e-01
1.156499958038330078e+01 1.005164430342999182e+00
1.156589984893798828e+01 1.350518683670022702e+00
1.156789970397949219e+01 3.178171764500757890e-01
1.156830024719238281e+01 3.879625777786934737e-01
1.157019996643066406e+01 4.729010383731037104e-01
1.157359981536865234e+01 7.520059552024109806e-01
1.157460021972656250e+01 2.430091591652283611e-01
1.157839965820312500e+01 3.547245687049225826e-01
