2.253530081361532211e-03 5.862541915474247523e-01
3.149030031636357307e-03 1.714452316659285935e-01
4.690250009298324585e-02 8.315957881988700340e-01
4.990750178694725037e-02 9.291313308699860052e-01
6.769110262393951416e-02 1.025233110860757302e+00
7.932540029287338257e-02 9.312944253439315867e-01
8.225370198488235474e-02 1.247674798745519231e+00
8.258090168237686157e-02 8.396478918071920150e-01
1.060720011591911316e-01 3.759045408759207341e+00
1.104220002889633179e-01 7.794625474065054460e-01
1.123439967632293701e-01 3.593504551628750043e-01
1.139070019125938416e-01 7.057045077879791073e-01
1.170289963483810425e-01 3.604126449604778265e-02
1.233749985694885254e-01 6.625290370665675166e-01
1.413329988718032837e-01 1.662524127551925912e-01
1.424070000648498535e-01 9.016316423673533809e-01
1.476210057735443115e-01 1.142473880660414665e+00
1.509509980678558350e-01 6.756574015349994244e-01
1.544049978256225586e-01 2.952021316613984148e+00
1.557320058345794678e-01 8.565397213367378360e-01
1.703979969024658203e-01 9.044570642721298792e-02
1.799879968166351318e-01 1.064069825079469345e+00
1.922979950904846191e-01 2.496426730157421670e+00
1.967500001192092896e-01 2.235702725480397834e+00
2.063719928264617920e-01 1.177897500809702791e+00
2.070479989051818848e-01 1.500478248139953258e-02
2.144459933042526245e-01 2.839283808757953054e-01
2.173559963703155518e-01 3.456620623206131948e-01
2.179830074310302734e-01 7.275554424328849884e-03
2.181890010833740234e-01 5.847791701353723948e-01
2.189860045909881592e-01 1.940477807040358327e+00
2.209890037775039673e-01 1.271076595857729918e+00
2.270639985799789429e-01 1.361437981609328052e+00
2.334589958190917969e-01 5.721509722006508092e-01
2.542540132999420166e-01 1.629464174181300962e+00
2.590720057487487793e-01 1.059858967084531312e+00
2.629489898681640625e-01 3.371676774474455796e-01
2.637589871883392334e-01 1.541489416033217985e+00
2.688879966735839844e-01 4.928822957712851172e-01
2.720389962196350098e-01 1.108059734816285946e+00
2.723050117492675781e-01 1.420413133988648102e+00
2.742289900779724121e-01 8.787049872180180410e-01
2.764100134372711182e-01 5.205950568938785272e-01
2.813029885292053223e-01 2.067402298572599495e+00
2.872509956359863281e-01 1.030169579881414110e+00
2.898800075054168701e-01 2.627434097501329724e+00
2.900089919567108154e-01 8.606708680442372028e-01
2.957389950752258301e-01 1.910996692336559111e+00
3.002350032329559326e-01 5.560174083177389370e-01
3.106049895286560059e-01 2.107528830817266829e+00
3.115850090980529785e-01 2.401497317347291549e+00
3.219630122184753418e-01 8.624298348361596478e-01
3.385370075702667236e-01 1.142550693207624729e-01
3.539830148220062256e-01 3.492033720845777456e+00
3.598330020904541016e-01 1.504465203462012290e+00
3.693299889564514160e-01 1.337898379289885753e-01
3.754160106182098389e-01 1.678857366658742523e+00
3.786279857158660889e-01 7.025801250356929206e-02
3.790540099143981934e-01 3.148049196994760379e+00
3.858799934387207031e-01 2.585639638716842104e+00
3.890190124511718750e-01 7.379144310596127410e-01
3.970479965209960938e-01 1.583916452280472287e+00
4.018340110778808594e-01 9.281648112849114618e-01
4.068979918956756592e-01 9.603400443104007644e-01
4.150539934635162354e-01 4.036448867671834861e+00
4.173229932785034180e-01 1.731685634607520452e+00
4.179500043392181396e-01 1.358047662200836836e+00
4.212560057640075684e-01 3.015697192620166334e+00
4.234029948711395264e-01 4.742962171257761317e-01
4.278399944305419922e-01 2.007317874617159603e+00
4.357930123805999756e-01 4.937566511622010212e-01
4.513539969921112061e-01 1.190068546631013913e+00
4.573560059070587158e-01 8.838730724107595194e-01
4.608590006828308105e-01 2.740793038343711352e+00
4.627540111541748047e-01 2.760203937301220378e+00
4.730840027332305908e-01 5.901400327190714501e-01
4.824149906635284424e-01 2.111721995732283474e+00
4.839890003204345703e-01 1.662642331110466831e-01
4.866429865360260010e-01 5.244799982832532709e-02
4.974629878997802734e-01 4.285541833551220758e-01
4.981670081615447998e-01 2.036873880164749906e+00
5.043910145759582520e-01 3.232621910269950494e+00
5.128600001335144043e-01 1.139249686241851633e-01
5.152969956398010254e-01 1.408199058690314809e+00
5.181570053100585938e-01 2.343956072929440193e+00
5.206590294837951660e-01 6.658472432379974881e-01
5.239639878273010254e-01 1.460685122154896654e+00
5.247809886932373047e-01 1.106334438120890606e-01
5.249369740486145020e-01 8.051483083210483338e-01
5.301640033721923828e-01 1.052508938115372272e+00
5.366590023040771484e-01 2.454765454366607536e+00
5.420820116996765137e-01 1.867176495503406031e+00
5.421339869499206543e-01 2.352236405695830701e+00
5.447769761085510254e-01 1.321750700664862554e+00
5.458639860153198242e-01 1.451934375024388768e-01
5.569459795951843262e-01 9.489621247293362760e-01
5.608999729156494141e-01 4.020689464689904402e-01
5.791810154914855957e-01 1.017519637187160209e+00
5.904139876365661621e-01 2.281524599294621203e-01
5.927919745445251465e-01 2.577033736168203859e+00
5.953369736671447754e-01 9.238781636357168425e-01
5.972880125045776367e-01 1.291917515085353463e-01
6.051099896430969238e-01 2.167267990081261253e+00
6.076419949531555176e-01 5.568606870650067986e-01
6.161810159683227539e-01 1.758161730970063674e-01
6.218400001525878906e-01 2.515464763645583801e+00
6.221020221710205078e-01 1.274335086828935593e+00
6.384270191192626953e-01 2.328791002145798039e+00
6.490420103073120117e-01 9.829143557270181297e-01
6.646199822425842285e-01 5.209533974633911990e-02
6.705560088157653809e-01 4.979577011434470069e-01
6.729670166969299316e-01 3.121502001417713057e-01
6.740009784698486328e-01 8.910533923188597161e-01
6.754350066184997559e-01 3.362260025108426031e+00
6.793940067291259766e-01 2.222716907673568443e+00
6.807289719581604004e-01 1.018104484425586875e+00
6.812319755554199219e-01 1.165464836560337503e+00
6.852099895477294922e-01 5.774662435222586154e-01
6.892390251159667969e-01 6.445413547447063074e-01
7.052630186080932617e-01 2.033496148100885303e+00
7.146090269088745117e-01 1.098424618670525987e+00
7.234069705009460449e-01 1.188462094678808034e+00
7.243430018424987793e-01 3.682704338810678379e-01
7.361800074577331543e-01 1.093868215671423227e+00
7.462580204010009766e-01 3.598138061940598376e-01
7.545809745788574219e-01 2.360681010570810923e+00
7.587140202522277832e-01 5.552352487074814213e-01
7.691950201988220215e-01 1.746925763131947029e+00
7.708629965782165527e-01 9.190728933001122147e-01
7.714220285415649414e-01 1.203987050448792173e+00
7.750489711761474609e-01 1.661939452127150885e+00
7.758820056915283203e-01 8.897988856677226943e-01
7.885519862174987793e-01 4.144518675953948739e-01
7.900400161743164062e-01 3.214994628372775054e+00
8.012019991874694824e-01 2.290240208209780803e+00
8.045020103454589844e-01 2.185181484374683902e-01
8.052009940147399902e-01 4.090216412894168707e-01
8.089389801025390625e-01 8.689930287139109311e-01
8.152539730072021484e-01 1.336877000859091336e+00
8.238639831542968750e-01 2.659733544947941564e+00
8.286499977111816406e-01 5.200283436166672768e-01
8.417999744415283203e-01 1.074838535554561020e-01
8.431439995765686035e-01 6.926658156726683835e-01
8.529620170593261719e-01 1.558098274448904696e+00
8.572750091552734375e-01 3.815244722724593918e-01
8.604649901390075684e-01 9.090083350217430525e-01
8.642519712448120117e-01 6.326263557360403134e-01
8.676549792289733887e-01 8.673356966722193251e-01
9.101070165634155273e-01 2.274824556015933030e+00
9.101349711418151855e-01 9.354505905032646507e-02
9.121450185775756836e-01 1.451689414460337613e+00
9.141970276832580566e-01 1.833735920494776739e+00
9.155570268630981445e-01 1.196422495894874816e+00
9.169210195541381836e-01 1.888457822689349364e+00
9.181370139122009277e-01 2.062541250224984302e-01
9.301360249519348145e-01 1.494360214973492251e+00
9.306690096855163574e-01 7.904877436896541321e-01
9.326959848403930664e-01 1.384704545256769448e+00
9.354109764099121094e-01 1.558945890654214184e+00
9.357380270957946777e-01 2.653468401850494374e+00
9.375690221786499023e-01 5.960472353989075822e-01
9.525960087776184082e-01 2.791089635354466747e+00
9.562900066375732422e-01 2.404458668761971563e+00
9.574339985847473145e-01 5.357603008009594880e-01
9.612320065498352051e-01 7.253291134197901169e-01
9.723079800605773926e-01 3.038215225916120477e-01
9.768949747085571289e-01 2.181722400547028595e+00
9.789999723434448242e-01 4.727067803286786885e-01
9.796280264854431152e-01 1.332463576644638437e+00
9.908850193023681641e-01 4.150837934508548877e-01
1.005010008811950684e+00 1.149299204664250507e+00
1.009279966354370117e+00 1.153354441704080996e-01
1.017650008201599121e+00 2.661501231576931747e+00
1.017740011215209961e+00 1.642016024030569454e+00
1.024559974670410156e+00 1.118381126512725032e+00
1.025500059127807617e+00 7.140911022822377108e-01
1.054380059242248535e+00 1.115923741579898376e-01
1.054630041122436523e+00 1.909314199433294945e+00
1.056820034980773926e+00 1.022146745574093352e+00
1.058500051498413086e+00 4.451324653718876090e-01
1.059399962425231934e+00 1.489791197595448091e+00
1.081200003623962402e+00 1.643177679196120122e+00
1.081580042839050293e+00 1.871381718173851683e+00
1.091930031776428223e+00 1.943905303547524888e+00
1.093610048294067383e+00 3.841413798230745025e-01
1.101959943771362305e+00 2.327132967034866440e-01
1.109619975090026855e+00 1.051592464319036635e+00
1.115560054779052734e+00 9.799111130249400503e-01
1.117670059204101562e+00 1.267325897143548152e+00
1.122640013694763184e+00 3.607093946352660230e-01
1.125509977340698242e+00 1.723249418633089336e+00
1.130419969558715820e+00 3.082459323234201798e-01
1.139469981193542480e+00 2.642819212228872394e-01
1.142910003662109375e+00 8.881250055983681557e-01
1.144240021705627441e+00 1.737805659399756786e-01
1.150099992752075195e+00 8.169530356327510123e-01
1.154240012168884277e+00 5.262620019580163122e-01
1.155760049819946289e+00 7.772390303350826257e-02
1.159299969673156738e+00 1.249844771743593208e+00
1.162619948387145996e+00 2.206156531331747050e+00
1.167469978332519531e+00 1.146174938353607287e+00
1.168069958686828613e+00 1.960819077993932735e-01
1.169620037078857422e+00 2.570227736014391584e-01
1.178930044174194336e+00 9.448093869264062583e-01
1.184759974479675293e+00 2.472348136293314458e-01
1.187829971313476562e+00 4.633782598850532120e-01
1.192749977111816406e+00 1.362510644508666990e+00
1.198590040206909180e+00 1.404837559965991689e+00
1.200999975204467773e+00 1.698241929873561373e+00
1.210090041160583496e+00 1.271225008777239873e+00
1.212010025978088379e+00 1.054811984180310080e+00
1.229359984397888184e+00 6.675922843259453066e-01
1.241029977798461914e+00 2.214042923118565653e+00
1.259459972381591797e+00 5.141720921348964524e+00
1.263599991798400879e+00 8.534130422942878269e-01
1.264479994773864746e+00 4.902903957664379586e-01
1.266219973564147949e+00 1.866710515056648478e-01
1.271700024604797363e+00 1.924005691681278885e+00
1.273740053176879883e+00 2.419436193357884513e+00
1.293560028076171875e+00 8.028727159553745996e-02
1.299530029296875000e+00 1.829566965880388585e+00
1.310179948806762695e+00 1.510650919032037853e+00
1.312270045280456543e+00 7.429320945817690092e-01
1.313120007514953613e+00 1.151030308057670704e+00
1.316540002822875977e+00 2.560370534707513968e-01
1.318750023841857910e+00 1.509967461596939176e+00
1.324560046195983887e+00 1.225391107800703760e-01
1.337339997291564941e+00 5.333076057522571217e-02
1.345749974250793457e+00 6.587177510973895034e-01
1.348620057106018066e+00 8.109038954351365236e-01
1.356220006942749023e+00 1.226431333418413594e+00
1.366459965705871582e+00 2.454373356526694749e+00
1.370530009269714355e+00 5.510257654180488185e-01
1.376129984855651855e+00 6.866998866175927363e-01
1.380849957466125488e+00 2.111254848818205687e+00
1.387809991836547852e+00 1.773031243651101541e+00
1.391319990158081055e+00 1.539552151000250335e+00
1.392600059509277344e+00 1.606969096612956172e+00
1.404199957847595215e+00 9.203422663647897739e-01
1.407320022583007812e+00 8.903094169800037649e-01
1.412080049514770508e+00 2.291709146363905880e+00
1.414700031280517578e+00 3.002384395932469197e-01
1.420060038566589355e+00 3.001981687189151926e-01
1.420289993286132812e+00 2.234536132099483652e+00
1.427109956741333008e+00 9.736381910473561607e-01
1.429499983787536621e+00 8.235502461589420120e-01
1.430289983749389648e+00 7.673760929558354205e-01
1.431970000267028809e+00 9.824297560730519407e-01
1.435189962387084961e+00 7.986195816376939760e-01
1.437420010566711426e+00 2.680093050898336715e-01
1.439520001411437988e+00 2.580976883798013155e+00
1.442100048065185547e+00 1.443700743044069368e+00
1.453899979591369629e+00 3.125376221741034577e+00
1.472169995307922363e+00 2.127462049053204796e-01
1.476809978485107422e+00 3.054102387164290278e-01
1.478150010108947754e+00 1.576722782979654625e+00
1.480270028114318848e+00 1.812762598389918489e+00
1.489650011062622070e+00 2.196755396427501061e-01
1.506760001182556152e+00 9.773960513826558394e-01
1.509070038795471191e+00 1.196711307632863930e+00
1.516360044479370117e+00 1.135539635097797956e-01
1.517920017242431641e+00 1.947928864384711689e+00
1.533810019493103027e+00 3.192344809778219217e-01
1.545469999313354492e+00 2.398328311444261618e-01
1.549520015716552734e+00 1.594353757280208284e-01
1.565770030021667480e+00 3.205906375849572332e-02
1.566969990730285645e+00 1.860911351547337000e+00
1.572530031204223633e+00 8.891953936796470614e-01
1.573379993438720703e+00 1.457854588677532925e+00
1.573469996452331543e+00 1.545789955213865197e+00
1.574830055236816406e+00 1.118886488520755895e+00
1.576079964637756348e+00 6.141006024746550329e-01
1.582280039787292480e+00 1.552696043547357796e+00
1.584300041198730469e+00 1.370852189580352487e+00
1.585430026054382324e+00 1.280883013393571357e+00
1.590270042419433594e+00 1.664700570257579892e+00
1.591959953308105469e+00 1.711754944512118737e+00
1.608549952507019043e+00 1.817241277213212935e-01
1.623870015144348145e+00 1.068993857215449816e+00
1.630769968032836914e+00 1.322063428207865821e+00
1.632609963417053223e+00 2.790164673325146172e-01
1.649459958076477051e+00 2.592873410211525287e-01
1.663849949836730957e+00 2.556493658175582606e+00
1.663849949836730957e+00 5.798148357724228763e-01
1.670660018920898438e+00 1.129159273267548169e+00
1.680359959602355957e+00 1.845716772423069973e-01
1.681079983711242676e+00 9.235271413554576592e-01
1.685479998588562012e+00 1.606003240080540628e+00
1.688660025596618652e+00 2.755351679574718493e-01
1.694100022315979004e+00 1.730577963319157142e+00
1.697059988975524902e+00 2.912426570948808191e+00
1.705489993095397949e+00 1.382443892349547232e+00
1.726899981498718262e+00 2.391099442666745567e+00
1.732069969177246094e+00 1.043095471363086446e+00
1.732529997825622559e+00 1.555032384010373470e+00
1.734060049057006836e+00 1.958796539350953880e+00
1.740820050239562988e+00 1.164993130913837938e+00
1.750890016555786133e+00 3.149395333882277770e-01
1.761980056762695312e+00 6.433783659350211792e-01
1.765429973602294922e+00 1.194370764614630653e+00
1.769919991493225098e+00 1.230323898727793797e+00
1.796249985694885254e+00 8.017409271743818344e-01
1.797369956970214844e+00 3.176173661919023394e-01
1.798979997634887695e+00 9.933943625062291449e-01
1.810299992561340332e+00 4.980006465106259772e-01
1.814069986343383789e+00 5.095771621584413991e-01
1.816720008850097656e+00 1.489783786306683455e-01
1.836640000343322754e+00 1.221171926905858296e+00
1.848569989204406738e+00 8.557968237618746032e-01
1.860450029373168945e+00 1.314578237370122027e+00
1.861209988594055176e+00 1.822342443768285025e-01
1.866680026054382324e+00 1.168157911578269342e-01
1.869719982147216797e+00 1.122459965814962768e+00
1.870239973068237305e+00 3.037813733339784217e-01
1.872630000114440918e+00 4.891142982075808443e-01
1.874289989471435547e+00 9.186085622797433015e-01
1.888479948043823242e+00 1.887368557790723322e+00
1.890609979629516602e+00 5.942332589089920347e-01
1.898980021476745605e+00 1.310186384736411469e-01
1.913339972496032715e+00 1.826407864184664609e+00
1.920590043067932129e+00 2.468778778124231660e-02
1.925819993019104004e+00 1.848457395780215284e+00
1.934100031852722168e+00 1.183833945623800066e+00
1.934200048446655273e+00 9.049982374512902661e-01
1.937379956245422363e+00 6.799472786934507296e-01
1.941830039024353027e+00 1.212579439609156484e+00
1.946069955825805664e+00 5.338678976650778063e-01
1.959419965744018555e+00 1.547530934548717041e-01
1.962859988212585449e+00 1.202339755216486061e-01
1.965250015258789062e+00 3.597015291050489894e-01
1.967489957809448242e+00 5.209957037023605908e-01
1.969529986381530762e+00 1.017150965852176014e+00
1.970340013504028320e+00 1.044261817029134898e+00
1.972990036010742188e+00 6.178462667219896121e-01
1.976060032844543457e+00 2.860749535491868834e-01
1.982820034027099609e+00 1.260983579562159895e-01
1.986969947814941406e+00 3.538219575163673580e-01
1.991199970245361328e+00 2.106496620034891798e+00
1.993700027465820312e+00 1.666667604352086440e-01
1.998700022697448730e+00 4.005338692292604863e-01
2.009299993515014648e+00 2.153779481368191806e-01
2.012589931488037109e+00 8.173323853075530054e-02
2.024389982223510742e+00 8.497640257211218628e-01
2.027129888534545898e+00 9.193827353791435009e-01
2.028120040893554688e+00 2.381304901957702391e+00
2.029000043869018555e+00 7.218276004389058420e-02
2.038609981536865234e+00 3.437166778346687490e-01
2.040430068969726562e+00 7.105197658076869427e-01
2.043930053710937500e+00 2.021702801310605868e-01
2.050580024719238281e+00 1.874645826201423449e-01
2.060389995574951172e+00 1.947597207899907090e-01
2.077620029449462891e+00 2.691103901233171114e-01
2.093810081481933594e+00 1.236147957332807551e-01
2.096050024032592773e+00 2.018503820022277129e-01
2.098969936370849609e+00 1.807259054048383773e-01
2.101039886474609375e+00 5.112837813197659842e-02
2.120429992675781250e+00 8.546304004087069972e-02
2.121740102767944336e+00 7.141114110203480858e-02
2.144160032272338867e+00 1.587292056156280329e-01
2.146310091018676758e+00 1.267365611572025819e-01
2.153369903564453125e+00 2.295582836841729701e-01
2.172329902648925781e+00 1.814459497892059459e-01
2.183340072631835938e+00 1.650283424492027529e-01
2.193989992141723633e+00 9.524418337378902366e-02
2.207540035247802734e+00 2.552000083993849477e-01
2.213360071182250977e+00 2.040999917011196430e-01
2.216880083084106445e+00 2.014555758120106788e-01
2.220469951629638672e+00 2.218413731084801013e-02
2.221620082855224609e+00 5.605461218730104500e-01
2.222389936447143555e+00 2.022283335880147859e-01
2.224800109863281250e+00 5.676247406651304533e-02
2.227819919586181641e+00 2.522101380275904026e-01
2.228729963302612305e+00 8.933160544400452485e-01
2.231770038604736328e+00 6.145065003388259367e-02
2.245790004730224609e+00 1.270604011642308129e-01
2.246540069580078125e+00 1.642616692150894175e-01
2.246720075607299805e+00 1.830811609135775120e-01
2.246949911117553711e+00 6.566377459686477402e-02
2.264600038528442383e+00 4.128035340031324663e-01
2.266730070114135742e+00 2.859418823007702226e-01
2.267129898071289062e+00 1.987214598161869336e-02
2.273720026016235352e+00 5.773503597657586583e-02
2.285109996795654297e+00 5.513691481492356133e-02
2.288000106811523438e+00 9.576339121458712911e-02
2.348059892654418945e+00 6.090350206456150717e-02
2.357359886169433594e+00 7.490929079276766045e-02
2.360749959945678711e+00 1.488716589125059220e-01
2.384890079498291016e+00 2.036664018526241071e-01
2.396260023117065430e+00 4.162053884816297594e-02
2.402869939804077148e+00 3.936365083847087609e-01
2.407210111618041992e+00 8.719473801467242380e-02
2.407589912414550781e+00 6.185262274228482682e-02
2.409749984741210938e+00 6.978599366417347072e-02
2.412499904632568359e+00 5.399589545911780142e-02
2.413229942321777344e+00 1.406363712303633218e-01
2.415570020675659180e+00 5.291748410298207500e-02
2.427680015563964844e+00 9.845815027973731093e-02
2.432219982147216797e+00 1.394079932325952564e-01
2.437289953231811523e+00 2.880495996659884206e-01
2.437969923019409180e+00 3.428949398390750136e-02
2.439630031585693359e+00 4.198978151571422512e-02
2.440229892730712891e+00 9.736445319812013499e-02
2.441750049591064453e+00 1.251719730571778377e-01
2.446010112762451172e+00 7.286795408943198826e-02
2.455110073089599609e+00 4.389863598795402250e-02
2.457770109176635742e+00 2.262097718730373408e-01
2.461810111999511719e+00 1.777038083728507967e-01
2.463059902191162109e+00 5.135136961300874880e-02
2.469680070877075195e+00 3.258128360621793951e-02
2.471359968185424805e+00 4.115014032400276384e-02
2.474050045013427734e+00 1.354775041218898336e-02
2.476660013198852539e+00 1.203427369741776887e-01
2.484189987182617188e+00 4.598890294203050733e-02
2.494369983673095703e+00 1.146518892867436079e-02
2.494940042495727539e+00 1.113475686338680215e-01
2.521270036697387695e+00 1.529739376669103368e-01
2.532530069351196289e+00 3.061683282539037765e-02
2.534320116043090820e+00 7.029699843698603012e-02
2.559530019760131836e+00 9.593963941251262839e-02
2.572619915008544922e+00 9.326671484234937137e-02
2.573210000991821289e+00 5.597000495266112735e-02
2.578569889068603516e+00 4.879116755571585168e-02
2.579590082168579102e+00 1.455103259039595975e-01
2.580970048904418945e+00 2.952293442126972811e-02
2.582429885864257812e+00 9.853383612110090325e-03
2.584880113601684570e+00 1.572012071999676908e-01
2.594079971313476562e+00 8.254988476047307733e-02
2.594579935073852539e+00 6.669395656091293978e-02
2.599730014801025391e+00 4.673734858302454331e-02
2.599809885025024414e+00 9.037560099387001444e-02
2.599950075149536133e+00 2.038667734674620008e-02
2.603820085525512695e+00 6.214175679707072825e-02
2.608550071716308594e+00 3.305382460226850144e-02
2.608789920806884766e+00 1.515532184603796684e-01
2.609359979629516602e+00 2.715006371077753611e-02
2.610090017318725586e+00 7.978258874826672786e-02
2.615230083465576172e+00 4.264624523214971541e-02
2.626760005950927734e+00 1.090001602048584900e-01
2.626840114593505859e+00 1.051132200466630695e-01
2.629450082778930664e+00 5.552950986609014872e-02
2.629590034484863281e+00 4.331674031442008660e-02
2.635020017623901367e+00 3.715208279693144044e-02
2.635279893875122070e+00 7.763183500265689041e-01
2.650939941406250000e+00 2.199903194499098491e-01
2.654629945755004883e+00 1.755515156304850166e-02
2.660300016403198242e+00 7.432289812514752958e-02
2.694109916687011719e+00 1.205254763852583663e-02
2.702490091323852539e+00 2.967312951705201179e-02
2.706759929656982422e+00 1.562217331469741011e-01
2.708400011062622070e+00 8.398067596110288247e-02
2.723639965057373047e+00 2.122117817708606413e-01
2.727849960327148438e+00 1.183499769789364692e-01
2.784929990768432617e+00 3.365090744292944386e-02
2.798140048980712891e+00 9.647923104354609591e-02
2.801189899444580078e+00 7.199375648116680404e-01
2.801860094070434570e+00 1.621759695813454472e-01
2.810489892959594727e+00 3.932432475948430262e-02
2.811470031738281250e+00 1.397103693715862904e-01
2.812890052795410156e+00 6.198829787939455493e-02
2.817470073699951172e+00 3.684339888605621394e-02
2.819979906082153320e+00 1.692471157293615885e-02
2.819989919662475586e+00 7.680655063881978994e-02
2.821019887924194336e+00 2.158026009736899453e-01
2.822570085525512695e+00 2.618935846895741396e-02
2.823179960250854492e+00 2.946088062539603189e-02
2.830120086669921875e+00 8.704173679157653498e-02
2.831099987030029297e+00 2.594421232508951625e-01
2.831789970397949219e+00 4.204733060426279340e-02
2.833590030670166016e+00 2.735555862265267452e-02
2.845259904861450195e+00 1.993923087519206827e-01
2.848079919815063477e+00 2.516384443549859670e-02
2.851150035858154297e+00 1.823722683155414581e-01
2.852669954299926758e+00 8.101245212923703642e-02
2.853879928588867188e+00 5.482315290993702156e-02
2.854209899902343750e+00 5.685099326688745902e-02
2.877599954605102539e+00 8.848483795227818360e-02
2.926409959793090820e+00 1.550209668865321910e-01
2.941109895706176758e+00 2.325795617491236145e-01
2.959899902343750000e+00 4.464749778656709189e-01
2.968230009078979492e+00 1.446505228844624791e-01
2.974550008773803711e+00 5.341052736832350295e-02
2.982739925384521484e+00 1.081766951180866965e-01
2.988140106201171875e+00 6.029165722372929748e-02
2.990430116653442383e+00 8.822409608408446346e-02
2.992599964141845703e+00 6.309780986302510053e-02
3.013679981231689453e+00 2.285596883942292434e-02
3.014859914779663086e+00 1.179827855793958991e-01
3.019730091094970703e+00 4.618832627818078573e-02
3.020479917526245117e+00 4.637667858514759461e-02
3.024580001831054688e+00 7.742276306949054387e-02
3.026000022888183594e+00 1.143348847495633258e-01
3.031830072402954102e+00 4.196412506596207403e-02
3.034640073776245117e+00 6.526266083477359758e-02
3.043920040130615234e+00 5.063798626840154693e-02
3.048860073089599609e+00 7.074615519667611097e-02
3.049040079116821289e+00 6.134894796335858130e-02
3.049949884414672852e+00 1.541670285707340965e-02
3.052010059356689453e+00 2.175725035577145625e-02
3.058500051498413086e+00 3.204136967710152772e-02
3.060489892959594727e+00 5.236648928156431571e-02
3.063159942626953125e+00 9.960208831508585159e-02
3.065469980239868164e+00 6.243433052792712878e-02
3.072160005569458008e+00 4.721090419266722737e-02
3.073379993438720703e+00 4.483711058592362159e-02
3.075609922409057617e+00 1.392152005414819954e-02
3.078299999237060547e+00 3.659984298717763873e-02
3.090310096740722656e+00 4.444888739574712200e-02
3.096430063247680664e+00 9.850320914575684539e-02
3.099770069122314453e+00 3.440329838636606991e-03
3.127810001373291016e+00 8.642595635408599486e-02
3.143310070037841797e+00 9.129422410203628935e-02
3.145720005035400391e+00 7.878751181661095004e-02
3.147700071334838867e+00 5.428374561851504604e-02
3.162849903106689453e+00 6.334194707254335588e-02
3.165999889373779297e+00 1.204707389030401990e-02
3.167540073394775391e+00 4.675278553689787148e-02
3.175149917602539062e+00 7.541712886982961106e-02
3.181560039520263672e+00 6.995428828957422906e-02
3.182329893112182617e+00 1.240682915208300569e-01
3.183020114898681641e+00 4.459989627860634631e-02
3.188740015029907227e+00 4.253023868000853358e-02
3.190730094909667969e+00 4.658246030936393639e-02
3.191240072250366211e+00 6.202875975292321958e-02
3.193180084228515625e+00 6.873796712507219964e-02
3.194309949874877930e+00 2.479591350169847025e-02
3.195149898529052734e+00 3.381998049986275484e-02
3.195699930191040039e+00 6.694072778425216863e-02
3.206799983978271484e+00 1.534963843293015440e-01
3.208970069885253906e+00 2.652700466766867021e-02
3.209480047225952148e+00 7.815932802847824074e-03
3.213109970092773438e+00 4.862630215265142247e-02
3.227119922637939453e+00 6.266304011759017689e-02
3.228450059890747070e+00 1.539459422753815428e-02
3.230079889297485352e+00 4.999806508198347682e-02
3.237279891967773438e+00 1.113175784071187974e-01
3.251739978790283203e+00 3.083935414046600626e-02
3.257730007171630859e+00 1.063060019607573077e-02
3.258460044860839844e+00 1.243341931578532261e-02
3.273809909820556641e+00 1.150121919646125146e-01
3.285739898681640625e+00 1.673421607308853143e-01
3.289560079574584961e+00 2.655390115568522780e-01
3.292469978332519531e+00 6.375243042926102832e-02
3.311990022659301758e+00 3.034543173607532895e-01
3.315700054168701172e+00 7.106292804912447969e-02
3.375260114669799805e+00 1.853076459186910052e-02
3.378930091857910156e+00 7.872360472250244934e-02
3.390749931335449219e+00 1.571866368686357651e-01
3.399130105972290039e+00 4.427453676662970045e-02
3.407670021057128906e+00 3.954187763428811814e-02
3.408479928970336914e+00 1.157178350780322801e-01
3.408570051193237305e+00 1.260003949004317135e-02
3.412309885025024414e+00 1.028194455796808127e-01
3.413199901580810547e+00 4.095499849397498532e-02
3.414449930191040039e+00 1.667762965380504558e-01
3.421309947967529297e+00 5.170741612545122490e-02
3.421999931335449219e+00 9.461204850178356329e-02
3.423110008239746094e+00 2.343734218067717451e-02
3.432219982147216797e+00 3.109453911422757968e-02
3.433559894561767578e+00 7.366343284563877693e-03
3.434839963912963867e+00 1.655470078494891972e-01
3.434989929199218750e+00 4.255645919116204240e-02
3.434989929199218750e+00 8.225177847493880812e-02
3.435909986495971680e+00 6.171935568474357092e-01
3.438119888305664062e+00 4.456473734883798637e-02
3.443039894104003906e+00 5.199726919148603965e-01
3.453360080718994141e+00 3.485779059190768220e-02
3.481810092926025391e+00 1.586784315766294473e-01
3.494829893112182617e+00 1.712302194431456481e-01
3.524399995803833008e+00 1.297746718388209375e-01
3.532510042190551758e+00 2.825655760278831807e-01
3.536900043487548828e+00 9.569746914354065881e-02
3.549020051956176758e+00 8.168583526614531243e-02
3.562589883804321289e+00 5.726061574232441664e-01
3.567100048065185547e+00 4.510263861531288443e-02
3.590379953384399414e+00 2.791175616739381693e-02
3.599809885025024414e+00 4.078233706827519289e-02
3.603569984436035156e+00 1.069008156707961094e-01
3.605629920959472656e+00 6.925935231841953699e-02
3.611680030822753906e+00 4.185675360451213828e-02
3.618099927902221680e+00 6.899555751170106943e-02
3.621710062026977539e+00 3.500618059942695037e-02
3.627360105514526367e+00 1.307680641696699064e-01
3.628580093383789062e+00 5.915869882644257671e-02
3.629770040512084961e+00 2.185389609809158529e-01
3.637020111083984375e+00 1.286672446640807488e-01
3.637989997863769531e+00 8.226061168472431628e-01
3.638380050659179688e+00 1.557699890377234608e-01
3.639980077743530273e+00 1.414918852923439385e-01
3.643090009689331055e+00 5.054246048411609182e-02
3.644190073013305664e+00 1.220032811972621423e-01
3.647409915924072266e+00 2.530581102134538476e-02
3.648629903793334961e+00 6.426421048533140223e-02
3.653680086135864258e+00 4.512431707272204773e-02
3.658689975738525391e+00 1.163040677512121729e-01
3.660599946975708008e+00 1.547656463533791937e-01
3.662600040435791016e+00 1.853563035602512343e-02
3.671040058135986328e+00 1.045627001883240592e-01
3.674910068511962891e+00 1.656737410037558214e-02
3.685930013656616211e+00 5.749972016244645628e-02
3.690059900283813477e+00 1.542587755238990499e-01
3.708209991455078125e+00 1.738685421050221447e-01
3.709779977798461914e+00 1.418953762917363713e-02
3.721199989318847656e+00 2.950074069209187438e-02
3.723829984664916992e+00 6.675869973462840168e-01
3.743489980697631836e+00 5.686274571334982986e-02
3.755650043487548828e+00 5.321169369092734053e-02
3.758409976959228516e+00 2.103072148189676360e-01
3.776289939880371094e+00 8.031934487128138123e-02
3.778949975967407227e+00 8.521908633643852926e-02
3.779769897460937500e+00 5.988300875086171454e-02
3.783060073852539062e+00 3.722097097569188051e-02
3.786109924316406250e+00 1.569532877891191280e-01
3.787800073623657227e+00 1.262212741167484109e-01
3.790019989013671875e+00 1.648832605922005423e-01
3.791079998016357422e+00 4.129518991980636600e-02
3.794770002365112305e+00 5.606131750888183884e-02
3.798340082168579102e+00 1.409461468352062596e-01
3.802220106124877930e+00 5.579617785504394772e-02
3.803430080413818359e+00 8.029801243417311607e-02
3.803809881210327148e+00 9.014214513436052956e-02
3.805010080337524414e+00 5.573113479146124538e-02
3.808779954910278320e+00 3.575535905481729004e-02
3.810480117797851562e+00 4.924289449554201947e-02
3.815999984741210938e+00 1.229707436667137332e-01
3.821429967880249023e+00 9.691946166172589472e-02
3.837389945983886719e+00 6.561433008720657378e-02
3.852600097656250000e+00 9.059672094813088494e-02
3.852720022201538086e+00 9.616771310053398580e-02
3.855079889297485352e+00 8.247073468172588795e-02
3.858370065689086914e+00 3.524700368565193420e-01
3.863559961318969727e+00 3.715373576416819423e-02
3.866290092468261719e+00 5.263688464545840384e-02
3.871059894561767578e+00 1.836475490258470955e-01
3.871200084686279297e+00 6.182827621121175787e-02
3.886840105056762695e+00 2.194085174433251240e-01
3.903049945831298828e+00 1.837353535321036568e-01
3.972879886627197266e+00 3.382362590829499083e-02
4.000770092010498047e+00 7.318807600654703149e-02
4.001080036163330078e+00 5.661403047031950825e-02
4.004479885101318359e+00 9.056954607188158479e-02
4.005300045013427734e+00 5.115949767830874767e-02
4.005449771881103516e+00 1.063137012936516135e-01
4.007669925689697266e+00 1.237708697048167487e-02
4.012420177459716797e+00 3.206104531836240223e-01
4.012760162353515625e+00 7.038528925274921411e-02
4.014259815216064453e+00 1.200168833964297688e-01
4.015079975128173828e+00 2.425303501290304239e-02
4.016739845275878906e+00 7.503775260030691452e-02
4.018670082092285156e+00 2.231053815781481459e-02
4.021470069885253906e+00 3.431720219228474034e-01
4.022910118103027344e+00 3.352663994449158608e-02
4.026140213012695312e+00 6.785056519656876284e-02
4.029220104217529297e+00 5.509907228306170496e-02
4.029829978942871094e+00 2.443331656960189835e-01
4.031539916992187500e+00 3.575585327633533650e-01
4.047289848327636719e+00 2.228586040277605040e-01
4.050849914550781250e+00 1.055436008503646134e-01
4.054969787597656250e+00 2.303317675911903673e-01
4.065519809722900391e+00 7.885006208524676652e-02
4.069809913635253906e+00 1.078242149546288220e-01
4.130239963531494141e+00 3.653550765290584229e-02
4.138869762420654297e+00 1.315449299319225440e-01
4.138969898223876953e+00 2.170044628129599584e-01
4.147789955139160156e+00 8.080223263435956649e-02
4.151130199432373047e+00 5.445982665526522687e-02
4.162779808044433594e+00 4.830425318088095443e-02
4.169539928436279297e+00 1.774672696719080400e-01
4.180540084838867188e+00 9.470613718898408806e-02
4.182970046997070312e+00 1.477405590695812510e-01
4.210949897766113281e+00 3.677400666664051299e-01
4.211349964141845703e+00 1.002772800300254369e-01
4.211810111999511719e+00 2.694974696421426411e-02
4.216159820556640625e+00 4.355950350477982846e-02
4.216400146484375000e+00 4.120454656645500258e-02
4.218510150909423828e+00 3.712267406952317605e-01
4.223619937896728516e+00 2.804664445880007337e-02
4.224070072174072266e+00 8.919026956063694223e-02
4.226520061492919922e+00 1.198319021833759053e-02
4.233819961547851562e+00 2.615819377399993262e-01
4.234310150146484375e+00 6.231377293073460388e-02
4.235050201416015625e+00 1.517828403485244892e-01
4.235209941864013672e+00 3.904814063345468655e-02
4.237010002136230469e+00 6.501427202558827945e-02
4.237249851226806641e+00 2.205594318892474884e-02
4.239820003509521484e+00 3.821142454738662292e-02
4.242269992828369141e+00 6.459756558678877991e-02
4.252510070800781250e+00 7.770007891002195244e-02
4.267970085144042969e+00 1.065798825655695642e-01
4.268089771270751953e+00 8.489588516142940189e-03
4.268660068511962891e+00 5.335868626695006167e-02
4.278069972991943359e+00 3.445328210085671361e-02
4.289979934692382812e+00 1.745370010815767148e-01
4.293719768524169922e+00 5.353510777886308358e-02
4.303100109100341797e+00 4.771151603751444537e-02
4.312119960784912109e+00 9.080794301536318502e-02
4.337259769439697266e+00 1.367241914244233525e-01
4.342239856719970703e+00 5.137700842131487367e-02
4.343800067901611328e+00 1.368137083411343803e-02
4.350820064544677734e+00 9.194919996727286826e-02
4.359149932861328125e+00 6.775975234943069914e-02
4.360740184783935547e+00 1.072891337251413862e-01
4.365550041198730469e+00 4.505489715764062625e-02
4.371749877929687500e+00 3.228916502945307354e-02
4.376719951629638672e+00 1.782287182017055771e-01
4.380909919738769531e+00 3.428386486947126999e-02
4.381879806518554688e+00 1.291935261901092924e-01
4.383790016174316406e+00 1.119079685115192818e-01
4.385320186614990234e+00 8.856204768167288965e-02
4.386489868164062500e+00 3.729930109904064373e-02
4.389170169830322266e+00 2.971624456608504619e-02
4.389890193939208984e+00 2.669057957664985881e-02
4.391149997711181641e+00 4.437611890657944258e-02
4.393300056457519531e+00 2.379230045917498856e-02
4.398059844970703125e+00 1.366708847673185796e-02
4.405139923095703125e+00 4.301884983015585862e-02
4.409800052642822266e+00 4.191172492316665860e-02
4.414440155029296875e+00 1.694358787261551758e-02
4.428380012512207031e+00 2.323517911546927328e-01
4.430130004882812500e+00 2.130865396968060210e-01
4.455880165100097656e+00 9.283834499219837388e-01
4.462430000305175781e+00 5.472994958264404408e-02
4.466040134429931641e+00 5.515074439233721287e-02
4.468460083007812500e+00 2.347546407191354254e-02
4.473460197448730469e+00 2.828967595106102739e-01
4.473740100860595703e+00 1.661595019626643521e-01
4.474249839782714844e+00 1.671396378663471127e-01
4.481669902801513672e+00 1.507992290130446833e-01
4.500410079956054688e+00 1.375472240460232365e-01
4.553740024566650391e+00 2.544966262437888815e-01
4.566510200500488281e+00 9.557422096161748148e-02
4.585490226745605469e+00 4.655845757159268045e-02
4.586209774017333984e+00 1.244113102203787818e-01
4.587729930877685547e+00 1.043135307300663006e-01
4.589719772338867188e+00 2.133542037887450338e-01
4.593760013580322266e+00 4.548527719108038520e-02
4.594059944152832031e+00 5.628543926609090586e-02
4.594240188598632812e+00 8.519143949018366524e-02
4.595489978790283203e+00 5.129194787842153436e-02
4.598899841308593750e+00 4.473779985269062121e-02
4.600979804992675781e+00 2.186583973256682745e-01
4.602839946746826172e+00 1.222972395753712110e-01
4.604430198669433594e+00 3.692096355665085844e-02
4.610229969024658203e+00 2.681663758147128512e-02
4.612170219421386719e+00 6.777962184477734353e-02
4.612850189208984375e+00 4.783039102414086974e-02
4.612959861755371094e+00 1.413763433852380236e-01
4.614160060882568359e+00 1.934175789983036686e-01
4.621290206909179688e+00 6.852432976939189235e-02
4.621479988098144531e+00 1.648345331564080862e-01
4.623720169067382812e+00 9.446693928302893339e-02
4.630040168762207031e+00 1.762010313630543723e-01
4.651579856872558594e+00 4.893245230018987146e-01
4.729690074920654297e+00 1.195126527175273401e-01
4.738749980926513672e+00 1.435875059208889526e-01
4.740389823913574219e+00 1.218086579362042676e-01
4.742249965667724609e+00 6.180097916980022144e-02
4.746069908142089844e+00 1.308310086739403189e-01
4.749330043792724609e+00 4.181087637761102954e-02
4.751689910888671875e+00 9.900395440055052496e-03
4.764100074768066406e+00 1.501259112226348558e-01
4.765240192413330078e+00 3.396216304829002830e-01
4.783870220184326172e+00 5.992521881618428220e-02
4.787769794464111328e+00 1.033092560044848729e-01
4.791649818420410156e+00 3.157050729122490296e-02
4.794559955596923828e+00 9.182116313473630276e-02
4.801449775695800781e+00 1.209279536430962754e-01
4.802299976348876953e+00 1.936211334033409726e-01
4.804339885711669922e+00 3.797800935821940560e-02
4.804890155792236328e+00 6.027828934600679700e-01
4.808080196380615234e+00 7.713191609684849626e-02
4.816530227661132812e+00 4.576879957746131378e-02
4.817739963531494141e+00 4.144626022696822065e-02
4.817790031433105469e+00 2.339094914230184508e-02
4.817910194396972656e+00 7.433924170823152933e-02
4.829569816589355469e+00 2.616736918765934922e-02
4.831830024719238281e+00 9.994959072150140234e-01
4.838019847869873047e+00 2.559826192135408046e-02
4.840469837188720703e+00 8.487373085523147731e-02
4.842360019683837891e+00 8.569106454567967934e-02
4.845119953155517578e+00 3.378127249267256355e-02
4.855120182037353516e+00 1.853533916625531644e-02
4.859960079193115234e+00 4.466253870466363463e-02
4.864540100097656250e+00 5.719101344004232958e-03
4.864739894866943359e+00 7.108139284541772907e-02
4.881649971008300781e+00 7.629315060831802497e-02
4.895530223846435547e+00 5.314405500297843948e-02
4.896299839019775391e+00 1.128079964833851312e-01
4.907249927520751953e+00 1.318466340424302025e-02
4.909039974212646484e+00 2.120310929123969679e-01
4.922210216522216797e+00 3.351305046520714620e-02
4.925439834594726562e+00 9.852237640848675315e-02
4.927589893341064453e+00 2.260659417665555546e-02
4.935579776763916016e+00 1.444907032826921178e-02
4.941030025482177734e+00 9.372817671047130317e-02
4.953519821166992188e+00 4.718754701457068129e-02
4.957170009613037109e+00 9.640115669599377823e-02
4.961470127105712891e+00 1.079814099830821855e-02
4.964789867401123047e+00 6.675001829990515057e-02
4.965640068054199219e+00 1.328124073323897480e-01
4.966189861297607422e+00 9.918342149547032527e-02
4.968770027160644531e+00 7.371898253509361065e-02
4.974390029907226562e+00 5.358885285240583274e-02
4.975709915161132812e+00 1.931560677491876432e-01
4.980589866638183594e+00 9.204856763386155827e-02
4.985499858856201172e+00 7.508505547970097116e-02
4.986969947814941406e+00 7.839406122272807309e-02
4.987820148468017578e+00 4.487931067072311597e-01
4.991580009460449219e+00 9.038400051767474519e-01
4.998970031738281250e+00 4.565516944064557103e-01
5.001379966735839844e+00 3.770648909972451612e-02
5.016600131988525391e+00 2.927042062012379098e-02
5.017159938812255859e+00 5.112512016095255990e-02
5.027170181274414062e+00 2.587721445364003434e-02
5.048279762268066406e+00 3.766852987053067453e-02
5.056049823760986328e+00 2.949468227278615462e-01
5.059879779815673828e+00 5.858303111189360618e-02
5.060239791870117188e+00 1.312639013096546514e-01
5.076270103454589844e+00 3.370347162802596330e-02
5.082059860229492188e+00 1.473535334333692659e-01
5.082580089569091797e+00 7.885467645742501308e-02
5.136030197143554688e+00 9.192962048325754865e-02
5.154109954833984375e+00 1.731253011735035263e-01
5.157249927520751953e+00 8.567130810152719100e-02
5.165510177612304688e+00 4.771271938184830363e-02
5.166910171508789062e+00 6.644635204394027106e-01
5.173110008239746094e+00 5.975719872959343870e-02
5.174849987030029297e+00 4.273425453615607716e-02
5.176089763641357422e+00 1.110046789507789927e-01
5.178180217742919922e+00 6.803809960216215813e-02
5.180280208587646484e+00 2.021129964604930773e-01
5.180610179901123047e+00 5.013303027728793076e-02
5.183559894561767578e+00 5.507960520234429086e-02
5.183949947357177734e+00 5.346692970820908497e-02
5.184529781341552734e+00 9.503153726388426092e-02
5.186870098114013672e+00 1.351572091637653072e-01
5.188020229339599609e+00 4.678991465929622368e-02
5.191870212554931641e+00 1.352510211582197419e-02
5.194099903106689453e+00 7.524446755332281356e-02
5.194630146026611328e+00 1.099552154496628714e-01
5.200650215148925781e+00 4.245547723408579777e-01
5.214059829711914062e+00 1.098625528903578036e-01
5.223750114440917969e+00 4.646196717973639922e-02
5.225269794464111328e+00 7.990637197689194615e-02
5.229869842529296875e+00 2.156396944045512465e-01
5.283360004425048828e+00 1.769234841858680352e-01
5.307050228118896484e+00 4.277789542140496282e-02
5.333879947662353516e+00 8.685558857956987566e-02
5.334790229797363281e+00 1.993697230648871360e-02
5.337530136108398438e+00 5.659264352354942407e-02
5.342179775238037109e+00 1.814474994803695618e-01
5.359519958496093750e+00 1.299685385163296125e-01
5.361869812011718750e+00 2.059985849507565969e-01
5.362899780273437500e+00 5.605685908968012499e-02
5.369110107421875000e+00 1.020587269346311110e-01
5.391540050506591797e+00 7.610346629503095262e-02
5.395750045776367188e+00 3.834171651671954006e-02
5.396949768066406250e+00 3.424412932842339774e-02
5.399169921875000000e+00 1.394235524323717557e-01
5.401140213012695312e+00 4.346479444934609609e-02
5.402929782867431641e+00 1.893958959999130498e-01
5.403049945831298828e+00 2.773596162574962568e-02
5.403880119323730469e+00 1.268924130024133290e-01
5.403920173645019531e+00 9.215630646180676677e-02
5.406740188598632812e+00 1.323530336515427730e-01
5.408189773559570312e+00 1.245254718080437972e-01
5.408539772033691406e+00 7.807226625074974169e-02
5.411520004272460938e+00 1.145240263270169284e-01
5.415639877319335938e+00 3.812257992456009187e-02
5.421360015869140625e+00 4.905533299043936257e-02
5.423339843750000000e+00 5.055752243412878211e-02
5.424749851226806641e+00 2.187236985771941894e-02
5.425489902496337891e+00 9.240318644402530091e-02
5.434589862823486328e+00 2.096935234990357153e-02
5.437870025634765625e+00 1.091989479047103251e-01
5.443600177764892578e+00 1.172110988248346863e-01
5.444930076599121094e+00 1.314892356720234398e-02
5.457059860229492188e+00 2.689460981389294944e-02
5.472459793090820312e+00 8.225261136942715878e-02
5.475309848785400391e+00 1.221412061347738887e-02
5.504620075225830078e+00 4.044762236385406051e-02
5.509240150451660156e+00 1.005589607630672511e-01
5.511340141296386719e+00 6.962250725767527015e-02
5.531789779663085938e+00 9.452039086057439921e-02
5.538310050964355469e+00 1.040004854450942706e-01
5.539669990539550781e+00 4.701005884479717012e-02
5.541269779205322266e+00 8.974145668417853050e-02
5.542890071868896484e+00 5.082237301714917499e-02
5.543670177459716797e+00 3.542863212740975098e-02
5.552519798278808594e+00 2.287140435319227547e-02
5.554590225219726562e+00 2.953853672464097982e-02
5.557869911193847656e+00 3.642029471856720463e-02
5.562369823455810547e+00 2.914994277338548573e-02
5.564260005950927734e+00 1.329688614164726834e-01
5.566609859466552734e+00 1.547908292401788642e-02
5.569230079650878906e+00 4.423617985949242909e-02
5.570300102233886719e+00 4.049736619576128210e-02
5.572679996490478516e+00 4.970719860170969701e-02
5.579510211944580078e+00 6.557800003366728858e-02
5.582689762115478516e+00 1.159684692782901247e-02
5.583159923553466797e+00 2.121759937208550495e-01
5.588469982147216797e+00 8.417870485593742513e-02
5.595600128173828125e+00 2.700197351143630575e-01
5.603139877319335938e+00 1.333727763005843614e-01
5.605239868164062500e+00 3.528362488942426989e-02
5.612820148468017578e+00 2.690818462076762299e-02
5.616620063781738281e+00 4.243476229135626637e-02
5.618619918823242188e+00 3.855099097479556397e-02
5.628379821777343750e+00 1.279781693528102837e-01
5.639599800109863281e+00 6.494325352817466313e-02
5.650800228118896484e+00 4.294244259991816109e-02
5.660689830780029297e+00 5.822781655232508319e-02
5.662390232086181641e+00 2.413341161910604049e-01
5.727950096130371094e+00 4.877218343278205692e-02
5.736770153045654297e+00 7.713325227994109745e-02
5.745279788970947266e+00 8.712491136090141919e-02
5.755420207977294922e+00 1.951292281016682173e-01
5.765389919281005859e+00 1.105423489774500639e-02
5.765699863433837891e+00 3.068930009189075325e-01
5.769340038299560547e+00 1.865696261870188888e-01
5.772170066833496094e+00 8.550604256437613349e-02
5.772459983825683594e+00 3.016949855133696512e-02
5.775869846343994141e+00 7.443321633235269741e-02
5.776169776916503906e+00 2.455388889273314723e-02
5.776589870452880859e+00 4.344160960462500887e-02
5.779850006103515625e+00 1.639256929827888898e-01
5.784369945526123047e+00 2.583525771895080203e-02
5.792009830474853516e+00 1.179398013439953569e-01
5.797910213470458984e+00 4.178252700144749476e-01
5.801350116729736328e+00 1.644163033374188843e-01
5.801380157470703125e+00 1.551674233973099684e-02
5.802770137786865234e+00 4.988157142478240325e-02
5.807189941406250000e+00 1.992179412529002797e-02
5.809050083160400391e+00 5.474198761716921741e-02
5.813940048217773438e+00 3.291624363418069882e-02
5.815229892730712891e+00 2.325414591396417555e-02
5.831409931182861328e+00 9.909535494229063102e-02
5.891960144042968750e+00 2.588533610554939468e-01
5.900139808654785156e+00 1.099867359868707400e-01
5.906939983367919922e+00 2.227375917381101966e-01
5.908450126647949219e+00 1.620477114206612390e-01
5.918809890747070312e+00 5.329002155180517092e-02
5.922830104827880859e+00 9.067726244018942117e-02
5.932340145111083984e+00 1.362142072848151683e-02
5.935780048370361328e+00 1.264052201426446309e-01
5.946519851684570312e+00 6.307120185594704276e-02
5.950990200042724609e+00 4.751054043115626735e-02
5.952390193939208984e+00 1.038115404453939100e-01
5.964890003204345703e+00 1.057577559858352695e-01
5.973800182342529297e+00 1.698439409491024621e-01
5.978069782257080078e+00 1.056731531557413700e-01
5.980209827423095703e+00 5.664111602893592140e-02
5.985149860382080078e+00 7.569279157141792225e-02
5.986179828643798828e+00 1.929453369436645235e-02
5.994740009307861328e+00 8.335390486998954518e-02
5.995729923248291016e+00 2.535764887605950757e-01
6.002069950103759766e+00 1.012981091956828561e-01
6.006659984588623047e+00 8.628385727184451071e-02
6.008979797363281250e+00 1.178854585903511554e-01
6.016870021820068359e+00 7.425997712481899327e-02
6.017340183258056641e+00 3.381812983449535015e-02
6.024539947509765625e+00 4.124673294315352179e-02
6.024789810180664062e+00 8.953043248234142382e-02
6.025440216064453125e+00 3.325416262297183068e-02
6.028619766235351562e+00 7.026493322340958414e-02
6.029510021209716797e+00 5.506801890935256877e-02
6.030250072479248047e+00 3.229459077914809129e-02
6.030340194702148438e+00 4.010905895290716727e-01
6.041090011596679688e+00 9.841635602371363867e-02
6.067450046539306641e+00 2.789708095332521162e-02
6.072939872741699219e+00 1.051420016396409640e-01
6.080299854278564453e+00 6.202456110810167927e-02
6.085720062255859375e+00 1.004178415678002034e-01
6.100500106811523438e+00 5.451447119484004872e-02
6.108650207519531250e+00 1.181135192916477616e-01
6.112870216369628906e+00 6.882363986085991703e-02
6.115550041198730469e+00 1.290241914943413837e-01
6.125490188598632812e+00 7.849174454580175320e-02
6.125929832458496094e+00 1.562113977708888199e-02
6.129600048065185547e+00 5.323992397814431010e-01
6.135849952697753906e+00 1.110968037053893659e-01
6.137119770050048828e+00 3.906824548742491438e-02
6.138820171356201172e+00 2.652035578681205888e-02
6.147699832916259766e+00 7.229893975044485166e-02
6.148429870605468750e+00 3.053576815826565261e-01
6.149089813232421875e+00 1.982705963905825874e-02
6.158549785614013672e+00 2.206315743280759523e-01
6.162680149078369141e+00 4.542851159672943451e-02
6.164569854736328125e+00 1.796056428053820209e-01
6.171140193939208984e+00 3.436674364982741925e-01
6.172979831695556641e+00 2.555048302067924881e-02
6.180039882659912109e+00 9.718973062027240484e-02
6.182390213012695312e+00 2.177251648723158017e-02
6.189610004425048828e+00 6.048561340812701193e-02
6.192450046539306641e+00 2.409543765464594589e-01
6.198639869689941406e+00 3.791663263301436188e-02
6.198729991912841797e+00 2.984070032719034204e-02
6.202139854431152344e+00 1.181894161734933224e-01
6.204850196838378906e+00 3.684190963421465209e-02
6.213749885559082031e+00 4.059146083681271222e-02
6.225019931793212891e+00 5.207140755387940773e-02
6.251900196075439453e+00 6.531302256106023829e-02
6.252180099487304688e+00 1.988362646938454659e-01
6.252190113067626953e+00 1.340823128900501260e-01
6.256509780883789062e+00 3.184122873658160047e-01
6.300630092620849609e+00 7.268147772303622522e-01
6.315410137176513672e+00 2.293534267552480369e-02
6.319059848785400391e+00 2.728737487647793780e-01
6.329939842224121094e+00 1.222293297799088435e-01
6.333769798278808594e+00 1.066052327962949020e+00
6.344729900360107422e+00 5.721574657898205463e-02
6.348549842834472656e+00 1.152088088195071976e-02
6.349520206451416016e+00 2.957614380281105015e-01
6.370979785919189453e+00 1.518053810273645998e-01
6.373720169067382812e+00 2.245419439064255326e-02
6.374380111694335938e+00 1.904429391972231600e-01
6.380650043487548828e+00 1.188177635638716589e+00
6.382629871368408203e+00 5.134474219316504523e-02
6.393499851226806641e+00 4.384504818043175045e-02
6.408020019531250000e+00 1.539096977894923932e-02
6.409299850463867188e+00 1.102347128509688634e-01
6.410049915313720703e+00 2.790910625379581789e-01
6.413099765777587891e+00 1.896663492019290687e-01
6.413109779357910156e+00 3.165012977004755812e-01
6.414700031280517578e+00 1.547755217466114663e-01
6.421329975128173828e+00 2.991479509980957824e-02
6.425499916076660156e+00 1.038237662613459289e-01
6.429769992828369141e+00 3.683712147448951757e-02
6.474870204925537109e+00 6.802220849519146073e-01
6.478889942169189453e+00 3.420088741796812881e-01
6.481589794158935547e+00 6.814740870622869595e-01
6.487959861755371094e+00 1.166429865368233232e+00
6.496140003204345703e+00 5.866470304753446108e-01
6.499820232391357422e+00 4.996177855658361366e-01
6.505549907684326172e+00 1.419156064323890687e-01
6.516359806060791016e+00 2.275223308784313225e-02
6.523409843444824219e+00 7.640523700670683038e-02
6.524580001831054688e+00 3.116097848568617074e-02
6.539730072021484375e+00 4.899708850214071210e-02
6.545199871063232422e+00 6.606603535956334650e-01
6.552100181579589844e+00 1.608931590216737817e-01
6.554629802703857422e+00 1.002728904103801222e+00
6.562339782714843750e+00 2.722052401422900281e-01
6.563819885253906250e+00 8.236279939505700143e-02
6.566959857940673828e+00 2.195756016820197498e+00
6.567689895629882812e+00 2.089911633628497523e+00
6.572100162506103516e+00 1.463576526384993970e-01
6.583439826965332031e+00 1.690521833071391422e-01
6.586790084838867188e+00 3.374500250876745211e-01
6.588260173797607422e+00 5.313238164836010802e-02
6.595560073852539062e+00 2.035303919005456985e-01
6.598989963531494141e+00 6.629472074910844892e-01
6.602119922637939453e+00 1.287047093332085307e-02
6.607009887695312500e+00 4.928514763971157397e-01
6.622640132904052734e+00 1.506019914947943850e+00
6.638150215148925781e+00 1.019785363760814106e-01
6.643400192260742188e+00 1.249687412055476399e+00
6.647600173950195312e+00 2.458565731702383461e-01
6.649010181427001953e+00 1.953488801922624307e-01
6.649819850921630859e+00 2.981732561211643540e-01
6.653120040893554688e+00 8.360958243034151416e-02
6.658649921417236328e+00 1.415602282744722995e+00
6.663909912109375000e+00 1.674633058835803601e+00
6.665339946746826172e+00 2.409408437233273581e-01
6.667980194091796875e+00 1.462402110052365700e-01
6.668930053710937500e+00 1.962148872133974375e+00
6.676569938659667969e+00 1.154870536070250031e+00
6.681330204010009766e+00 1.021082590436027226e+00
6.690000057220458984e+00 2.352456991902368566e-01
6.697169780731201172e+00 2.274237754868655703e-01
6.715139865875244141e+00 1.540124229814036516e+00
6.723559856414794922e+00 5.110963903040401102e-02
6.729370117187500000e+00 8.365952035739956383e-01
6.737669944763183594e+00 8.139987714692614729e-02
6.741680145263671875e+00 5.947875376555711302e-01
6.744450092315673828e+00 3.402115705301796134e-02
6.750669956207275391e+00 3.695671831124966444e-01
6.754449844360351562e+00 3.930180226774010466e-01
6.757559776306152344e+00 1.136213418591532021e+00
6.757989883422851562e+00 7.751414936857731197e-01
6.758570194244384766e+00 3.460916380560153521e-02
6.766250133514404297e+00 6.344040269232145701e-02
6.768579959869384766e+00 2.122461825515889744e-01
6.771220207214355469e+00 6.524363569967375209e-01
6.775730133056640625e+00 1.953196211624728951e-01
6.786009788513183594e+00 6.390215763181650299e-02
6.786399841308593750e+00 5.021385206560298464e-02
6.796919822692871094e+00 9.764837793084965023e-01
6.803890228271484375e+00 1.487004730402976760e+00
6.811220169067382812e+00 1.793618835504504627e-01
6.813409805297851562e+00 5.247421325139910164e-02
6.820899963378906250e+00 1.786203861905220902e-01
6.827439785003662109e+00 1.109403400796855177e+00
6.834650039672851562e+00 1.056741583184451772e-01
6.847990036010742188e+00 1.169031031978269519e+00
6.850609779357910156e+00 1.246785849497649007e-01
6.853980064392089844e+00 2.509911120535870399e+00
6.858300209045410156e+00 7.705435132847922308e-02
6.860869884490966797e+00 2.195519477758272331e-01
6.868589878082275391e+00 2.265585569632433960e-01
6.883150100708007812e+00 8.294266676011191608e-01
6.884590148925781250e+00 1.718068064290476871e+00
6.886459827423095703e+00 1.121669854625608753e+00
6.887599945068359375e+00 5.723042293876701853e-02
6.887710094451904297e+00 2.462537650715451498e+00
6.893760204315185547e+00 1.537291258900959745e+00
6.898769855499267578e+00 1.288819070821449531e+00
6.900770187377929688e+00 9.525135020547552678e-01
6.915609836578369141e+00 3.963336243655098401e-01
6.931449890136718750e+00 1.487524356936843262e+00
6.939929962158203125e+00 1.498646448878340753e-01
6.958519935607910156e+00 1.723027006218088797e+00
6.960969924926757812e+00 1.344829570947407016e-01
6.976930141448974609e+00 8.971236908941312427e-01
6.984859943389892578e+00 1.294022527770985143e+00
6.990469932556152344e+00 1.607799947356147285e+00
6.990509986877441406e+00 5.069605874338183327e-01
6.992340087890625000e+00 7.948172036348517544e-01
6.993400096893310547e+00 3.295775685605297212e-01
7.001379966735839844e+00 2.152168360983334860e+00
7.006460189819335938e+00 2.137780078496588354e-01
7.024330139160156250e+00 2.267549051641189542e-02
7.025219917297363281e+00 3.349590511704508833e-01
7.026509761810302734e+00 9.514445241031109501e-02
7.027120113372802734e+00 3.365410595497939639e-01
7.028940200805664062e+00 3.023684332231016403e-01
7.029240131378173828e+00 1.724782609393823163e-01
7.034060001373291016e+00 1.260327986551462498e+00
7.049379825592041016e+00 1.962852648017199719e+00
7.050209999084472656e+00 5.048519219903337962e-01
7.060729980468750000e+00 6.122020543903735623e-01
7.082620143890380859e+00 1.211557236832519813e+00
7.086740016937255859e+00 2.394085560724130701e+00
7.088140010833740234e+00 1.289062285692593068e+00
7.097380161285400391e+00 1.225647867562214000e+00
7.099289894104003906e+00 2.123482375398892064e+00
7.107679843902587891e+00 2.665326176480590892e+00
7.108359813690185547e+00 5.232040045516901383e-01
7.111499786376953125e+00 2.237191995585041226e+00
7.113130092620849609e+00 6.574388786017906217e-01
7.119890213012695312e+00 9.428970868154164242e-02
7.119949817657470703e+00 1.123402216439940204e+00
7.122350215911865234e+00 1.768025168711145623e-01
7.129290103912353516e+00 4.109601796604698265e-01
7.139299869537353516e+00 7.712661712653872126e-01
7.146540164947509766e+00 5.974202633799868822e-01
7.155930042266845703e+00 1.710455504796250858e+00
7.156149864196777344e+00 5.401068320720964905e-02
7.168930053710937500e+00 6.459934137281864164e-01
7.173960208892822266e+00 5.685290628131939306e-01
7.174640178680419922e+00 6.535629794135148218e-01
7.184070110321044922e+00 1.014021874809760138e-01
7.187300205230712891e+00 1.009776885813377545e+00
7.189249992370605469e+00 9.230530291754045213e-02
7.195179939270019531e+00 1.290614940679218892e-01
7.209010124206542969e+00 1.360419063065103351e-01
7.210110187530517578e+00 1.536521750553888843e+00
7.212649822235107422e+00 9.795230598540412004e-01
7.213389873504638672e+00 1.929333435680070652e+00
7.217360019683837891e+00 3.896029954702551756e-01
7.231790065765380859e+00 7.490703966316910600e-01
7.233540058135986328e+00 1.454159622623335313e+00
7.236869812011718750e+00 3.393227785255943929e-01
7.246829986572265625e+00 1.714402897591202235e+00
7.250140190124511719e+00 7.537946519159922643e-01
7.250529766082763672e+00 1.337141459175482883e+00
7.255819797515869141e+00 6.975971188073001317e-01
7.257929801940917969e+00 7.862146037778577901e-02
7.263549804687500000e+00 9.223994278952181158e-01
7.266200065612792969e+00 8.812996582801205792e-01
7.277999877929687500e+00 4.583520324016981395e-01
7.282479763031005859e+00 1.070573047557612512e+00
7.286260128021240234e+00 9.189330230057213278e-01
7.293849945068359375e+00 5.592472974019907506e-01
7.308199882507324219e+00 9.444251173698693380e-01
7.318540096282958984e+00 2.863713620575586427e-01
7.320549964904785156e+00 7.905424893126992147e-01
7.336579799652099609e+00 5.097331080472073950e-01
7.354370117187500000e+00 1.023644418219478380e+00
7.356760025024414062e+00 1.119693225978563689e+00
7.360449790954589844e+00 1.870459043111903252e+00
7.375289916992187500e+00 7.504533408852657184e-01
7.376259803771972656e+00 7.729471949470753112e-01
7.379759788513183594e+00 3.471490644816364046e+00
7.386139869689941406e+00 1.168873540709396641e+00
7.387939929962158203e+00 2.373141673415317676e+00
7.390540122985839844e+00 9.625213190696026988e-01
7.390699863433837891e+00 9.231476236295925730e-01
7.391039848327636719e+00 8.025805834791697180e-01
7.398009777069091797e+00 8.281093930228711208e-01
7.400909900665283203e+00 1.409598525539775382e+00
7.404620170593261719e+00 8.872695325891573059e-01
7.407909870147705078e+00 1.394171604957836763e+00
7.419400215148925781e+00 7.683187988320042683e-01
7.422830104827880859e+00 2.264927477072683770e-01
7.436970233917236328e+00 1.599612020926843847e-01
7.443379878997802734e+00 1.778051012138234466e+00
7.449649810791015625e+00 1.056406557959818970e+00
7.454199790954589844e+00 6.879752697845661347e-01
7.457709789276123047e+00 6.318216926215036722e-01
7.473909854888916016e+00 9.734931407672142711e-01
7.473919868469238281e+00 6.708119977195259320e-01
7.477379798889160156e+00 6.754500177504620950e-01
7.478240013122558594e+00 6.649513219921712182e-01
7.478909969329833984e+00 6.424036360896574482e-01
7.479800224304199219e+00 3.758020855872585830e-01
7.481880187988281250e+00 7.288178547989078160e-01
7.483709812164306641e+00 1.112555311982025286e-01
7.485479831695556641e+00 1.369114294072753868e+00
7.486700057983398438e+00 1.802315324556215570e+00
7.487609863281250000e+00 1.571814645159574642e-01
7.490869998931884766e+00 4.953621720829775588e-01
7.502810001373291016e+00 5.877183282503440909e-01
7.512179851531982422e+00 2.076825362823413901e+00
7.512929916381835938e+00 1.030204649900628544e+00
7.521629810333251953e+00 7.468108391363703635e-01
7.525839805603027344e+00 3.525726035196466324e+00
7.529240131378173828e+00 7.640892551695122048e-01
7.530960083007812500e+00 1.093572192444236535e+00
7.547130107879638672e+00 2.189016286559669844e+00
7.549290180206298828e+00 1.770949699198824723e+00
7.555329799652099609e+00 1.135984102518818650e+00
7.559239864349365234e+00 1.120864329990641339e+00
7.565000057220458984e+00 1.736521429814915085e-01
7.565289974212646484e+00 2.258659680089389443e+00
7.568099975585937500e+00 7.077837560816641060e-01
7.569180011749267578e+00 5.966745049279668089e-01
7.594810009002685547e+00 1.743343484239910091e-01
7.595920085906982422e+00 1.523866803401095371e+00
7.597589969635009766e+00 5.312176304978217800e-01
7.602809906005859375e+00 9.046920945136718850e-02
7.609570026397705078e+00 5.111948950689191445e-02
7.623730182647705078e+00 2.147542211667792245e+00
7.628890037536621094e+00 1.102786366200491086e+00
7.631120204925537109e+00 7.628489018665393084e-01
7.632860183715820312e+00 1.035860154692546997e+00
7.636990070343017578e+00 2.051866184060841647e+00
7.637670040130615234e+00 2.624242290870347993e+00
7.659039974212646484e+00 8.911950865361273344e-01
7.663040161132812500e+00 1.060550593655430029e+00
7.677770137786865234e+00 9.964282438998395275e-01
7.696010112762451172e+00 1.662801276951670681e+00
7.704339981079101562e+00 2.087422684895832159e+00
7.709209918975830078e+00 7.319494672801524215e-01
7.710140228271484375e+00 2.373609031526023039e-01
7.712810039520263672e+00 7.786723617577901990e-01
7.717989921569824219e+00 2.183720492459281903e+00
7.721930027008056641e+00 1.126566633226950831e+00
7.724470138549804688e+00 1.372621509868362288e+00
7.724609851837158203e+00 8.288253527995436132e-01
7.735030174255371094e+00 1.930943092934906069e+00
7.736730098724365234e+00 1.178665027930741349e+00
7.742340087890625000e+00 1.386356135238653586e-01
7.749310016632080078e+00 4.107579828136579181e+00
7.755109786987304688e+00 1.367696716088916409e+00
7.755270004272460938e+00 6.360371012666152790e-01
7.760200023651123047e+00 1.544701987496927886e+00
7.764550209045410156e+00 8.964436783999707448e-01
7.772950172424316406e+00 3.262829120652000814e+00
7.785570144653320312e+00 1.141853719164867886e+00
7.790400028228759766e+00 6.879619232384017735e-01
7.796870231628417969e+00 1.163016953693026823e-01
7.801670074462890625e+00 2.450892593009734999e-01
7.808030128479003906e+00 1.833041813627250605e+00
7.810019969940185547e+00 1.707685177664517218e+00
7.817170143127441406e+00 1.576262799744086784e+00
7.820889949798583984e+00 1.903142011412742196e+00
7.821010112762451172e+00 4.685059034744786244e-01
7.839459896087646484e+00 7.219763620863061115e-01
7.843379974365234375e+00 1.279092152571346119e+00
7.844769954681396484e+00 1.239650884932624875e+00
7.854420185089111328e+00 2.095110677812050515e+00
7.868080139160156250e+00 1.173949685325962333e+00
7.874740123748779297e+00 3.277865065785376508e+00
7.875490188598632812e+00 6.650089500964709854e-01
7.885479927062988281e+00 4.936954863297234875e-01
7.886439800262451172e+00 4.956854416357077686e-01
7.887720108032226562e+00 2.251073649636874840e+00
7.888860225677490234e+00 1.834142388611440078e+00
7.893139839172363281e+00 1.594019359134321689e+00
7.896460056304931641e+00 4.317562703594362561e-01
7.908160209655761719e+00 4.215124737608633709e-01
7.910990238189697266e+00 6.671671618206621579e-01
7.932950019836425781e+00 1.111282020591000341e+00
7.938549995422363281e+00 8.645539312647251284e-01
7.943530082702636719e+00 8.212826344105533805e-02
7.954609870910644531e+00 1.042955103978510989e+00
7.955259799957275391e+00 5.001471975163355177e-01
7.955999851226806641e+00 2.835979629248952527e-01
7.958529949188232422e+00 1.542059760442386240e+00
7.962160110473632812e+00 1.297382570351114595e+00
7.962779998779296875e+00 1.314483289602036198e+00
7.970029830932617188e+00 4.557189965225093564e-01
7.971680164337158203e+00 6.148319196448297497e-01
7.972169876098632812e+00 1.789379318983492562e+00
7.975379943847656250e+00 1.117399719243469258e+00
7.977890014648437500e+00 1.206077688355175828e-02
7.994019985198974609e+00 1.673936725552562788e+00
7.996709823608398438e+00 5.519982083373444759e-01
8.002719879150390625e+00 6.162583480622270127e-01
8.008589744567871094e+00 9.027611326452922302e-01
8.011560440063476562e+00 2.207870175414044844e+00
8.018480300903320312e+00 7.896416731941904299e-01
8.024669647216796875e+00 1.580817555379456785e+00
8.024900436401367188e+00 2.153375138773832020e+00
8.025320053100585938e+00 8.494411742727177028e-01
8.032839775085449219e+00 3.349566585224755255e-01
8.034070014953613281e+00 1.347097995696199479e+00
8.035699844360351562e+00 1.071667485457624691e+00
8.038290023803710938e+00 7.187281404975609522e-01
8.046170234680175781e+00 2.446281561988307818e+00
8.048680305480957031e+00 3.624677508288729477e+00
8.050299644470214844e+00 3.148713417107437129e-01
8.051830291748046875e+00 7.806179288689556461e-01
8.062350273132324219e+00 7.577930852753113067e-01
8.078880310058593750e+00 1.226328919423268049e+00
8.087229728698730469e+00 2.444932754521081275e+00
8.091959953308105469e+00 4.950161190439373304e-01
8.092140197753906250e+00 7.077841607852902728e-01
8.096920013427734375e+00 8.400474541389109095e-01
8.111920356750488281e+00 1.137242772025067739e+00
8.112259864807128906e+00 1.357190451356099947e+00
8.112380027770996094e+00 5.784482840234667078e-01
8.127550125122070312e+00 9.702266863301226563e-01
8.140379905700683594e+00 1.366325913905328315e+00
8.151379585266113281e+00 2.830248723740671490e-01
8.159049987792968750e+00 1.428681315489120918e-01
8.163969993591308594e+00 2.267066804129227009e+00
8.170200347900390625e+00 6.034129203355018678e-01
8.175029754638671875e+00 2.194729160849479555e-01
8.178420066833496094e+00 1.366616858374019583e-01
8.178620338439941406e+00 1.322026488992265880e-01
8.181059837341308594e+00 1.525428190834880127e+00
8.183589935302734375e+00 6.839184201129191454e-01
8.190170288085937500e+00 8.440372561575449906e-01
8.192959785461425781e+00 1.024297796520209219e-01
8.194899559020996094e+00 3.701620388187257582e+00
8.198510169982910156e+00 9.474206552894754996e-01
8.206379890441894531e+00 2.092126879665257455e+00
8.209159851074218750e+00 2.479067692385637511e-01
8.223620414733886719e+00 2.017747781417875697e+00
8.229999542236328125e+00 1.301930749286483335e+00
8.240949630737304688e+00 7.342834431096499914e-01
8.248169898986816406e+00 1.133658375843410004e+00
8.255740165710449219e+00 8.044765881073249192e-01
8.257269859313964844e+00 7.985672388479028161e-01
8.265379905700683594e+00 3.548180881364595862e+00
8.268429756164550781e+00 6.350971472438038390e-01
8.273329734802246094e+00 1.739440638819171880e-01
8.273690223693847656e+00 3.718917826916141034e-01
8.275279998779296875e+00 2.055467226977542694e+00
8.277669906616210938e+00 1.177196662340034949e+00
8.279829978942871094e+00 3.017273740931007975e+00
8.289429664611816406e+00 4.651223088024505348e-01
8.291230201721191406e+00 7.444299012256112569e-01
8.300629615783691406e+00 3.479295252792985460e-01
8.301119804382324219e+00 1.783817973620324127e-01
8.301349639892578125e+00 1.547000913485637064e+00
8.311010360717773438e+00 7.628470894838639271e-01
8.311369895935058594e+00 1.798428614697633376e+00
8.315259933471679688e+00 5.692191600622089620e-01
8.318129539489746094e+00 1.019951761490872855e+00
8.323019981384277344e+00 1.975736050300360480e+00
8.331640243530273438e+00 1.983317360020149023e+00
8.336810111999511719e+00 1.868707102215048987e+00
8.349260330200195312e+00 2.354036715436318983e-01
8.352060317993164062e+00 1.214601960776368950e+00
8.356209754943847656e+00 1.926079474334120301e-01
8.368949890136718750e+00 1.682306735185286950e+00
8.369680404663085938e+00 2.205895216937575065e-01
8.384940147399902344e+00 1.480997302660386761e-01
8.408610343933105469e+00 5.962825026356614044e-01
8.413999557495117188e+00 1.241061325438915119e+00
8.417119979858398438e+00 8.888265871044314093e-01
8.425470352172851562e+00 1.146680626330966346e+00
8.426320075988769531e+00 6.124292342767260200e-01
8.437620162963867188e+00 1.397182921204566108e+00
8.452619552612304688e+00 3.128667398140103084e-01
8.452759742736816406e+00 2.187493555414702140e+00
8.453289985656738281e+00 1.657454031244391279e+00
8.462900161743164062e+00 1.939085060484187495e-01
8.468119621276855469e+00 2.449524174478244221e-01
8.468270301818847656e+00 7.854846128582223530e-01
8.469619750976562500e+00 8.906656554385504743e-01
8.472319602966308594e+00 7.446358382080811023e-01
8.474419593811035156e+00 6.982503900774768013e-01
8.479840278625488281e+00 1.939025697721531216e+00
8.490710258483886719e+00 6.770191433176608875e-01
8.491519927978515625e+00 9.942386850533496689e-01
8.494689941406250000e+00 2.043623654793241595e+00
8.499340057373046875e+00 6.567384893880948704e-01
8.510700225830078125e+00 2.593078964858233526e+00
8.516839981079101562e+00 1.168613608091241263e+00
8.518409729003906250e+00 8.159341493522229150e-02
8.520910263061523438e+00 2.031366741722099079e+00
8.526180267333984375e+00 2.803484713225693259e+00
8.541740417480468750e+00 8.539788474260155970e-01
8.544989585876464844e+00 7.255964609157088407e-01
8.545590400695800781e+00 1.516016974804108353e+00
8.558790206909179688e+00 1.162746176658850050e+00
8.559989929199218750e+00 2.541790263734444166e-01
8.562170028686523438e+00 1.074222430718093868e+00
8.570130348205566406e+00 1.026474023646162470e+00
8.575420379638671875e+00 2.712951373747332084e+00
8.581769943237304688e+00 1.018466609567470621e-01
8.582819938659667969e+00 2.517972827848911632e-01
8.584079742431640625e+00 2.873131416281474948e+00
8.588839530944824219e+00 6.361902887520607397e-01
8.595159530639648438e+00 8.720481155812024321e-01
8.600810050964355469e+00 1.595173865977566052e+00
8.603859901428222656e+00 1.347348738701166004e+00
8.610409736633300781e+00 4.129974709712835867e-01
8.613100051879882812e+00 5.508608020665496374e-01
8.614749908447265625e+00 7.026011886144667429e-01
8.617600440979003906e+00 5.662178589787449784e-02
8.624400138854980469e+00 2.371897520497130873e+00
8.627570152282714844e+00 2.188909504566987518e+00
8.638830184936523438e+00 1.173218301692729337e+00
8.645039558410644531e+00 3.173227241869605586e-01
8.648409843444824219e+00 3.222465998708861523e+00
8.652039527893066406e+00 1.753156748145211496e+00
8.664299964904785156e+00 5.804605930715611706e-01
8.671059608459472656e+00 5.305632488079220499e-01
8.674260139465332031e+00 4.738761970598154849e-01
8.677160263061523438e+00 9.811189642350433004e-01
8.677339553833007812e+00 6.352593302686903032e-01
8.678480148315429688e+00 5.645245225829167435e-01
8.679249763488769531e+00 1.156607919433485926e-01
8.692390441894531250e+00 8.987581995826567915e-01
8.699379920959472656e+00 5.636643315245348784e-01
8.715009689331054688e+00 1.836041879455258874e+00
8.719240188598632812e+00 1.771126544802340996e+00
8.726599693298339844e+00 8.073362947009312673e-01
8.741620063781738281e+00 1.281568184194158855e+00
8.744930267333984375e+00 4.027127461183157564e+00
8.749010086059570312e+00 2.752662001253847190e+00
8.755990028381347656e+00 1.656724283839418943e+00
8.760029792785644531e+00 1.319309707911545004e+00
8.761429786682128906e+00 1.454280118055574222e+00
8.763600349426269531e+00 3.161400200638707081e-01
8.767259597778320312e+00 3.615329223816964310e-01
8.775540351867675781e+00 2.350735322489651224e+00
8.780819892883300781e+00 4.270794642480400527e-01
8.784489631652832031e+00 3.378087239449946821e+00
8.793020248413085938e+00 2.518906342641788143e+00
8.803899765014648438e+00 1.287136159919854084e+00
8.804030418395996094e+00 8.054399154708988817e-01
8.804849624633789062e+00 7.170096134118733033e-01
8.808340072631835938e+00 4.347250581584007345e-01
8.809780120849609375e+00 7.646960725855763696e-01
8.813650131225585938e+00 2.421339774008084866e+00
8.817339897155761719e+00 1.061969478085457830e+00
8.820159912109375000e+00 9.557044325062996615e-01
8.820320129394531250e+00 1.300529305746809028e+00
8.829019546508789062e+00 1.854992668002889644e+00
8.838219642639160156e+00 2.319542036720377176e+00
8.840259552001953125e+00 2.275202534955516054e+00
8.840600013732910156e+00 1.943778360400963967e+00
8.841580390930175781e+00 1.737589418609441605e+00
8.846349716186523438e+00 5.473231065750382429e-01
8.850310325622558594e+00 1.625865461942005208e+00
8.856430053710937500e+00 1.881471980300522429e+00
8.856490135192871094e+00 3.355794380974138624e-01
8.856690406799316406e+00 5.504530387389116042e-01
8.863140106201171875e+00 1.169957021213124948e+00
8.865779876708984375e+00 6.580892056327239947e-01
8.882639884948730469e+00 2.847659426311336173e+00
8.896510124206542969e+00 2.423878493050251048e+00
8.897270202636718750e+00 3.735115673569100458e+00
8.905099868774414062e+00 2.135489907093185646e+00
8.914500236511230469e+00 3.372617431484203010e+00
8.917759895324707031e+00 1.347395829499540565e-01
8.917860031127929688e+00 3.274853748224534122e+00
8.926489830017089844e+00 3.081574839548129496e+00
8.930540084838867188e+00 7.403696219400540679e-01
8.936610221862792969e+00 6.619656972357660374e-01
8.936869621276855469e+00 9.964264514850140753e-01
8.951259613037109375e+00 8.148091263337369217e-01
8.956159591674804688e+00 9.969933499738677929e-01
8.957340240478515625e+00 1.218664979648850677e+00
8.961319923400878906e+00 1.062404620509495468e+00
8.963540077209472656e+00 1.053145696725758196e+00
8.965129852294921875e+00 3.630245773110513774e+00
8.978509902954101562e+00 1.444642356079761880e+00
8.978659629821777344e+00 8.411214310909043146e-01
8.979840278625488281e+00 9.880494233746709432e-01
8.981080055236816406e+00 2.948366857327512580e+00
8.985870361328125000e+00 1.368096324203154746e+00
9.005129814147949219e+00 1.796874787578592425e+00
9.006179809570312500e+00 1.663975461346099083e+00
9.012249946594238281e+00 1.021086947203817763e+00
9.016460418701171875e+00 2.380330080967142936e-01
9.017809867858886719e+00 8.195804813085738605e-01
9.028320312500000000e+00 2.909876298367476188e+00
9.031029701232910156e+00 1.909280576447373867e-01
9.035329818725585938e+00 3.918976481623854258e-01
9.040849685668945312e+00 2.814303893131836487e-01
9.041230201721191406e+00 2.796860220097548422e-01
9.052180290222167969e+00 7.206072884417852320e-01
9.056039810180664062e+00 1.492367131749951170e+00
9.062080383300781250e+00 1.700553803763414029e+00
9.085630416870117188e+00 1.181210551877563741e+00
9.089699745178222656e+00 3.889826077211929189e-01
9.091409683227539062e+00 2.681016469136504377e+00
9.093239784240722656e+00 8.507254705224285285e-01
9.096010208129882812e+00 1.383633019588172974e+00
9.105150222778320312e+00 7.722831804065961592e-01
9.105719566345214844e+00 2.048103549891595154e+00
9.120400428771972656e+00 9.165281709437954616e-01
9.126130104064941406e+00 7.395507150850636480e-01
9.127539634704589844e+00 5.152247859843740452e-01
9.131090164184570312e+00 1.462547749936513375e+00
9.161470413208007812e+00 1.818757014607582656e+00
9.166950225830078125e+00 1.070951931957385694e+00
9.169349670410156250e+00 3.813734378420922666e-01
9.172650337219238281e+00 1.210415656681703478e+00
9.172840118408203125e+00 3.706213430259550634e-01
9.173890113830566406e+00 5.117457008929520157e-01
9.177579879760742188e+00 8.195646215825157510e-01
9.179820060729980469e+00 2.342374307678210865e+00
9.182350158691406250e+00 7.640979002034652412e-01
9.188920021057128906e+00 1.570601162088293368e+00
9.194580078125000000e+00 3.973386793593634891e+00
9.210510253906250000e+00 1.453725965890591831e-01
9.222629547119140625e+00 2.956472850752961179e+00
9.222960472106933594e+00 2.701246319460078871e-01
9.225359916687011719e+00 1.014910183665192589e+00
9.243280410766601562e+00 5.499248279389415961e-01
9.245710372924804688e+00 1.187650810850573890e+00
9.246009826660156250e+00 7.855795197132657837e-01
9.248299598693847656e+00 1.045259854650622877e+00
9.260700225830078125e+00 3.145871435891774981e-01
9.264590263366699219e+00 1.900942670281402957e+00
9.266969680786132812e+00 7.063026508280265681e-01
9.269359588623046875e+00 1.602786063746422851e+00
9.277609825134277344e+00 4.774843253213010841e-01
9.278779983520507812e+00 1.117922654383632475e+00
9.281359672546386719e+00 1.361910409589824233e+00
9.283149719238281250e+00 1.503953166834429034e+00
9.305749893188476562e+00 1.092112273905057607e-01
9.306420326232910156e+00 1.030834367704464016e+00
9.308449745178222656e+00 1.123119126059526351e+00
9.317410469055175781e+00 1.009699695654894702e+00
9.343640327453613281e+00 1.932613109230735260e-01
9.347069740295410156e+00 1.673363313751240700e+00
9.347379684448242188e+00 1.345590943684950025e-01
9.351449966430664062e+00 3.106535124731473196e-01
9.357370376586914062e+00 3.437345559529254579e+00
9.358699798583984375e+00 9.725523957552725252e-01
9.366820335388183594e+00 1.140350597026970503e+00
9.374659538269042969e+00 3.610676146787815677e-01
9.376500129699707031e+00 1.251377786155395189e+00
9.376549720764160156e+00 3.688549510331726178e-01
9.379549980163574219e+00 6.749857624382085142e-01
9.383410453796386719e+00 1.067321679852424599e-01
9.397689819335937500e+00 1.195773770130082347e+00
9.398619651794433594e+00 8.443064024611220963e-01
9.400210380554199219e+00 1.600296775993425236e+00
9.404789924621582031e+00 1.460925957884806836e+00
9.409560203552246094e+00 1.233254567061110141e+00
9.415040016174316406e+00 6.817478395244201961e-01
9.419170379638671875e+00 8.415168404169712790e-01
9.436659812927246094e+00 6.399518449652992214e-01
9.443180084228515625e+00 8.378493825370247894e-01
9.458180427551269531e+00 3.011833692594003131e-01
9.469300270080566406e+00 8.577620631602113077e-01
9.470700263977050781e+00 1.575569386032394381e-01
9.472680091857910156e+00 9.911946629014706245e-01
9.478099822998046875e+00 1.032852840976509645e+00
9.479169845581054688e+00 1.388684544021609790e+00
9.489310264587402344e+00 1.335374427086316595e+00
9.493180274963378906e+00 1.466003077034491842e+00
9.496330261230468750e+00 5.941435984340469600e-01
9.501529693603515625e+00 1.259436980777252746e+00
9.503490447998046875e+00 8.589318982186347484e-02
9.511480331420898438e+00 3.512865361485592031e-01
9.514249801635742188e+00 3.520907534300297126e-01
9.523779869079589844e+00 9.597262921970881600e-01
9.524499893188476562e+00 1.433250111905876256e+00
9.528400421142578125e+00 4.075977785150841082e-01
9.539629936218261719e+00 4.674543957562490304e-01
9.539739608764648438e+00 2.112429460498478573e+00
9.543569564819335938e+00 1.510219265166470315e-01
9.556870460510253906e+00 5.593202829900271178e-01
9.575989723205566406e+00 1.441142115390388501e+00
9.591190338134765625e+00 2.303383639423556284e-01
9.591650009155273438e+00 2.282057333698919166e-01
9.592390060424804688e+00 1.502738653967627513e+00
9.597709655761718750e+00 1.013859833176185221e+00
9.606410026550292969e+00 1.307716286714719900e-01
9.614480018615722656e+00 6.285341691295960320e-01
9.615460395812988281e+00 2.529733240430668939e+00
9.617119789123535156e+00 1.077365722547235949e+00
9.618869781494140625e+00 3.216908373141242339e-01
9.620209693908691406e+00 1.020870604501730172e+00
9.621190071105957031e+00 1.089453170028186202e+00
9.627599716186523438e+00 9.694105129280945476e-01
9.628520011901855469e+00 5.514791544452271044e-01
9.644960403442382812e+00 1.413178081761198968e+00
9.649000167846679688e+00 1.319232257098912120e+00
9.649319648742675781e+00 1.724474969166488902e+00
9.650219917297363281e+00 9.991781719558130437e-01
9.652199745178222656e+00 1.011608902921564468e+00
9.652549743652343750e+00 9.733581924827650056e-02
9.660739898681640625e+00 4.428262087760053700e-01
9.665080070495605469e+00 2.560666008392749937e+00
9.666299819946289062e+00 2.583863980704927954e-01
9.674810409545898438e+00 4.111971827211072239e-01
9.678609848022460938e+00 1.686372493093496183e-01
9.679780006408691406e+00 1.230950095398368749e-01
9.690130233764648438e+00 2.491238718871654712e+00
9.696260452270507812e+00 1.779161343748556223e-01
9.701290130615234375e+00 2.536493060678589595e-01
9.706660270690917969e+00 1.197459012139424850e+00
9.715880393981933594e+00 9.301635002448012113e-01
9.718310356140136719e+00 8.782449797944894554e-01
9.728560447692871094e+00 2.379101459613226943e+00
9.729909896850585938e+00 1.362383993657322545e+00
9.738820075988769531e+00 1.057543243063040261e+00
9.739520072937011719e+00 7.975034098642493074e-02
9.753379821777343750e+00 1.784152556242503129e+00
9.756119728088378906e+00 1.740780154100991961e+00
9.758469581604003906e+00 2.862745484597713497e-01
9.796130180358886719e+00 1.000855020436447473e-01
9.803649902343750000e+00 8.255178186534265494e-01
9.814169883728027344e+00 8.667741855357506964e-01
9.816749572753906250e+00 1.196742773417190375e-01
9.817870140075683594e+00 3.637415046860023593e-01
9.822110176086425781e+00 1.084477459847174802e-03
9.828370094299316406e+00 1.323661847006424974e+00
9.838720321655273438e+00 3.270269593644719586e-01
9.848529815673828125e+00 1.075034746132200736e+00
9.848870277404785156e+00 1.155413666801641703e+00
9.851790428161621094e+00 5.410315382414117025e-01
9.871450424194335938e+00 8.222751821343849965e-01
9.885049819946289062e+00 5.510221443654459428e-01
9.886679649353027344e+00 4.657052638193202865e-02
9.887700080871582031e+00 6.394850999115114787e-02
9.895099639892578125e+00 8.452362947826944639e-01
9.904170036315917969e+00 6.599896951167736336e-01
9.908370018005371094e+00 5.686487070347796546e-01
9.914010047912597656e+00 2.528577543969553476e-01
9.917169570922851562e+00 5.907271056249604468e-01
9.961910247802734375e+00 2.961374559824615782e-02
9.988320350646972656e+00 3.809099893033403017e-01
9.991439819335937500e+00 4.700483273420298369e-01
9.991689682006835938e+00 3.676792616648647538e-01
1.000689983367919922e+01 2.943013536473929048e-01
1.004230022430419922e+01 1.198296164387008256e-01
1.006939983367919922e+01 6.323739662360382541e-01
1.008460044860839844e+01 1.176408620280092882e-01
1.019600009918212891e+01 2.355648682692477953e-06
1.184479999542236328e+01 4.367040853334249184e-01
1.185960006713867188e+01 3.118312463465089390e-01
1.188609981536865234e+01 1.211973404296237122e+00
1.188799953460693359e+01 9.427010117498357822e-03
1.193669986724853516e+01 4.188527912486137428e-01
