8.649830124340951443e-04 9.454544027052245170e-01
2.060889964923262596e-03 3.325766359067658939e-01
2.666469896212220192e-03 1.002043970777266035e-01
1.770959980785846710e-02 3.813561350739194666e-02
3.379600122570991516e-02 7.313417392335332112e-02
3.951060026884078979e-02 8.665746017209202678e-02
4.075989872217178345e-02 6.171316015924193515e-02
5.760389938950538635e-02 1.137335208663932395e-01
6.395459920167922974e-02 8.295671485894941244e-02
6.726770102977752686e-02 1.094560362304570544e+00
7.546140253543853760e-02 7.622823185029574677e-01
7.572499662637710571e-02 1.227331598954753689e-01
7.793550193309783936e-02 2.220127993968948332e-01
7.897450029850006104e-02 1.079997664024264642e-01
8.897390216588973999e-02 6.529137829746304300e-01
9.054490178823471069e-02 2.977746011573321680e-02
9.598489850759506226e-02 2.711411615959361324e-02
9.652719646692276001e-02 5.406534653157363257e-02
1.000989973545074463e-01 2.648496793879230246e-02
1.076800003647804260e-01 1.242235297188867965e-01
1.096139997243881226e-01 1.692753533496036411e-01
1.210879981517791748e-01 2.027211968830930910e-01
1.235679984092712402e-01 5.024554879389252215e-02
1.298960000276565552e-01 5.626227217180451712e-02
1.325639933347702026e-01 5.821151555447554721e-02
1.408320069313049316e-01 2.162559999474765460e-02
1.770740002393722534e-01 5.670886431783351417e-02
1.792680025100708008e-01 2.246445561324262319e-01
1.818410009145736694e-01 1.428388654692019089e-01
1.864770054817199707e-01 6.877069713273778473e-02
1.909780055284500122e-01 5.606434285238883625e-02
1.988260000944137573e-01 4.686954222703647310e-02
2.023939937353134155e-01 9.124685432639581539e-02
2.124339938163757324e-01 1.907302765228345576e-02
2.133959978818893433e-01 8.584025485891441654e-02
2.271690070629119873e-01 4.505838362159995947e-02
2.308250069618225098e-01 1.406255829220985631e-01
2.338320016860961914e-01 6.762773251980309652e-01
2.350849956274032593e-01 1.733508490767608767e-01
2.504790127277374268e-01 4.207158139973057875e-02
2.565039992332458496e-01 7.957013550187200246e-02
2.585830092430114746e-01 1.583579441175466188e-02
2.608880102634429932e-01 1.312602221144520409e-01
2.687300145626068115e-01 1.347944206183842586e-01
2.731170058250427246e-01 4.165467019378431279e-02
2.872279882431030273e-01 6.744582531460063812e-02
2.879000008106231689e-01 1.547809925422142796e-01
2.881000041961669922e-01 7.280693276554438265e-02
2.896820008754730225e-01 4.748319124668924640e-02
3.142929971218109131e-01 5.931727441395538702e-02
3.158580064773559570e-01 6.820176852754353258e-02
3.163689970970153809e-01 2.399425928278217310e-02
3.165580034255981445e-01 8.474484962916631337e-02
3.202390074729919434e-01 6.754453137575898436e-02
3.221960067749023438e-01 6.441007473830673291e-02
3.237519860267639160e-01 1.054303157866263163e-01
3.244979977607727051e-01 6.352955305362706362e-02
3.334760069847106934e-01 8.403574176088304815e-02
3.351260125637054443e-01 5.704582117109566197e-02
3.480080068111419678e-01 1.700045100975477175e-01
3.533399999141693115e-01 6.552377357662572677e-02
3.587889969348907471e-01 4.513944432009190516e-02
3.633939921855926514e-01 1.118007495594400685e-01
3.967460095882415771e-01 3.911610350328586505e-01
4.010049998760223389e-01 3.693135913273829646e-02
4.048269987106323242e-01 1.500960381502993157e-01
4.165430068969726562e-01 1.704829662242238475e-01
4.181619882583618164e-01 2.210048070217089378e-01
4.208369851112365723e-01 6.587802373865038474e-02
4.236159920692443848e-01 5.311187493716407193e-02
4.290820062160491943e-01 2.548577746935527799e-02
4.294579923152923584e-01 7.369072033703179259e-02
4.485560059547424316e-01 4.682766742959505041e-02
4.590249955654144287e-01 5.533706402379140465e-02
4.702900052070617676e-01 9.374158079352878925e-02
4.758920073509216309e-01 5.200238851435388943e-02
4.763959944248199463e-01 1.351862090511144615e-02
4.773850142955780029e-01 1.962072793450703456e-01
4.787330031394958496e-01 2.611871252048525438e-02
4.882110059261322021e-01 2.760505464413901544e-01
4.918580055236816406e-01 8.132422654094487169e-02
4.949240088462829590e-01 1.929116536495164569e-01
5.042499899864196777e-01 4.192298939617583597e-02
5.069010257720947266e-01 2.623149690805932077e-01
5.073770284652709961e-01 5.506739379695888698e-02
5.131760239601135254e-01 9.607805773402433580e-02
5.340219736099243164e-01 1.085836332128692211e-01
5.498989820480346680e-01 1.699277106987608088e-02
5.676349997520446777e-01 4.464490449467974076e-02
5.758180022239685059e-01 6.263088560523398518e-02
5.893089771270751953e-01 9.388991357163524454e-02
5.996869802474975586e-01 3.779347923452832519e-02
6.061310172080993652e-01 5.623888149299718919e-03
6.156439781188964844e-01 4.657521285231783215e-02
6.186710000038146973e-01 5.270458669609802416e-02
6.343230009078979492e-01 1.008584760137910818e-01
6.347630023956298828e-01 7.357555884830309367e-02
6.348329782485961914e-01 8.172828540444679324e-02
6.375129818916320801e-01 7.412508976409266925e-02
6.428750157356262207e-01 3.341604763189671284e-02
6.505709886550903320e-01 2.189201271205635374e-02
6.542569994926452637e-01 9.618175108819294883e-02
6.565560102462768555e-01 1.112285736778629852e-01
6.650609970092773438e-01 9.382064874743370475e-02
6.712290048599243164e-01 6.569147580962758637e-02
6.719490289688110352e-01 1.039241782591111690e-01
6.788719892501831055e-01 1.364868586592531130e-01
6.792539954185485840e-01 3.493591058272813021e-01
6.801840066909790039e-01 2.149055087790837648e-01
6.883190274238586426e-01 1.383174999120439508e-01
6.915349960327148438e-01 4.006873657828555896e-02
7.031369805335998535e-01 9.050648279296594212e-02
7.089999914169311523e-01 7.672955769637200552e-02
7.154530286788940430e-01 7.955814038227572438e-03
7.181329727172851562e-01 1.565304641255383100e-01
7.387769818305969238e-01 1.208453113105978638e-01
7.436460256576538086e-01 9.331426480187574035e-02
7.481809854507446289e-01 6.751436760437565243e-02
7.517870068550109863e-01 1.344761148209256962e-01
7.523019909858703613e-01 6.120255213543399075e-02
7.684670090675354004e-01 3.380267055558683342e-02
7.754240036010742188e-01 2.708228012462936957e-02
8.023390173912048340e-01 7.956544356580305677e-02
8.106619715690612793e-01 3.591177778160776352e-02
8.107839822769165039e-01 3.091506982073324861e-02
8.136140108108520508e-01 9.864701558567841311e-02
8.237079977989196777e-01 1.640049623006653856e-01
8.267170190811157227e-01 2.673089315533216589e-02
8.296779990196228027e-01 5.887033715595612476e-02
8.332229852676391602e-01 1.995117259364311696e-02
8.381900191307067871e-01 2.097540507873645044e-01
8.545259833335876465e-01 5.400907529406502594e-02
8.565379977226257324e-01 8.030679852080652159e-02
8.571959733963012695e-01 9.607283387954582143e-02
8.606759905815124512e-01 2.116473421310458569e-01
8.714249730110168457e-01 6.265563523278355751e-02
8.734310269355773926e-01 8.292533656577337486e-02
8.737109899520874023e-01 1.473911747192988564e-01
8.782479763031005859e-01 2.749355631367461639e-01
8.789110183715820312e-01 1.272638458022712915e-01
8.792849779129028320e-01 1.308657518147544885e-01
8.811280131340026855e-01 3.070959574663449376e-01
8.836209774017333984e-01 2.470472649603973683e-02
8.854179978370666504e-01 3.648804854392102143e-02
8.857920169830322266e-01 3.192436456813261825e-01
8.946719765663146973e-01 1.517023608838041215e-01
8.961960077285766602e-01 1.081763621559674732e-01
9.039450287818908691e-01 3.794341299928036954e-02
9.092779755592346191e-01 2.220960041717049416e-01
9.151499867439270020e-01 1.302966843388453644e-01
9.202160239219665527e-01 1.068328534157741844e-01
9.255470037460327148e-01 8.810497866628667907e-02
9.278510212898254395e-01 2.266372852938997734e-02
9.491059780120849609e-01 6.269925656639178946e-02
9.537169933319091797e-01 3.795478972988322597e-02
9.896590113639831543e-01 5.825170297594772784e-02
9.935719966888427734e-01 8.307688352692615963e-02
9.993180036544799805e-01 1.642408667406730360e-01
1.061929941177368164e+00 2.936943704484255152e-02
1.072819948196411133e+00 1.511568839183775013e-02
1.083570003509521484e+00 3.408206353714719750e-02
1.088060021400451660e+00 5.456616018106570654e-02
1.090170025825500488e+00 2.539547205079098480e-01
1.090669989585876465e+00 8.645531752505142276e-02
1.095110058784484863e+00 8.484742079288903893e-02
1.100250005722045898e+00 1.156531666447773027e-01
1.101940035820007324e+00 7.290809172623449741e-02
1.111099958419799805e+00 1.913396482467367155e-01
1.114259958267211914e+00 5.392811164247362371e-02
1.116809964179992676e+00 7.029531015930216842e-02
1.120200037956237793e+00 5.655717002146960770e-02
1.120929956436157227e+00 5.979514827888014056e-02
1.123389959335327148e+00 1.493730015666388244e-01
1.129940032958984375e+00 3.007932053753336471e-02
1.131979942321777344e+00 1.562110594910104955e-01
1.133430004119873047e+00 1.042787990993875730e-01
1.133749961853027344e+00 7.662275333530932375e-02
1.138839960098266602e+00 7.745002031636338824e-02
1.143880009651184082e+00 5.273273211696614254e-02
1.146309971809387207e+00 2.765849950430914750e-01
1.146379947662353516e+00 3.707058311635994530e-01
1.156800031661987305e+00 5.714480857797132191e-02
1.162950038909912109e+00 8.720038076285463458e-02
1.165930032730102539e+00 3.749525245396708589e-02
1.179769992828369141e+00 7.608542516023297786e-02
1.183840036392211914e+00 1.942252099774505192e-01
1.205530047416687012e+00 2.923757019048660137e-03
1.207859992980957031e+00 2.997022479273311335e-01
1.225900053977966309e+00 6.696052738288804651e-02
1.226099967956542969e+00 6.163101573921674070e-02
1.240790009498596191e+00 6.549642912164325981e-02
1.243610024452209473e+00 3.363799250219286913e-02
1.249379992485046387e+00 7.501686103740164147e-02
1.250300049781799316e+00 2.126937464679595213e-01
1.253430008888244629e+00 4.759558501588143781e-02
1.257410049438476562e+00 8.780834754690566846e-02
1.258599996566772461e+00 6.795391570158669514e-02
1.267789959907531738e+00 9.875003105452537233e-02
1.267879962921142578e+00 9.135853627379567077e-02
1.271430015563964844e+00 4.037945080710245854e-02
1.274449944496154785e+00 4.891959922662931365e-02
1.276620030403137207e+00 5.513349239784166855e-02
1.279770016670227051e+00 1.546808509869966042e-01
1.290189981460571289e+00 2.411873902347026668e-03
1.294289946556091309e+00 8.054738747046728820e-02
1.300209999084472656e+00 8.023829960033494746e-02
1.308809995651245117e+00 3.322952689402118576e-02
1.311370015144348145e+00 1.561584461097909743e-02
1.316110014915466309e+00 2.354805780199467277e-02
1.332980036735534668e+00 8.242391381998705191e-02
1.341030001640319824e+00 1.299350544162198307e-01
1.344709992408752441e+00 1.614251722045418891e-01
1.347149968147277832e+00 1.999967705907502169e-01
1.359990000724792480e+00 6.025942205383454098e-02
1.361989974975585938e+00 5.216158049994933099e-02
1.363639950752258301e+00 9.305816859455418033e-02
1.365409970283508301e+00 4.609010692421511984e-02
1.381610035896301270e+00 4.734866801183152535e-02
1.405670046806335449e+00 6.392006340891259741e-02
1.420019984245300293e+00 5.281556539218090762e-01
1.422729969024658203e+00 1.752417230672613513e-01
1.440809965133666992e+00 1.511234617211075215e-01
1.450510025024414062e+00 3.279875941981853088e-02
1.458809971809387207e+00 2.881378681155238528e-02
1.463629961013793945e+00 1.335390410755275120e-02
1.469869971275329590e+00 1.381324316957056042e-01
1.478569984436035156e+00 1.196849650661624270e-01
1.483520030975341797e+00 9.477148521693931627e-02
1.494910001754760742e+00 5.409997343150442506e-02
1.498600006103515625e+00 4.009740462103797976e-01
1.500360012054443359e+00 1.302130016626915077e-01
1.509140014648437500e+00 2.739194763596609211e-02
1.510429978370666504e+00 1.267948849254804840e-02
1.511459946632385254e+00 3.040014322293022042e-02
1.513059973716735840e+00 2.281363370010267705e-02
1.513059973716735840e+00 4.437548725663607863e-02
1.514129996299743652e+00 3.316265695414483128e-02
1.514260053634643555e+00 1.931873442958475726e-02
1.514619946479797363e+00 8.778195637059442447e-03
1.515789985656738281e+00 1.937335530043119702e-01
1.517860054969787598e+00 6.378249807052651654e-01
1.523790001869201660e+00 1.055368071078006259e-01
1.532179951667785645e+00 9.859198542611474769e-02
1.542899966239929199e+00 2.776319230884847777e-01
1.579530000686645508e+00 4.316534591972730206e-02
1.590289950370788574e+00 1.301765930499486079e-01
1.607660055160522461e+00 6.461714134657141340e-02
1.616989970207214355e+00 2.787159496817889770e-01
1.630489945411682129e+00 4.646521079663958054e-02
1.634359955787658691e+00 1.073463472489487730e-01
1.653259992599487305e+00 3.760163018729147100e-02
1.657580018043518066e+00 1.113921622700797309e+00
1.660369992256164551e+00 2.168125903213700967e-01
1.671110033988952637e+00 2.020325153549975550e-01
1.675400018692016602e+00 1.209183441256177355e-01
1.687759995460510254e+00 8.665153601947184203e-02
1.701230049133300781e+00 3.122706741353931809e-02
1.701889991760253906e+00 3.200086556023098300e-02
1.702800035476684570e+00 3.604232685431264099e-02
1.705109953880310059e+00 1.542805861420213642e-01
1.708019971847534180e+00 1.770911558005448458e-02
1.720790028572082520e+00 5.841785438942809910e-02
1.724580049514770508e+00 5.928315019026735716e-02
1.726029992103576660e+00 1.053907994380975377e-01
1.727990031242370605e+00 4.179470383949322049e-02
1.732380032539367676e+00 1.599919890765456820e+00
1.738559961318969727e+00 4.979087017145405331e-02
1.745910048484802246e+00 1.261163025849974979e-02
1.747580051422119141e+00 6.924517823487422175e-02
1.751099944114685059e+00 1.623128157293389218e-01
1.751620054244995117e+00 4.014249561741832506e-02
1.756440043449401855e+00 1.514020686255224679e-01
1.757640004158020020e+00 5.203067269864528749e-02
1.766049981117248535e+00 1.503071974603911037e-02
1.766420006752014160e+00 1.208726887477806627e-01
1.772070050239562988e+00 8.636210623826144628e-02
1.773519992828369141e+00 2.146863858341971631e-01
1.773769974708557129e+00 2.008801391382263740e-02
1.793130040168762207e+00 1.143010708366718198e-01
1.795379996299743652e+00 2.815144968535158165e-01
1.843070030212402344e+00 1.399169793482444857e-01
1.844570040702819824e+00 3.846999575560866580e-01
1.844689965248107910e+00 1.553377999333875603e-01
1.849760055541992188e+00 8.722821857203875984e-02
1.850379943847656250e+00 1.089597255987969499e-01
1.857329964637756348e+00 6.091541455927361459e-02
1.870249986648559570e+00 4.125936095351957766e-02
1.880789995193481445e+00 1.434177526803581681e-01
1.883610010147094727e+00 1.031727819566177345e-01
1.885319948196411133e+00 8.568779904048832996e-02
1.886199951171875000e+00 4.496174347552006623e-02
1.888039946556091309e+00 2.457134094962994814e-02
1.888059973716735840e+00 9.577658701580490930e-03
1.888339996337890625e+00 9.628321462227062977e-02
1.892539978027343750e+00 1.253909320168091479e-01
1.893030047416687012e+00 1.697538146816784249e-02
1.895740032196044922e+00 3.868352912600954430e-02
1.899369955062866211e+00 1.586045138144391298e-01
1.902940034866333008e+00 1.071384608747381895e-01
1.905110001564025879e+00 1.424319091479837318e-01
1.909629940986633301e+00 1.205247711156331863e-01
1.909919977188110352e+00 1.177303893709918670e-01
1.918210029602050781e+00 5.902573741572374882e-02
1.922070026397705078e+00 1.050326149786806329e-01
1.933210015296936035e+00 1.115592667547574690e+00
1.934509992599487305e+00 8.009095831145272848e-02
1.940549969673156738e+00 1.139211053366803172e-01
1.943140029907226562e+00 4.118510504046654641e-02
1.944820046424865723e+00 1.078428254546176801e-01
1.954200029373168945e+00 2.718542087580246014e-02
1.958520054817199707e+00 1.912529457261063215e-01
2.062410116195678711e+00 4.119960412978433684e-02
2.069770097732543945e+00 8.829639296033814366e-02
2.074490070343017578e+00 1.601594503023249794e-01
2.078639984130859375e+00 1.493574990147428505e-01
2.094209909439086914e+00 9.208574458941798380e-02
2.098229885101318359e+00 1.668942237200864986e-01
2.101649999618530273e+00 1.189601404680739605e-01
2.107219934463500977e+00 1.474202540390468219e-01
2.114140033721923828e+00 1.112396215653771031e-01
2.115250110626220703e+00 5.204067658529122620e-02
2.116199970245361328e+00 4.245753922640280176e-02
2.120650053024291992e+00 3.873884937060265710e-01
2.120879888534545898e+00 5.552619722748016601e-02
2.122859954833984375e+00 7.344726535635508202e-02
2.124680042266845703e+00 1.401670266121035104e-02
2.129800081253051758e+00 1.079084904689254221e-01
2.130569934844970703e+00 4.822566912864527655e-01
2.131109952926635742e+00 8.990738593815858493e-02
2.131160020828247070e+00 7.529764587411490184e-02
2.135629892349243164e+00 7.929752552367110019e-02
2.141239881515502930e+00 1.610690944347979714e-01
2.150249958038330078e+00 2.651836503308907869e-02
2.154740095138549805e+00 4.614754737779951099e-02
2.168659925460815430e+00 2.043644710059104586e-01
2.170049905776977539e+00 1.422787335815220988e-01
2.170289993286132812e+00 4.874230747595687668e-02
2.177740097045898438e+00 2.105311683722303068e-02
2.183720111846923828e+00 3.515005449754182720e-01
2.213419914245605469e+00 7.393852435575090642e-02
2.217770099639892578e+00 7.546200190062458957e-02
2.218549966812133789e+00 6.498937678556226949e-02
2.220149993896484375e+00 6.609109198225293635e-02
2.278700113296508789e+00 8.963321998799177182e-02
2.286119937896728516e+00 3.932783041071024055e-01
2.290740013122558594e+00 2.424113255405126455e-01
2.293770074844360352e+00 1.395265341962626249e-01
2.304769992828369141e+00 1.328658243502981451e-01
2.314820051193237305e+00 3.779048032794448536e-02
2.318289995193481445e+00 1.031580096201082097e-01
2.319740056991577148e+00 4.471810898225394432e-02
2.320440053939819336e+00 9.499619819406568411e-02
2.322030067443847656e+00 2.512692608430556751e-01
2.324189901351928711e+00 1.027750242859955948e-01
2.324779987335205078e+00 3.591143807474901639e-02
2.334739923477172852e+00 3.467894525935029393e-02
2.339440107345581055e+00 1.300277205307191764e-01
2.343899965286254883e+00 4.237857869098692054e-02
2.346839904785156250e+00 1.211312768038683985e-01
2.351720094680786133e+00 1.023032037446212072e-01
2.354180097579956055e+00 4.355705471262401318e-02
2.355740070343017578e+00 5.003063097516905616e-02
2.358190059661865234e+00 1.740848164696869316e-01
2.361530065536499023e+00 9.508216035584897419e-02
2.363209962844848633e+00 3.604808301187504282e-01
2.367239952087402344e+00 1.241156621149689665e-01
2.375869989395141602e+00 1.763357805229738215e-02
2.396709918975830078e+00 9.643064857227208464e-02
2.401309967041015625e+00 1.884393314325613980e-02
2.418309926986694336e+00 4.706972507555636231e-01
2.426290035247802734e+00 6.957649923476887099e-02
2.440490007400512695e+00 8.917326655778701205e-02
2.441050052642822266e+00 2.134731202908711212e-01
2.441780090332031250e+00 2.045775635400838913e-02
2.448800086975097656e+00 8.989353449479400848e-02
2.462739944458007812e+00 2.651016037188418800e-02
2.465990066528320312e+00 1.036212976700199954e-02
2.466010093688964844e+00 9.753405175399416926e-02
2.477869987487792969e+00 1.682821381744219746e-01
2.482870101928710938e+00 2.773569739040331883e-01
2.494610071182250977e+00 1.081411648528614738e-01
2.504669904708862305e+00 1.524335958155234039e-01
2.506160020828247070e+00 4.962590218176719803e-02
2.509040117263793945e+00 1.680678006082495235e-01
2.510139942169189453e+00 3.376575913898568482e-01
2.510920047760009766e+00 5.134646753467755897e-02
2.513149976730346680e+00 5.881626267369063910e-02
2.516410112380981445e+00 4.415335195394465284e-02
2.517319917678833008e+00 7.078222438036935182e-02
2.518120050430297852e+00 2.618403056433791787e-01
2.523720026016235352e+00 1.084506231267156201e-01
2.527139902114868164e+00 1.241043855962947057e-01
2.529779911041259766e+00 3.817547487049643279e-02
2.529850006103515625e+00 1.948208128750708590e-02
2.532399892807006836e+00 9.194860871380251544e-01
2.534600019454956055e+00 3.540078195785290038e-02
2.537120103836059570e+00 2.739743300356406105e-02
2.542380094528198242e+00 2.849469849863933354e-02
2.549560070037841797e+00 8.263968612770361544e-02
2.551990032196044922e+00 5.032723424523195127e-02
2.596019983291625977e+00 1.423769624364317476e-01
2.659290075302124023e+00 1.115423727939508364e-01
2.669970035552978516e+00 1.420160085983288578e-01
2.701529979705810547e+00 8.819068058510640129e-02
2.712869882583618164e+00 2.436389437649415513e-01
2.716089963912963867e+00 2.788149643754038454e-02
2.716619968414306641e+00 1.284731197711416195e-01
2.721999883651733398e+00 1.575276147539216021e-01
2.726649999618530273e+00 7.888974146409696853e-02
2.729860067367553711e+00 3.309844349876742142e-02
2.730360031127929688e+00 6.850155936624660602e-02
2.732880115509033203e+00 1.528926075658189887e-01
2.735569953918457031e+00 1.570195074587340534e-01
2.739520072937011719e+00 7.508763059246983396e-01
2.741960048675537109e+00 5.050594170242168890e-02
2.744760036468505859e+00 5.998957559180870952e-02
2.751770019531250000e+00 9.695911536468000691e-02
2.754460096359252930e+00 1.166406321131669088e+00
2.754709959030151367e+00 7.470770188061900963e-02
2.757859945297241211e+00 5.670360888738046334e-02
2.758559942245483398e+00 5.426717313597609338e-02
2.763329982757568359e+00 4.447309490034612872e-02
2.764270067214965820e+00 1.254633129158137517e-01
2.766499996185302734e+00 5.147258941390488174e-02
2.768179893493652344e+00 7.879781849471452493e-02
2.772239923477172852e+00 4.352506715470262355e-01
2.779000043869018555e+00 6.967042792078852707e-03
2.784369945526123047e+00 5.274119852211280046e-02
2.786639928817749023e+00 3.963182777049233801e-02
2.786710023880004883e+00 7.320209197033582249e-02
2.789050102233886719e+00 6.441174039608339730e-02
2.790420055389404297e+00 4.982427712122218175e-03
2.815210103988647461e+00 1.373447128893209024e-01
2.846139907836914062e+00 5.448961094413251605e-02
2.857189893722534180e+00 8.151528853282434539e-02
2.862210035324096680e+00 6.096658891129423663e-02
2.864639997482299805e+00 1.909303743748531207e-02
2.875950098037719727e+00 3.684463518967923124e-02
2.877779960632324219e+00 3.144987752707444073e-02
2.882460117340087891e+00 4.342665062714146096e-02
2.886080026626586914e+00 1.080384619105560495e-01
2.889349937438964844e+00 6.704511569603520404e-02
2.891239881515502930e+00 5.192526406624048407e-02
2.896990060806274414e+00 5.503354196021297690e-02
2.899440050125122070e+00 5.723082360408026092e-01
2.899650096893310547e+00 1.558522221860943191e-01
2.901070117950439453e+00 5.297887191622772940e-02
2.901829957962036133e+00 1.748914887306118882e-02
2.912509918212890625e+00 1.167458930391860293e-02
2.913990020751953125e+00 1.978898941107394213e-02
2.915359973907470703e+00 6.810657140963977119e-02
2.920559883117675781e+00 1.032578594708016967e-01
2.921329975128173828e+00 3.693426963368348637e-02
2.923899888992309570e+00 3.519522022553232127e-02
2.925460100173950195e+00 5.627337982576222086e-02
2.926660060882568359e+00 2.133226614159654602e-02
2.931020021438598633e+00 2.982758446489897422e-02
2.941390037536621094e+00 1.862701703824209964e-01
2.941629886627197266e+00 8.284059986991057500e-02
2.957010030746459961e+00 2.241088135892208844e-01
2.967000007629394531e+00 9.835289971300065215e-01
2.968660116195678711e+00 1.336010280583529823e-02
2.999959945678710938e+00 8.047471932600208655e-02
3.001339912414550781e+00 1.853657936158608494e-02
3.001660108566284180e+00 4.116765591170919170e-02
3.009919881820678711e+00 5.260435277890247729e-02
3.012130022048950195e+00 5.309405590694250832e-02
3.015640020370483398e+00 6.652899548864192603e-02
3.041310071945190430e+00 1.122227686531033636e-01
3.095220088958740234e+00 5.946543008347039694e-02
3.096729993820190430e+00 1.406980901398786551e-02
3.097460031509399414e+00 2.974211484821603912e-02
3.104759931564331055e+00 5.483368770807400816e-02
3.107729911804199219e+00 2.319845273182346568e-01
3.114409923553466797e+00 2.697209178589443299e-02
3.116039991378784180e+00 7.446149379169812732e-02
3.119369983673095703e+00 5.745357076687365172e-01
3.119610071182250977e+00 3.186628345153734443e-02
3.121860027313232422e+00 1.879529840447302924e-01
3.123159885406494141e+00 2.563416776024803057e-02
3.124880075454711914e+00 4.653788802737739844e-02
3.133300065994262695e+00 8.488750089507618446e-02
3.134429931640625000e+00 2.365640177506702496e-02
3.137619972229003906e+00 2.931104174495903492e-02
3.140330076217651367e+00 4.338036100738972001e-02
3.141079902648925781e+00 2.842644014338837621e-01
3.147720098495483398e+00 3.080691746010466581e-02
3.148720026016235352e+00 8.463078895061483531e-02
3.157210111618041992e+00 5.280811516578880899e-02
3.159499883651733398e+00 1.314695960795853880e-01
3.162050008773803711e+00 5.257080413444955441e-02
3.173619985580444336e+00 9.417462974942220066e-02
3.184400081634521484e+00 2.524907992914667276e-01
3.259829998016357422e+00 2.314112995277830265e-01
3.270090103149414062e+00 5.649851307342932533e-02
3.280750036239624023e+00 2.077003650664707712e-02
3.293260097503662109e+00 8.895188366816143832e-02
3.295419931411743164e+00 3.683406315974507156e-02
3.299849987030029297e+00 6.391310565056661230e-02
3.304310083389282227e+00 3.466582512768520696e-02
3.306240081787109375e+00 7.685767763251986906e-02
3.312390089035034180e+00 2.110249503068308830e-01
3.312439918518066406e+00 3.305085060093839733e-01
3.316440105438232422e+00 9.624941392195349166e-02
3.330349922180175781e+00 1.000534540628255850e-02
3.332220077514648438e+00 1.826491529480908371e-01
3.334439992904663086e+00 3.078222571575974648e-02
3.337169885635375977e+00 5.883822705278128617e-02
3.337970018386840820e+00 5.912175309771848519e-02
3.341120004653930664e+00 2.711968561123220267e-01
3.356669902801513672e+00 6.617863749642695359e-02
3.356729984283447266e+00 3.746733345248991209e-02
3.356879949569702148e+00 1.903412848270052693e-01
3.357929944992065430e+00 4.745115403355799205e-02
3.362629890441894531e+00 1.329708889879392848e-02
3.367039918899536133e+00 8.274733763400550501e-02
3.367290019989013672e+00 4.695812630106659807e-02
3.369669914245605469e+00 1.898623755764209525e-02
3.373019933700561523e+00 4.268208952141215595e-02
3.375200033187866211e+00 2.167595923982305883e-02
3.379499912261962891e+00 6.808792649294776941e-03
3.380399942398071289e+00 2.157809925527598774e-02
3.381949901580810547e+00 4.229481273455360651e-02
3.382479906082153320e+00 1.151129125565161504e-01
3.383490085601806641e+00 3.298133562695289289e-02
3.407239913940429688e+00 1.110288954779266729e-01
3.430809974670410156e+00 5.003707002102483758e-02
3.437050104141235352e+00 1.554713583600856042e-01
3.440540075302124023e+00 3.240369031496142388e-02
3.443429946899414062e+00 3.186640080033339290e-02
3.470979928970336914e+00 1.864414661558803227e-02
3.471139907836914062e+00 4.120208718714085672e-02
3.479949951171875000e+00 8.547287611569073795e-02
3.484479904174804688e+00 7.469337548917079350e-02
3.486390113830566406e+00 1.502041310489109494e-01
3.491960048675537109e+00 4.546762690951022812e-02
3.494669914245605469e+00 4.583941227346704367e-02
3.502419948577880859e+00 7.657890271192041576e-02
3.504529953002929688e+00 1.420475944307201741e-02
3.508869886398315430e+00 3.933107005737084341e-03
3.508990049362182617e+00 1.423763296444933435e-01
3.512259960174560547e+00 4.955640677888885348e-02
3.518199920654296875e+00 6.650162048718451235e-02
3.520669937133789062e+00 6.214853426327925784e-02
3.521699905395507812e+00 5.397586568444952965e-02
3.523570060729980469e+00 1.703669744796563468e-01
3.525140047073364258e+00 3.152068332718655636e-02
3.525979995727539062e+00 3.271286881871737079e-02
3.535680055618286133e+00 5.284457598585610982e-02
3.538100004196166992e+00 4.030845131713082369e-02
3.540829896926879883e+00 5.911498565751261564e-02
3.541810035705566406e+00 2.022574014138456625e-02
3.544059991836547852e+00 1.025222686607845934e-01
3.550400018692016602e+00 1.169573995128953547e-01
3.560430049896240234e+00 3.150938325587987476e-01
3.568300008773803711e+00 2.046275892658946244e-02
3.576159954071044922e+00 2.562800971327794386e-02
3.587450027465820312e+00 9.617421886442015233e-02
3.595050096511840820e+00 4.494968973338429180e-02
3.601459980010986328e+00 8.175510291157403464e-02
3.606780052185058594e+00 1.787403524730075410e-01
3.675869941711425781e+00 1.995070114483585566e-01
3.688869953155517578e+00 2.364415458721738292e-02
3.698489904403686523e+00 4.302096047516576482e-02
3.709000110626220703e+00 7.257549684357728070e-02
3.709959983825683594e+00 4.978645808860375499e-02
3.710469961166381836e+00 5.338010886680746164e-02
3.711100101470947266e+00 1.012351512498159412e-02
3.715770006179809570e+00 4.204676341278570234e-02
3.718230009078979492e+00 2.077155601601563539e-01
3.719290018081665039e+00 1.140934601128471559e-01
3.723190069198608398e+00 9.635667784079904319e-02
3.725150108337402344e+00 4.969549394716702567e-02
3.736710071563720703e+00 1.217094920062127411e-01
3.737270116806030273e+00 1.648240951108453090e-01
3.738219976425170898e+00 4.235633410151507655e-02
3.739769935607910156e+00 1.739026215680351817e-01
3.747109889984130859e+00 1.274705843809628980e-01
3.749030113220214844e+00 1.325000209036879956e-02
3.751559972763061523e+00 1.073114117536400763e-01
3.754220008850097656e+00 6.255934555764267047e-02
3.755569934844970703e+00 5.678764750212133422e-02
3.767790079116821289e+00 1.020049976241414053e-01
3.774899959564208984e+00 2.003377371978379839e-01
3.775890111923217773e+00 4.713889099007832761e-02
3.799999952316284180e+00 1.786041478607076072e-01
3.825050115585327148e+00 1.893636521692318164e-01
3.849400043487548828e+00 9.534004878958299289e-02
3.857569932937622070e+00 9.565157359091619460e-02
3.864200115203857422e+00 6.871348231057419764e-02
3.867340087890625000e+00 6.718114672905745044e-02
3.876219987869262695e+00 5.239566499895696033e-02
3.879839897155761719e+00 1.878528413740772340e-02
3.893009901046752930e+00 9.040746413378857038e-02
3.911999940872192383e+00 1.121269925915298685e-02
3.915250062942504883e+00 3.028539492859259191e-02
3.915889978408813477e+00 2.403388792733905654e-02
3.928859949111938477e+00 1.750493375829186571e-01
3.931430101394653320e+00 2.976770197192664114e-01
3.931859970092773438e+00 2.006121445891315136e-01
3.932760000228881836e+00 3.573658251218349985e-02
3.932899951934814453e+00 1.009930257834489864e-01
3.937649965286254883e+00 2.304412728300302415e-01
3.937989950180053711e+00 2.046222511934758098e-02
3.939510107040405273e+00 2.988152953656638897e-02
3.940749883651733398e+00 2.592691270582692803e-02
3.942610025405883789e+00 1.308603657549168020e-01
3.944530010223388672e+00 1.636588704218531337e-02
3.947959899902343750e+00 1.195786856750268856e-01
3.959290027618408203e+00 9.128819487284330070e-02
3.959579944610595703e+00 3.414266679402075400e-02
3.964349985122680664e+00 7.388384688334630190e-02
3.966279983520507812e+00 1.083809092213430247e-01
3.971390008926391602e+00 8.848622487199651887e-02
3.980279922485351562e+00 4.863478861734867736e-02
3.984450101852416992e+00 1.252292441994523609e-01
3.997800111770629883e+00 1.084106054511679434e-01
4.003240108489990234e+00 1.155905603064768805e-01
4.017340183258056641e+00 1.110366675523706548e-01
4.020579814910888672e+00 4.919507611062010066e-02
4.028800010681152344e+00 4.823493666955055992e-02
4.059549808502197266e+00 9.380502102488705654e-03
4.062739849090576172e+00 1.000174523648954122e-01
4.070710182189941406e+00 1.738200864262615108e-01
4.072030067443847656e+00 3.973808979014305937e-02
4.077370166778564453e+00 1.281199741312227802e-02
4.077760219573974609e+00 8.709777426566550629e-02
4.080299854278564453e+00 6.613255385966201882e-02
4.080560207366943359e+00 1.343482824868559300e-01
4.082190036773681641e+00 1.322804952442044497e-02
4.084249973297119141e+00 9.256616527776921621e-02
4.085319995880126953e+00 2.831981482690361374e-02
4.085360050201416016e+00 1.078645879026547162e-02
4.091050148010253906e+00 3.202441181998461062e-02
4.097780227661132812e+00 1.670104643154133872e-01
4.101570129394531250e+00 3.922730934762003185e-02
4.102330207824707031e+00 1.939136570787749342e-02
4.119659900665283203e+00 3.738337607992689438e-02
4.121029853820800781e+00 2.990884258312475480e-02
4.122580051422119141e+00 1.895361445041999215e-01
4.125430107116699219e+00 2.917319677254332638e-02
4.125810146331787109e+00 3.510855142608336754e-01
4.126629829406738281e+00 1.682883295533676299e-02
4.139520168304443359e+00 3.023134610345945203e-02
4.154200077056884766e+00 2.074498028530316618e-02
4.163259983062744141e+00 1.100894629314628781e-01
4.167960166931152344e+00 1.038329344419039568e+00
4.186709880828857422e+00 9.938327591065970745e-02
4.188350200653076172e+00 8.307746367984908398e-02
4.191380023956298828e+00 7.885942610033544464e-02
4.195219993591308594e+00 1.947788645849174438e-01
4.208240032196044922e+00 1.578658927752549235e-01
4.210090160369873047e+00 2.695402348712879204e-01
4.289219856262207031e+00 1.417515507084614323e-01
4.292950153350830078e+00 5.471697809566378884e-02
4.297850131988525391e+00 1.201881645371968427e-01
4.303730010986328125e+00 7.579573243686540951e-02
4.304180145263671875e+00 2.455975034989229394e-02
4.306240081787109375e+00 3.633825405163818578e-01
4.307270050048828125e+00 1.075883796596326103e-01
4.310219764709472656e+00 4.856393708359861561e-02
4.310910224914550781e+00 6.850361892043244083e-02
4.311890125274658203e+00 3.389715367431563042e-02
4.312170028686523438e+00 5.145769391419183214e-02
4.317840099334716797e+00 4.089795226811754336e-02
4.318830013275146484e+00 7.897873451679839063e-02
4.322450160980224609e+00 1.071638483065565639e-01
4.322649955749511719e+00 1.533742137757750090e-01
4.326369762420654297e+00 1.617218041505986414e-01
4.328539848327636719e+00 1.692765285109408824e-01
4.330039978027343750e+00 3.929151364692892723e-02
4.331470012664794922e+00 9.404116398550108058e-02
4.332520008087158203e+00 1.224998200213745642e-01
4.338900089263916016e+00 1.390423320266097607e-01
4.339119911193847656e+00 1.371022380366521132e-01
4.344379901885986328e+00 9.085354892232316848e-02
4.347899913787841797e+00 1.306816769538981238e-01
4.420259952545166016e+00 1.491621870930544269e-01
4.436560153961181641e+00 2.810394088652108380e-01
4.451590061187744141e+00 3.361675196457780679e-02
4.453770160675048828e+00 4.453001947801461108e-02
4.469719886779785156e+00 1.161168026064638009e-01
4.474289894104003906e+00 3.355973219621505993e-02
4.476789951324462891e+00 1.633296049851114817e-01
4.479849815368652344e+00 3.346885070134328344e-02
4.499179840087890625e+00 7.474996963336039135e-01
4.504869937896728516e+00 3.187635333681913818e-02
4.507719993591308594e+00 4.323369588035209932e-02
4.511169910430908203e+00 1.184401227144688956e-01
4.515970230102539062e+00 4.069890925939175230e-01
4.519340038299560547e+00 8.727699525903026556e-02
4.520909786224365234e+00 4.585070336178553863e-02
4.522449970245361328e+00 1.508778671388635029e-01
4.523119926452636719e+00 1.328817026815076741e-01
4.525330066680908203e+00 5.166116157155276056e-02
4.531179904937744141e+00 6.185737557866483743e-02
4.540170192718505859e+00 8.763709946065324774e-02
4.542500019073486328e+00 8.318250706214903867e-02
4.544569969177246094e+00 1.707165636793958330e-01
4.545370101928710938e+00 2.474888175693667688e-02
4.546520233154296875e+00 3.613871358610583340e-02
4.546840190887451172e+00 2.056290800295533863e-02
4.551239967346191406e+00 1.611218760383585080e-01
4.551899909973144531e+00 5.497350753579602345e-02
4.554520130157470703e+00 8.110070939633959308e-02
4.560259819030761719e+00 2.430290783022666726e-02
4.560569763183593750e+00 5.844579112619350397e-02
4.585700035095214844e+00 2.404690401478014328e-02
4.587389945983886719e+00 4.368637897226909650e-02
4.587979793548583984e+00 2.364257638212852522e-02
4.616519927978515625e+00 2.959680822982815179e-02
4.617869853973388672e+00 3.249689717579010845e-02
4.628620147705078125e+00 8.157001912412266409e-02
4.641210079193115234e+00 5.813915241413072921e-02
4.644780158996582031e+00 3.981300997358073329e-02
4.652120113372802734e+00 6.413895262808841369e-02
4.653450012207031250e+00 9.455305437033413585e-02
4.663949966430664062e+00 1.773404631244069468e-02
4.670400142669677734e+00 2.522105516807743308e-02
4.672369956970214844e+00 1.831061710398692449e-02
4.676060199737548828e+00 3.203939040415460654e-02
4.679969787597656250e+00 2.006605646623288441e-02
4.683420181274414062e+00 2.014204615961024888e-02
4.683619976043701172e+00 2.717278851820049621e-02
4.686180114746093750e+00 1.119927115552872554e-01
4.689310073852539062e+00 1.364755847000219124e-01
4.692570209503173828e+00 1.327320127911646719e-01
4.697840213775634766e+00 5.668434899822663575e-02
4.698480129241943359e+00 2.971036098767512734e-02
4.699969768524169922e+00 1.057035737915179574e-02
4.710450172424316406e+00 7.874962262204299179e-02
4.710549831390380859e+00 5.509232094924973455e-02
4.714469909667968750e+00 3.572277502744845151e-02
4.721549987792968750e+00 9.115257148603816972e-02
4.726220130920410156e+00 1.491755458423461300e-01
4.732309818267822266e+00 1.327983592194130202e-01
4.733339786529541016e+00 6.165599861938102222e-02
4.733359813690185547e+00 2.105127002955174964e-01
4.745470046997070312e+00 5.014895754545398848e-02
4.747479915618896484e+00 6.852511849564954516e-02
4.766560077667236328e+00 4.405576968466089205e-02
4.773560047149658203e+00 1.225418169023553133e-01
4.786330223083496094e+00 1.216862629440124272e-01
4.793260097503662109e+00 6.721678086833798860e-02
4.804279804229736328e+00 2.620407655606193376e-01
4.869850158691406250e+00 5.811588376454616262e-02
4.870989799499511719e+00 1.121810531800103983e-01
4.873569965362548828e+00 3.377110852429851540e-02
4.873600006103515625e+00 5.167237927337715864e-02
4.876949787139892578e+00 8.902405089922993398e-02
4.880519866943359375e+00 8.953655427539683465e-02
4.888619899749755859e+00 8.271619109954607418e-02
4.892459869384765625e+00 4.357459824249934610e-02
4.898389816284179688e+00 1.473049640228496493e-01
4.900390148162841797e+00 1.749816552194918828e-02
4.904280185699462891e+00 2.231479063916543687e-02
4.905449867248535156e+00 1.299804856533988591e-02
4.909110069274902344e+00 1.633850852898174610e-01
4.911029815673828125e+00 1.288520860771816823e-01
4.913539886474609375e+00 1.379808003821122453e-01
4.915480136871337891e+00 1.512506160218434204e-01
4.917429924011230469e+00 1.637033891111389430e-02
4.922150135040283203e+00 1.870522875372092886e-01
4.923150062561035156e+00 6.662361455520185438e-02
4.925499916076660156e+00 6.441766166903442614e-02
4.926509857177734375e+00 1.183025087965898850e-02
4.936749935150146484e+00 7.365974320546492260e-02
4.943570137023925781e+00 2.482762355225134332e-01
4.953710079193115234e+00 1.403270479297231699e-01
5.006770133972167969e+00 7.805775755181630637e-02
5.015369892120361328e+00 1.178708901902107559e-01
5.035830020904541016e+00 3.381131312438216685e-02
5.039740085601806641e+00 4.761194530551008525e-02
5.041100025177001953e+00 4.014408101418070335e-02
5.063509941101074219e+00 2.210109689258175220e-02
5.064819812774658203e+00 1.512071685660313081e-01
5.076320171356201172e+00 3.810747804498412078e-02
5.079189777374267578e+00 4.406838905018519575e-02
5.094399929046630859e+00 2.769755933445984530e-02
5.103390216827392578e+00 2.713882831480364244e-01
5.104889869689941406e+00 9.693919142438676972e-02
5.110479831695556641e+00 1.366640206381328215e-01
5.115340232849121094e+00 5.032421821942267143e-02
5.115970134735107422e+00 2.432788500606733184e-01
5.119140148162841797e+00 3.670436410617625156e-02
5.122360229492187500e+00 7.977862678978545063e-02
5.125480175018310547e+00 1.748573397770282131e-02
5.125919818878173828e+00 7.861209799014034702e-03
5.128489971160888672e+00 1.287429263071457330e-02
5.131179809570312500e+00 8.130344987599506801e-02
5.134160041809082031e+00 1.813677836844899971e-02
5.134570121765136719e+00 8.176335351762939463e-02
5.136730194091796875e+00 3.235220910086395590e-02
5.138100147247314453e+00 3.255830719033196707e-02
5.138800144195556641e+00 2.422035713800983064e-02
5.139679908752441406e+00 1.327922267860756622e-01
5.140240192413330078e+00 5.541162569522325998e-02
5.141089916229248047e+00 3.847887163492189067e-02
5.147950172424316406e+00 7.663718887687327730e-02
5.151179790496826172e+00 2.472887007065708576e-01
5.152170181274414062e+00 7.539228237736882166e-02
5.152309894561767578e+00 3.797389369624063621e-02
5.180689811706542969e+00 1.122280233649165099e-01
5.202660083770751953e+00 4.716901478425516991e-02
5.205289840698242188e+00 1.124064521446693360e-01
5.244279861450195312e+00 7.531568996183735099e-02
5.246059894561767578e+00 2.041542730992380872e-02
5.257649898529052734e+00 4.500470648438284482e-02
5.262750148773193359e+00 1.485304928927350110e-02
5.268229961395263672e+00 2.575511991676184692e-02
5.271200180053710938e+00 5.689454388509890964e-02
5.273409843444824219e+00 2.100031390603034065e-02
5.273469924926757812e+00 3.208976487220771556e-02
5.274169921875000000e+00 1.017771316105499022e-02
5.274980068206787109e+00 1.585790927389376381e-01
5.275000095367431641e+00 7.023573417103340377e-02
5.277080059051513672e+00 5.211703819737575211e-02
5.277420043945312500e+00 4.051493164039862011e-02
5.280769824981689453e+00 2.714940604886392425e-02
5.283909797668457031e+00 4.280572677080263927e-02
5.288239955902099609e+00 3.451217731736783839e-02
5.288430213928222656e+00 3.408550301808034588e-02
5.290349960327148438e+00 2.074337932984491595e-01
5.291609764099121094e+00 1.586678589105343928e-01
5.294760227203369141e+00 2.783606850030892824e-02
5.295000076293945312e+00 4.519968963300648179e-02
5.299580097198486328e+00 2.941449217977059050e-01
5.319859981536865234e+00 2.722701010789635445e-01
5.323880195617675781e+00 2.959202783995017877e-02
5.325799942016601562e+00 8.450433740710990016e-02
5.329689979553222656e+00 1.831286775837098757e-01
5.352000236511230469e+00 2.984615480099039320e-01
5.358210086822509766e+00 1.014434689460250588e-01
5.366030216217041016e+00 3.170109953856054680e-02
5.378180027008056641e+00 3.468577484514933501e-02
5.383120059967041016e+00 5.516220456271876404e-01
5.403409957885742188e+00 3.770010636683084893e-01
5.423369884490966797e+00 1.371008404064870401e-01
5.464310169219970703e+00 8.078428106438576006e-02
5.466010093688964844e+00 5.617201344898162252e-02
5.470560073852539062e+00 3.887521068712945782e-02
5.477290153503417969e+00 7.112874916297930172e-02
5.483270168304443359e+00 1.313557174257989346e-01
5.484000205993652344e+00 1.598081589723051449e-02
5.484069824218750000e+00 2.698297909625376259e-02
5.484089851379394531e+00 8.789252377901861368e-02
5.485680103302001953e+00 5.944131098061487123e-02
5.487430095672607422e+00 3.745330423415585419e-02
5.491040229797363281e+00 5.479608157968649668e-02
5.492219924926757812e+00 2.632719588207273198e-02
5.492300033569335938e+00 1.453286623925394705e-01
5.497610092163085938e+00 3.269626355702077991e-02
5.500740051269531250e+00 2.528177290421978335e-02
5.503210067749023438e+00 1.915830837113898233e-01
5.508729934692382812e+00 1.880830695128722641e-02
5.509280204772949219e+00 1.388863986116053821e-02
5.513130187988281250e+00 6.573245895221739576e-02
5.516280174255371094e+00 8.840256273664538755e-02
5.526869773864746094e+00 1.873728346888940410e-01
5.533269882202148438e+00 1.830017253833517432e-01
5.539869785308837891e+00 5.073003225126462151e-02
5.593699932098388672e+00 9.735754163307464015e-02
5.600629806518554688e+00 1.642940320341922389e-01
5.623040199279785156e+00 2.608424937751803105e-02
5.624460220336914062e+00 4.255981003006823610e-02
5.644979953765869141e+00 1.219479211649756104e-02
5.646140098571777344e+00 4.919447056063454282e-02
5.646679878234863281e+00 4.675550955510841822e-02
5.670639991760253906e+00 6.703533448772525452e-03
5.671400070190429688e+00 2.920154561162259521e-02
5.680270195007324219e+00 6.936367002453455721e-02
5.689020156860351562e+00 3.619108389735830461e-02
5.696040153503417969e+00 3.740118978012899748e-02
5.698569774627685547e+00 1.992488436745902258e-01
5.700870037078857422e+00 2.392727974887159381e-01
5.700990200042724609e+00 4.927420216523310109e-02
5.704520225524902344e+00 4.794614277996127327e-02
5.713809967041015625e+00 2.105346224725323234e-01
5.715139865875244141e+00 1.194580264622028681e-01
5.720059871673583984e+00 8.745327414565214411e-03
5.723060131072998047e+00 1.800221815127850955e-01
5.725520133972167969e+00 1.465042218501985682e-01
5.726759910583496094e+00 3.913901213902788723e-02
5.726819992065429688e+00 2.831200126673124456e-02
5.727139949798583984e+00 6.996204203097501628e-02
5.728390216827392578e+00 2.059631159002366096e-02
5.730120182037353516e+00 6.589017928796495061e-02
5.738540172576904297e+00 7.116425521794349056e-03
5.741990089416503906e+00 5.659270272536372909e-02
5.745480060577392578e+00 2.812481591810995010e-02
5.748469829559326172e+00 1.927191612903190188e-01
5.751649856567382812e+00 4.630896171103288800e-02
5.755340099334716797e+00 2.869729228669132964e-02
5.760379791259765625e+00 1.411150837372575628e-01
5.766799926757812500e+00 4.151356744528576781e-02
5.774610042572021484e+00 5.118863533237796859e-02
5.796629905700683594e+00 5.910906847497621880e-02
5.799290180206298828e+00 4.002571189910272831e-02
5.811880111694335938e+00 7.400322876614902345e-02
5.833620071411132812e+00 8.655001367532232093e-02
5.839809894561767578e+00 1.423846633440014608e-01
5.843100070953369141e+00 8.531488306690633572e-02
5.845369815826416016e+00 5.720993200705312698e-02
5.852149963378906250e+00 1.713259093711330117e-01
5.853469848632812500e+00 9.647273685156987355e-02
5.857429981231689453e+00 2.875639873162142562e-02
5.861989974975585938e+00 1.061833542929196267e-01
5.863639831542968750e+00 5.510814837195262932e-03
5.865409851074218750e+00 6.223379502283218900e-02
5.866479873657226562e+00 3.613855808052245100e-02
5.866539955139160156e+00 9.723904068923215627e-02
5.868340015411376953e+00 5.275939701097293044e-02
5.879519939422607422e+00 2.159341850594890394e-02
5.888879776000976562e+00 7.478383638074929951e-02
5.892710208892822266e+00 4.749862196911498746e-02
5.892899990081787109e+00 4.717639828995902340e-02
5.892970085144042969e+00 7.191731358805689145e-02
5.895609855651855469e+00 4.696409295940391637e-02
5.897640228271484375e+00 1.722190887531989123e-01
5.898119926452636719e+00 6.057046898180741545e-02
5.911630153656005859e+00 1.874928249758594234e-01
5.915579795837402344e+00 6.927486222474416033e-02
5.919849872589111328e+00 1.228841815972065016e-01
5.924139976501464844e+00 1.647855716846113872e-01
5.928020000457763672e+00 7.407399228230626687e-02
5.952589988708496094e+00 2.221464541087447286e-01
5.956870079040527344e+00 6.845884217687374373e-02
5.959189891815185547e+00 1.088219652778893431e-01
5.962240219116210938e+00 2.083257228291161833e-01
6.009709835052490234e+00 1.277391872233043513e-01
6.053500175476074219e+00 3.597977720066376783e-02
6.055510044097900391e+00 3.335588273437475881e-02
6.059150218963623047e+00 3.808680794947414544e-02
6.060080051422119141e+00 4.435081550647053394e-02
6.060760021209716797e+00 1.558743077382296616e-01
6.066359996795654297e+00 7.491599420407116239e-02
6.071909904479980469e+00 4.511012949567972941e-01
6.076360225677490234e+00 6.890412917843925789e-02
6.077549934387207031e+00 1.426242571864201891e-01
6.078289985656738281e+00 6.314281901494196714e-02
6.081649780273437500e+00 6.510761709049416035e-02
6.082449913024902344e+00 2.776378734083287045e-02
6.084969997406005859e+00 1.843541313684194174e-02
6.091909885406494141e+00 7.750322401626788538e-02
6.096149921417236328e+00 5.537681697422739552e-02
6.097030162811279297e+00 4.950223158395845174e-02
6.098149776458740234e+00 3.506678124403340285e-02
6.098390102386474609e+00 1.213311226707622509e-01
6.101109981536865234e+00 4.270735950881974358e-02
6.102109909057617188e+00 2.983307115091200501e-01
6.110980033874511719e+00 8.973985169683186547e-02
6.120779991149902344e+00 1.269218270833152862e-01
6.147439956665039062e+00 1.601445941322031941e-01
6.191080093383789062e+00 3.481399706525865612e-01
6.202169895172119141e+00 7.287365485379400376e-02
6.211629867553710938e+00 1.006437436733525204e-01
6.217959880828857422e+00 5.258552380217929728e-02
6.220950126647949219e+00 3.991836355817335313e-02
6.221849918365478516e+00 6.975763355218145279e-02
6.224329948425292969e+00 5.633418025186404110e-02
6.228929996490478516e+00 9.780005542220591985e-02
6.243179798126220703e+00 9.101911650192798242e-02
6.257810115814208984e+00 3.123831241897865457e-02
6.272930145263671875e+00 3.750666041392407279e-02
6.274139881134033203e+00 8.773514945012193811e-02
6.282050132751464844e+00 1.292026343514804665e-01
6.282509803771972656e+00 1.189355253275242996e-01
6.283299922943115234e+00 8.644999084654526877e-02
6.283599853515625000e+00 2.737088307343978413e-02
6.289460182189941406e+00 3.922502794563902800e-02
6.290619850158691406e+00 1.292989892526466289e-01
6.295979976654052734e+00 8.494049149352251096e-03
6.298890113830566406e+00 3.608398005809721615e-02
6.299139976501464844e+00 8.602004399905324727e-02
6.300250053405761719e+00 2.077546894142436595e-01
6.305089950561523438e+00 7.190962846190718238e-02
6.305850028991699219e+00 9.606753194492976405e-03
6.308390140533447266e+00 4.452490922210061708e-02
6.309070110321044922e+00 8.982866622191310046e-02
6.309370040893554688e+00 1.713187694724097043e-02
6.311460018157958984e+00 4.125649679709430390e-02
6.312200069427490234e+00 2.612780547509057846e-02
6.316170215606689453e+00 8.183511053099037924e-02
6.320360183715820312e+00 1.086072634247970820e-01
6.335000038146972656e+00 1.882432089545749976e-01
6.377270221710205078e+00 2.847970666108619667e-02
6.390190124511718750e+00 1.150155787126713181e-01
6.396959781646728516e+00 4.080322705840305764e-02
6.397830009460449219e+00 6.139507392187787405e-02
6.401949882507324219e+00 1.153510958914261975e-01
6.415150165557861328e+00 2.980202308373143191e-02
6.417310237884521484e+00 1.037571819916280474e-01
6.421689987182617188e+00 1.636218065222001111e-02
6.429299831390380859e+00 1.498796562098971344e-02
6.430930137634277344e+00 6.967877129165273020e-02
6.434460163116455078e+00 1.126857506179664847e-01
6.441269874572753906e+00 1.848807726680871399e-01
6.444200038909912109e+00 1.748419873064798249e-02
6.445859909057617188e+00 1.768037181581099543e-02
6.447999954223632812e+00 2.086293004269731619e-02
6.448289871215820312e+00 2.461254782083412140e-02
6.449140071868896484e+00 2.260721182544856919e-02
6.449180126190185547e+00 1.245053717112912517e-01
6.451739788055419922e+00 6.433613883580323323e-02
6.455440044403076172e+00 1.019615732799703939e-01
6.459869861602783203e+00 3.564543974955519667e-02
6.461649894714355469e+00 1.228860679913243437e-01
6.465320110321044922e+00 9.387148626634862769e-02
6.467460155487060547e+00 3.309272233603444829e-02
6.475279808044433594e+00 6.232005513045236339e-02
6.475480079650878906e+00 5.733475783337731863e-02
6.476850032806396484e+00 3.454186927208269253e-02
6.486100196838378906e+00 2.088106178863211315e-01
6.502520084381103516e+00 1.451455958926570547e-02
6.505829811096191406e+00 1.145337086407134802e-01
6.514550209045410156e+00 2.760696832121196931e-02
6.528369903564453125e+00 2.853732677832175949e-02
6.529890060424804688e+00 1.348417813826277012e-01
6.542429924011230469e+00 5.342735986011461213e-02
6.566040039062500000e+00 8.283469134449196469e-02
6.577149868011474609e+00 1.937836790805182730e-01
6.631559848785400391e+00 2.057229591693582674e-02
6.649030208587646484e+00 2.746975243531631777e-02
6.651500225067138672e+00 1.086435189216805458e-01
6.652840137481689453e+00 4.372068270100691600e-02
6.653399944305419922e+00 1.027766181615099167e-01
6.655789852142333984e+00 4.373403954891682405e-02
6.664850234985351562e+00 1.131990193714889903e-01
6.667479991912841797e+00 9.829054181468228901e-02
6.670559883117675781e+00 2.402573423276500517e-02
6.671289920806884766e+00 2.030922773996979291e-01
6.671919822692871094e+00 4.046130046426842791e-02
6.673099994659423828e+00 6.478803506529696998e-02
6.676360130310058594e+00 1.061339664054198467e-01
6.676929950714111328e+00 1.072592537158702231e-01
6.677070140838623047e+00 8.694775463397542634e-03
6.678190231323242188e+00 1.819237565417087532e-01
6.680840015411376953e+00 5.284852657641390949e-02
6.681749820709228516e+00 3.115538355916392943e-01
6.682209968566894531e+00 1.889027656447031522e-02
6.684790134429931641e+00 4.047386723792701368e-01
6.684949874877929688e+00 1.092094365043631415e-01
6.686339855194091797e+00 4.163154268383927048e-02
6.689229965209960938e+00 2.914139617293164813e-02
6.699299812316894531e+00 3.257929734681470207e-02
6.772250175476074219e+00 3.624711944622160953e-01
6.784389972686767578e+00 1.133161483822249099e-01
6.786950111389160156e+00 6.355352128079430618e-02
6.791840076446533203e+00 4.043610275825893496e-01
6.813010215759277344e+00 1.182353872085861179e-01
6.815149784088134766e+00 5.958468225783998540e-02
6.819980144500732422e+00 2.609673119419406717e-01
6.846620082855224609e+00 3.408750800030019984e-02
6.846930027008056641e+00 1.327336795145647452e-01
6.855850219726562500e+00 8.880322614335028897e-02
6.860320091247558594e+00 1.184551455507807383e-01
6.861080169677734375e+00 1.186107393706292701e-02
6.863180160522460938e+00 1.308196494830047296e-01
6.866539955139160156e+00 6.070970375250150236e-02
6.868400096893310547e+00 6.235370433657669992e-02
6.871029853820800781e+00 5.402731817702276923e-02
6.875740051269531250e+00 2.281891135633870304e-01
6.880740165710449219e+00 8.477346496135919340e-02
6.884870052337646484e+00 6.367722978743181605e-02
6.885429859161376953e+00 9.082178351183879672e-02
6.890220165252685547e+00 8.824318955815677046e-02
6.893320083618164062e+00 3.697018732614170550e-02
6.894139766693115234e+00 4.612332175126186706e-02
6.897039890289306641e+00 7.279324471504487748e-02
6.899990081787109375e+00 2.166298105058891629e-02
6.900350093841552734e+00 4.174692145283713518e-02
6.900569915771484375e+00 1.316531239024971989e-02
6.906420230865478516e+00 1.347694552569501381e-01
6.909430027008056641e+00 7.233729197042246262e-02
6.914649963378906250e+00 5.068881697794022645e-02
6.920420169830322266e+00 4.361074073289328973e-02
6.921450138092041016e+00 1.324975133827100970e-01
6.928279876708984375e+00 2.437759463393727177e-01
6.965010166168212891e+00 1.101440586714320796e-01
6.998990058898925781e+00 5.565735731989422674e-02
7.001229763031005859e+00 5.835820326302482153e-02
7.003419876098632812e+00 4.057500010492658127e-02
7.008790016174316406e+00 6.745965251741455060e-02
7.013450145721435547e+00 4.914361599187243301e-02
7.013569831848144531e+00 6.528107022978328622e-02
7.014500141143798828e+00 1.487123924900653205e-01
7.016650199890136719e+00 6.270536898117901048e-02
7.019989967346191406e+00 2.264410969324362824e-02
7.020880222320556641e+00 1.895422394271894725e-02
7.022359848022460938e+00 1.228191538962868506e-01
7.031290054321289062e+00 6.760883169823540817e-02
7.037529945373535156e+00 2.296151138029279282e-01
7.040969848632812500e+00 1.807152102709030650e-01
7.041619777679443359e+00 1.067622196745206947e-01
7.044600009918212891e+00 9.552490251423612078e-02
7.045710086822509766e+00 1.898393676788819318e-01
7.048049926757812500e+00 3.181999517827635571e-02
7.049399852752685547e+00 7.980253559949242181e-02
7.050479888916015625e+00 5.284594266855447559e-02
7.050479888916015625e+00 3.041456428263773770e-02
7.051390171051025391e+00 1.075446331718100113e-01
7.051549911499023438e+00 9.441569659300684536e-02
7.052360057830810547e+00 9.467466583177171213e-02
7.055399894714355469e+00 1.749125566605191362e-01
7.075789928436279297e+00 7.875185422800053126e-02
7.081759929656982422e+00 6.823741909013000817e-02
7.086760044097900391e+00 6.857949265173775288e-02
7.121029853820800781e+00 1.335200371442219619e-02
7.131040096282958984e+00 1.374449409029107338e-01
7.132919788360595703e+00 5.181608049872499233e-02
7.143780231475830078e+00 6.671707563387302420e-02
7.151999950408935547e+00 7.469013343646258019e-02
7.153960227966308594e+00 1.834115918354534136e-01
7.214340209960937500e+00 2.081363900103815057e-02
7.219180107116699219e+00 5.049121584100647875e-02
7.223229885101318359e+00 9.106927820705684740e-02
7.230070114135742188e+00 8.768772644116074044e-02
7.232009887695312500e+00 4.648719969911808969e-02
7.233990192413330078e+00 1.131111934926518590e-02
7.236989974975585938e+00 2.530804594140553809e-02
7.237269878387451172e+00 5.260020261535472419e-02
7.237740039825439453e+00 5.755782212822370403e-02
7.242249965667724609e+00 1.272358021060576994e-01
7.244860172271728516e+00 1.113858104640013946e-01
7.245140075683593750e+00 2.631659768942848365e-02
7.245319843292236328e+00 5.285871002595743384e-02
7.249629974365234375e+00 3.969192072460819842e-02
7.253190040588378906e+00 3.828267104715749741e-02
7.253779888153076172e+00 1.186345631227986308e-01
7.254199981689453125e+00 6.249270976662500698e-02
7.259260177612304688e+00 2.061841753902960428e-01
7.259709835052490234e+00 1.200899873745975843e-01
7.265349864959716797e+00 4.985275570002643125e-02
7.266049861907958984e+00 8.213809627317705808e-02
7.288750171661376953e+00 3.130375367462607805e-01
7.292840003967285156e+00 6.457388261968771692e-02
7.297440052032470703e+00 1.463612968043115359e-01
7.355350017547607422e+00 1.811963239299136941e-01
7.392159938812255859e+00 5.292141063253368721e-02
7.394859790802001953e+00 1.270935282557445478e-01
7.401999950408935547e+00 9.030916956623127878e-02
7.403769969940185547e+00 1.010583679870442342e-01
7.405290126800537109e+00 4.639544966731375120e-02
7.417660236358642578e+00 6.834948615378015624e-02
7.418190002441406250e+00 3.111498876632994709e-02
7.440169811248779297e+00 6.102233637715004377e-02
7.440269947052001953e+00 7.772663203670061860e-02
7.445250034332275391e+00 5.501971249003067416e-02
7.447559833526611328e+00 3.384764569383004740e-01
7.455110073089599609e+00 6.416371171638590720e-02
7.457449913024902344e+00 7.689981231384628024e-02
7.461810111999511719e+00 2.689124861147342005e-02
7.464230060577392578e+00 5.264562152806413764e-02
7.465109825134277344e+00 2.311019119931077143e-02
7.465509891510009766e+00 6.293312343753895699e-02
7.466750144958496094e+00 1.710619086057537375e-01
7.467299938201904297e+00 9.178938754523309485e-02
7.467860221862792969e+00 2.505805532310800138e-02
7.469079971313476562e+00 2.972148020283681830e-02
7.469500064849853516e+00 9.077386139819881850e-02
7.475480079650878906e+00 1.023713058679377036e-01
7.477099895477294922e+00 2.377535600591226123e-02
7.484549999237060547e+00 3.524124946732892089e-02
7.484680175781250000e+00 3.943711261178724226e-02
7.485360145568847656e+00 2.617140814371363144e-02
7.487470149993896484e+00 4.857953108591285540e-02
7.492509841918945312e+00 1.844729105841256406e-02
7.495570182800292969e+00 5.269729115148021059e-02
7.505790233612060547e+00 7.714473334591841203e-02
7.557509899139404297e+00 1.114684403108847227e-01
7.558300018310546875e+00 1.074028560187829072e-02
7.562059879302978516e+00 3.697653691079424119e-03
7.564720153808593750e+00 2.870768268284168076e-02
7.583580017089843750e+00 1.582320363335786365e-02
7.593150138854980469e+00 9.026386090520721606e-02
7.593279838562011719e+00 7.481467844433035974e-02
7.595439910888671875e+00 5.988215944316133132e-02
7.606939792633056641e+00 2.881138373445328235e-02
7.609020233154296875e+00 3.983272795738287270e-02
7.612370014190673828e+00 4.113267169127129974e-02
7.615960121154785156e+00 2.890125388145396712e-02
7.617660045623779297e+00 7.660432724481856803e-02
7.618760108947753906e+00 6.274031014753185531e-02
7.620039939880371094e+00 1.118166771342949707e-02
7.621510028839111328e+00 4.699554182870339936e-02
7.623829841613769531e+00 3.594757308179503952e-02
7.624989986419677734e+00 2.601452594466090174e-02
7.625020027160644531e+00 3.254941035399740862e-02
7.625269889831542969e+00 3.114492415307764661e-01
7.627789974212646484e+00 1.332895707511042027e-01
7.628749847412109375e+00 4.960588141275257268e-02
7.636579990386962891e+00 6.357403873489904378e-02
7.636940002441406250e+00 5.605717791612629952e-02
7.643630027770996094e+00 5.208904979447784994e-02
7.644899845123291016e+00 1.592628154739059165e-02
7.655819892883300781e+00 2.212435493749500409e-02
7.661680221557617188e+00 2.299891878620220209e-01
7.694640159606933594e+00 6.221433925515539032e-02
7.707530021667480469e+00 6.193588528817836614e-02
7.707950115203857422e+00 2.620274452512375701e-02
7.713580131530761719e+00 3.352884665256269242e-02
7.714379787445068359e+00 1.137337271213427065e-01
7.714940071105957031e+00 1.142351499803308940e-01
7.720079898834228516e+00 7.271744997836918079e-02
7.749770164489746094e+00 1.342904194026883768e-01
7.801660060882568359e+00 2.295951979963169881e-02
7.804520130157470703e+00 2.634190952636854960e-02
7.814579963684082031e+00 1.061305285340773813e-02
7.817190170288085938e+00 8.099692116482150317e-02
7.817770004272460938e+00 1.304810718214058085e-01
7.822340011596679688e+00 3.438925762107091222e-01
7.822939872741699219e+00 5.979017227981971161e-02
7.828919887542724609e+00 8.605840868329804605e-02
7.835539817810058594e+00 1.780973390022449754e-01
7.838679790496826172e+00 4.170854480643041567e-02
7.838739871978759766e+00 1.110903691791075426e-01
7.838749885559082031e+00 1.824793764390866824e-02
7.839099884033203125e+00 1.279084882806351686e-01
7.842639923095703125e+00 1.965976362939750310e-02
7.842800140380859375e+00 1.240009442168884118e-01
7.843369960784912109e+00 1.627304582789046439e-01
7.843840122222900391e+00 1.564254311259768299e-02
7.846950054168701172e+00 3.050652745026391499e-02
7.855400085449218750e+00 1.131409365119805249e-01
7.862390041351318359e+00 1.301299307519716009e-01
7.867780208587646484e+00 6.273454365172106972e-02
7.873300075531005859e+00 1.850823568011436271e-01
7.875410079956054688e+00 2.948853171559397135e-02
7.877019882202148438e+00 3.253186978490133635e-02
7.978409767150878906e+00 1.422765988281874949e-01
7.978849887847900391e+00 1.379291632890369268e-01
7.981739997863769531e+00 5.228477993973305177e-02
7.982439994812011719e+00 2.287992279499709292e-01
7.988180160522460938e+00 1.386843438993705657e-01
7.990230083465576172e+00 9.469704629612463176e-02
7.996079921722412109e+00 6.694093830211797491e-02
8.015789985656738281e+00 1.422591865248699627e-01
8.016400337219238281e+00 2.398972233041096747e-01
8.017840385437011719e+00 1.106939565739994830e-01
8.022310256958007812e+00 1.065433241805096992e-01
8.033659934997558594e+00 1.399954778320748605e-01
8.035460472106933594e+00 1.134271298321542915e-01
8.037440299987792969e+00 2.259623975707965998e-02
8.041600227355957031e+00 2.364978772912158800e-02
8.043199539184570312e+00 1.298766360388927364e-02
8.044489860534667969e+00 3.748974963289630064e-02
8.044989585876464844e+00 3.410275771908442138e-02
8.047249794006347656e+00 2.136390145624858863e-02
8.049090385437011719e+00 1.441768913901294302e-01
8.053879737854003906e+00 3.343771904204840412e-02
8.055150032043457031e+00 2.860573047753688439e-02
8.062350273132324219e+00 3.481203781715024731e-02
8.064749717712402344e+00 4.112114896992082047e-02
8.069700241088867188e+00 3.380861623460101884e-02
8.069930076599121094e+00 2.047621009775981923e-02
8.072600364685058594e+00 2.366710722312132531e-01
8.084529876708984375e+00 8.435553981437486637e-02
8.086580276489257812e+00 1.309293699518699131e-02
8.095820426940917969e+00 5.098570102558176026e-02
8.114629745483398438e+00 5.553372458669655204e-02
8.117970466613769531e+00 7.093615377118847598e-02
8.137299537658691406e+00 3.240326879135938497e-03
8.161720275878906250e+00 6.494003655609659198e-02
8.166009902954101562e+00 2.616270944766338480e-02
8.170430183410644531e+00 6.172842543425538508e-02
8.174929618835449219e+00 5.297826126981730610e-02
8.175660133361816406e+00 5.028969239695533361e-02
8.182860374450683594e+00 1.152194379867457208e-01
8.185629844665527344e+00 2.051990198642365815e-01
8.186730384826660156e+00 3.914401919868057411e-02
8.189519882202148438e+00 1.660549610207260815e-02
8.194089889526367188e+00 7.857336080134952327e-02
8.194439888000488281e+00 8.485904619673673155e-02
8.202770233154296875e+00 2.736305475089804637e-02
8.205030441284179688e+00 5.411769436998023486e-02
8.207039833068847656e+00 6.785313411953315665e-02
8.208550453186035156e+00 5.367255217399685696e-02
8.208809852600097656e+00 6.510537909961211511e-02
8.211449623107910156e+00 3.483473635476025398e-02
8.212639808654785156e+00 1.606840328834898690e-01
8.212849617004394531e+00 1.179784655955925729e-02
8.218609809875488281e+00 1.289605090334619286e-01
8.221839904785156250e+00 4.363650509995925519e-02
8.222129821777343750e+00 2.094467457384202938e-02
8.223520278930664062e+00 5.359873141786766076e-02
8.229169845581054688e+00 1.188668929689170456e-01
8.231909751892089844e+00 1.001745317040580313e-01
8.236020088195800781e+00 7.405548274020999633e-02
8.245530128479003906e+00 3.379379097528638631e-01
8.269559860229492188e+00 9.967725302547952859e-02
8.293470382690429688e+00 5.712132239386631671e-02
8.297650337219238281e+00 9.259386002434628893e-02
8.300820350646972656e+00 6.558053370472716193e-02
8.301509857177734375e+00 5.221866016136279820e-02
8.302869796752929688e+00 5.445747737895687696e-02
8.308770179748535156e+00 5.777110911955299355e-02
8.339240074157714844e+00 2.035179761249389929e-01
8.381440162658691406e+00 2.703390835964224470e-01
8.402759552001953125e+00 6.407483136810609992e-02
8.402970314025878906e+00 1.239844766985758601e-01
8.411890029907226562e+00 2.218732900573049810e-02
8.412480354309082031e+00 4.080730111096853019e-02
8.413760185241699219e+00 2.046544620454184699e-02
8.414640426635742188e+00 1.444652488652708663e-02
8.420800209045410156e+00 1.011712404708150354e-01
8.422069549560546875e+00 2.513126715058037683e-02
8.425069808959960938e+00 3.250872358600962603e-02
8.428850173950195312e+00 8.926697279330557400e-02
8.430890083312988281e+00 1.062958605473258017e-01
8.432220458984375000e+00 1.786701042565486397e-01
8.433039665222167969e+00 7.840159468373403620e-03
8.433239936828613281e+00 6.476681390074964795e-02
8.433850288391113281e+00 5.102773368327376269e-02
8.434459686279296875e+00 4.568192615316307020e-02
8.434820175170898438e+00 4.230473900728839304e-02
8.439140319824218750e+00 1.730878435977597773e-01
8.443670272827148438e+00 1.059756057604847451e-01
8.446640014648437500e+00 3.143581179846520468e-02
8.447640419006347656e+00 7.684287070432944955e-02
8.450739860534667969e+00 5.206012185526646963e-02
8.488019943237304688e+00 7.560798850665484405e-02
8.535240173339843750e+00 2.287874542459466254e-01
8.568699836730957031e+00 5.242325243306674570e-02
8.570590019226074219e+00 1.565795915544364314e-01
8.571660041809082031e+00 2.873889829862547041e-01
8.579910278320312500e+00 9.529246751746857369e-02
8.580169677734375000e+00 4.266771117188136037e-02
8.583689689636230469e+00 4.962737644297428308e-02
8.606949806213378906e+00 6.146802948640172487e-02
8.610289573669433594e+00 3.653563347769251540e-02
8.620329856872558594e+00 2.705049617540055129e-01
8.627140045166015625e+00 2.025809144741146928e-01
8.631750106811523438e+00 4.359108836833564676e-02
8.632320404052734375e+00 1.407922873843305556e-01
8.640700340270996094e+00 3.593591075925355038e-02
8.642169952392578125e+00 4.700547523814913725e-02
8.643369674682617188e+00 1.360890775158368204e-01
8.643799781799316406e+00 1.985474014595771108e-01
8.648110389709472656e+00 6.677436023807446774e-02
8.648870468139648438e+00 4.235030846763753604e-02
8.656510353088378906e+00 1.084950795713501004e-01
8.660510063171386719e+00 7.649567302216354892e-02
8.663029670715332031e+00 4.070007690416198309e-02
8.663629531860351562e+00 3.127047211256551301e-02
8.665439605712890625e+00 1.440565837095854687e-02
8.665730476379394531e+00 3.995948166483700298e-02
8.668820381164550781e+00 1.665815483259361351e-02
8.669150352478027344e+00 7.258182121911924134e-02
8.669389724731445312e+00 2.054258700164073373e-02
8.671759605407714844e+00 9.370138007553532877e-02
8.678770065307617188e+00 4.826276938641496130e-03
8.685870170593261719e+00 8.374027316327396775e-02
8.705220222473144531e+00 9.899252471758243632e-02
8.711319923400878906e+00 5.047496595811380715e-02
8.727179527282714844e+00 3.379872515790801474e-02
8.738980293273925781e+00 4.076170890437132849e-02
8.754090309143066406e+00 4.467444233710764906e-02
8.767470359802246094e+00 5.814764129874446658e-02
8.778510093688964844e+00 1.949347385820548451e-01
8.780520439147949219e+00 4.091800460214400914e-02
8.780810356140136719e+00 2.763151826430374491e-01
8.781849861145019531e+00 3.815056581050651346e-02
8.787280082702636719e+00 6.004758816876545890e-02
8.794130325317382812e+00 3.163455750598907767e-02
8.799900054931640625e+00 2.989023167203281456e-02
8.801210403442382812e+00 4.644588444101738212e-02
8.804389953613281250e+00 1.941768037963817750e-01
8.809100151062011719e+00 2.554137340126521466e-02
8.809479713439941406e+00 3.625715664715693787e-02
8.811220169067382812e+00 7.755039004168526318e-02
8.811440467834472656e+00 8.993336092968273743e-02
8.812370300292968750e+00 1.263833912738016318e-01
8.815099716186523438e+00 1.124182220169812341e-01
8.821419715881347656e+00 5.873425428203080806e-02
8.822099685668945312e+00 8.070431168148393952e-02
8.826919555664062500e+00 4.755500201531395743e-02
8.827989578247070312e+00 2.899722650040436819e-02
8.831500053405761719e+00 2.030512315674558033e-01
8.840319633483886719e+00 4.328068607264238393e-02
8.845499992370605469e+00 2.413704881464513730e-02
8.868280410766601562e+00 2.364180641144380535e-01
8.869070053100585938e+00 4.557071701350537407e-02
8.869709968566894531e+00 2.150392128792174007e-01
8.871749877929687500e+00 9.123005605592482414e-02
8.892339706420898438e+00 2.822130678170682583e-02
8.894040107727050781e+00 1.718530291648174002e-01
8.906949996948242188e+00 3.586013382094360019e-02
8.909680366516113281e+00 1.988481682606316747e-01
8.925319671630859375e+00 1.013488587568429772e-01
8.984089851379394531e+00 7.361832869218730424e-02
8.987810134887695312e+00 7.887377414077308135e-02
9.001740455627441406e+00 1.624563449919133248e-02
9.014710426330566406e+00 9.280433797216415537e-02
9.019289970397949219e+00 4.732975969907299990e-02
9.020259857177734375e+00 3.828179233019322197e-02
9.024020195007324219e+00 8.376333122707455003e-02
9.024580001831054688e+00 2.596323392952411546e-01
9.025279998779296875e+00 9.384903758141978358e-02
9.026610374450683594e+00 3.258401868193780415e-02
9.029589653015136719e+00 2.016564997817022614e-02
9.030050277709960938e+00 8.693062942878802823e-02
9.030280113220214844e+00 2.092372592379649898e-01
9.032259941101074219e+00 4.864340487622303977e-02
9.035630226135253906e+00 5.503527852053872321e-02
9.038849830627441406e+00 8.745750652771294709e-02
9.039099693298339844e+00 7.062790585074129983e-03
9.044630050659179688e+00 3.832392859885241920e-02
9.045740127563476562e+00 1.594372852032842625e-01
9.048660278320312500e+00 1.277990451452496179e-01
9.049110412597656250e+00 4.275214950795139940e-02
9.056130409240722656e+00 1.140833864980562717e-01
9.060429573059082031e+00 3.843116788926016075e-02
9.075289726257324219e+00 2.818886520460479606e-01
9.126919746398925781e+00 1.085704502535175670e-01
9.130970001220703125e+00 1.299959158334941800e-01
9.141409873962402344e+00 5.405507488367308766e-02
9.150719642639160156e+00 2.031592138285907845e-01
9.158909797668457031e+00 1.767178352759916915e-02
9.167389869689941406e+00 4.706077499965388711e-02
9.196260452270507812e+00 2.471043544177579585e-02
9.204170227050781250e+00 4.817436864713450090e-02
9.211059570312500000e+00 1.166218152966106147e-01
9.211770057678222656e+00 1.031171936996212457e-01
9.214960098266601562e+00 1.024829714747951259e-01
9.218500137329101562e+00 1.258347638849763028e-01
9.222419738769531250e+00 4.299707479644467728e-02
9.227410316467285156e+00 4.666741158830103181e-02
9.237150192260742188e+00 2.357289809614970463e-02
9.240670204162597656e+00 3.448153181093730618e-02
9.247830390930175781e+00 9.008271065827569424e-02
9.248789787292480469e+00 5.790588231866207469e-02
9.249380111694335938e+00 2.421248419758930889e-02
9.249839782714843750e+00 8.573358990587193196e-02
9.253789901733398438e+00 3.601475637102167365e-02
9.254670143127441406e+00 1.625376048333043999e-01
9.255240440368652344e+00 2.721183891689527359e-02
9.257379531860351562e+00 7.632719744565936992e-02
9.260279655456542969e+00 6.362665510598192187e-02
9.264719963073730469e+00 7.134708961295890828e-02
9.264949798583984375e+00 3.171371959042364186e-02
9.269269943237304688e+00 5.758024941907243788e-01
9.271769523620605469e+00 1.277244114602089364e-01
9.281000137329101562e+00 4.997066550031427357e-02
9.284290313720703125e+00 7.127868800523624870e-02
9.288009643554687500e+00 4.523186718365450332e-02
9.290989875793457031e+00 3.012508606126023183e-02
9.303420066833496094e+00 5.996712156358467716e-02
9.308480262756347656e+00 3.191265323429201550e-02
9.350179672241210938e+00 3.374847695470042930e-02
9.361439704895019531e+00 7.317237287292330250e-02
9.370860099792480469e+00 1.533649546044274226e-01
9.380909919738769531e+00 6.792966502535967288e-02
9.386039733886718750e+00 1.256374402963722769e-01
9.386710166931152344e+00 3.328563178970667114e-02
9.388939857482910156e+00 5.618161103956137957e-03
9.391759872436523438e+00 4.313828977190856812e-02
9.395959854125976562e+00 4.902620524788073308e-02
9.398200035095214844e+00 8.627336762448220564e-02
9.404419898986816406e+00 5.600623787660123643e-02
9.405070304870605469e+00 7.756903676885554266e-02
9.406379699707031250e+00 1.721903115200449363e-01
9.408829689025878906e+00 1.493229666344923767e-01
9.410369873046875000e+00 3.603453530911832070e-02
9.410849571228027344e+00 1.487273135627713294e-01
9.412320137023925781e+00 4.186045036761325971e-02
9.413499832153320312e+00 5.644684713430432599e-02
9.417699813842773438e+00 9.417561196114346278e-02
9.420260429382324219e+00 2.957118005357672538e-02
9.420769691467285156e+00 7.668740622185073186e-02
9.424389839172363281e+00 7.020039175162141876e-02
9.428739547729492188e+00 7.116283589687144584e-02
9.444769859313964844e+00 7.797513961169785790e-02
9.449430465698242188e+00 9.536514295221257265e-02
9.449760437011718750e+00 8.678314428320216267e-02
9.451669692993164062e+00 6.476893734419796045e-02
9.452630043029785156e+00 6.661949460642575815e-02
9.457320213317871094e+00 1.883110378560888185e-02
9.459090232849121094e+00 4.335236311541811050e-02
9.463419914245605469e+00 1.088764640419235402e-01
9.468959808349609375e+00 1.591354448703406754e-02
9.533720016479492188e+00 2.112048834857979396e-01
9.572299957275390625e+00 1.557066421198567863e+00
9.574749946594238281e+00 4.035164912787409519e-01
9.575630187988281250e+00 9.498243465313678524e-02
9.581509590148925781e+00 2.366006543968934561e-01
9.588259696960449219e+00 1.509556332121430033e-01
9.598750114440917969e+00 5.257369094342712740e-02
9.601249694824218750e+00 6.174691884120737662e-01
9.606249809265136719e+00 1.408622869212742268e-01
9.607439994812011719e+00 2.205261820164920450e-01
9.614060401916503906e+00 1.785973771326999915e-02
9.623270034790039062e+00 6.456305330622230665e-01
9.625309944152832031e+00 1.435996176118010947e-01
9.632559776306152344e+00 2.163385525798313114e-01
9.634650230407714844e+00 2.268051871876122505e-01
9.642990112304687500e+00 1.884127498735134743e-01
9.647850036621093750e+00 7.256472805548874749e-01
9.649709701538085938e+00 2.097748681960871775e-01
9.652770042419433594e+00 2.220265659071223863e-01
9.657979965209960938e+00 9.861240689375011526e-02
9.659370422363281250e+00 1.473153980425476739e-01
9.662039756774902344e+00 2.026219334864911847e-01
9.666649818420410156e+00 6.445048706566797181e-01
9.667559623718261719e+00 4.165646951091815653e-02
9.681759834289550781e+00 3.062975857267801749e-01
9.695560455322265625e+00 2.198735297089343399e-01
9.701129913330078125e+00 3.062660333339365173e-02
9.704899787902832031e+00 1.400473402618626351e-01
9.717200279235839844e+00 6.318099057272111851e-01
9.726670265197753906e+00 4.744221287438342427e-02
9.730150222778320312e+00 2.403196857120410979e-01
9.733229637145996094e+00 9.177667044453899359e-02
9.777090072631835938e+00 1.344931625317715707e+00
9.784350395202636719e+00 3.312733853129520845e-01
9.790029525756835938e+00 4.868743733144094143e-01
9.794770240783691406e+00 7.162936433916404777e-01
9.795660018920898438e+00 1.883327603429320041e-01
9.804510116577148438e+00 8.654102677832217760e-02
9.805879592895507812e+00 3.543044749522848424e-01
9.812230110168457031e+00 1.400267416516391972e-01
9.815299987792968750e+00 1.223009857124645938e+00
9.818309783935546875e+00 7.400057973853831905e-01
9.819410324096679688e+00 7.335964854012955172e-01
9.820079803466796875e+00 3.578408060254149869e-02
9.820850372314453125e+00 1.236505413901651390e-01
9.830670356750488281e+00 3.964933702513160352e-01
9.836310386657714844e+00 4.497380396051901819e-02
9.836549758911132812e+00 1.874022018724170735e+00
9.838609695434570312e+00 3.252517557982242402e-01
9.854100227355957031e+00 2.467676085936286734e-01
9.854269981384277344e+00 2.631074508778696308e-01
9.862730026245117188e+00 7.826969861458435429e-02
9.863349914550781250e+00 1.627318692968044433e-01
9.865440368652343750e+00 8.008453384658100749e-01
9.873370170593261719e+00 6.351734307947926039e-01
9.882269859313964844e+00 9.060302056496534195e-01
9.882570266723632812e+00 5.165367639134053057e-01
9.883910179138183594e+00 3.517427222598002445e-01
9.889960289001464844e+00 1.137416989311597515e+00
9.890500068664550781e+00 9.729916923305005350e-01
9.903249740600585938e+00 8.757321772532833393e-01
9.906200408935546875e+00 6.062177160960248445e-02
9.925089836120605469e+00 6.655407843583688310e-01
9.934390068054199219e+00 3.134979734783830962e-01
9.937129974365234375e+00 2.483432825549381773e-01
9.939410209655761719e+00 1.096861354764770091e+00
9.943260192871093750e+00 1.520015648350941662e-01
9.954159736633300781e+00 6.654977572431564070e-02
9.956640243530273438e+00 5.064800572775635112e-01
9.967729568481445312e+00 3.355901024875170696e-02
9.973210334777832031e+00 7.110472728345802462e-01
9.983300209045410156e+00 6.410581404382970083e-01
9.984350204467773438e+00 2.581624949739718122e-01
9.992959976196289062e+00 9.598789681017948494e-01
9.994469642639160156e+00 9.755929839980875817e-01
1.000629997253417969e+01 1.780723162487750644e-01
1.001459980010986328e+01 7.278705843534798436e-01
1.003439998626708984e+01 6.617737396707164786e-03
1.005620002746582031e+01 5.081184306153355701e-01
1.008689975738525391e+01 9.321727336283588405e-01
1.012170028686523438e+01 8.670568540387061374e-01
1.013220024108886719e+01 7.607427972367336588e-01
1.015079975128173828e+01 5.076976219824709535e-02
1.018099975585937500e+01 1.581393685924523229e+00
1.020429992675781250e+01 1.029011219374628416e-01
1.020499992370605469e+01 4.450380893935687587e-01
1.022760009765625000e+01 7.006858722722941746e-01
1.023579978942871094e+01 5.047035596281606445e-02
1.024829959869384766e+01 1.293725714121022330e-01
1.031939983367919922e+01 1.014374770038344378e-02
1.041810035705566406e+01 1.659874577181954039e-02
1.084179973602294922e+01 8.512672826764981771e-03
1.091979980468750000e+01 5.414059667167750689e-05
1.094429969787597656e+01 1.327832569188199252e-01
1.098910045623779297e+01 4.900984574529819449e-02
1.099059963226318359e+01 3.519710719826161238e-01
1.099260044097900391e+01 4.588693970561327079e-02
1.101830005645751953e+01 7.506996107469550428e-02
1.102309989929199219e+01 6.739260298219601486e-01
1.102939987182617188e+01 1.880547435028592090e-02
1.102939987182617188e+01 1.256433510924348691e-02
1.103649997711181641e+01 4.981980360343596370e-01
1.105080032348632812e+01 1.839025770807518334e-01
1.105539989471435547e+01 8.554012394235810390e-03
1.105729961395263672e+01 6.953925297362563082e-03
1.105729961395263672e+01 5.390444109417068530e-01
1.108110046386718750e+01 1.095095516299346983e+00
1.108279991149902344e+01 5.703334004274810409e-01
1.108670043945312500e+01 3.156160820277808393e-02
1.108679962158203125e+01 3.496291006939440671e-02
1.108950042724609375e+01 7.036464068207382017e-02
1.109669971466064453e+01 5.791589246750694642e-01
1.111400032043457031e+01 1.928459259127895675e-01
1.112889957427978516e+01 3.604473657082999938e-01
1.113370037078857422e+01 2.372694748780730667e-01
1.114009952545166016e+01 2.353642651223050164e-01
1.114700031280517578e+01 5.143134640131984403e-01
1.115270042419433594e+01 1.219704904034779047e-01
1.115789985656738281e+01 6.064515701561637995e-01
1.117339992523193359e+01 6.907844855158046249e-02
1.118200016021728516e+01 4.131593182311797396e-01
1.118280029296875000e+01 9.486515027338745520e-01
1.118690013885498047e+01 9.454506137663107324e-02
1.118710041046142578e+01 1.213842173846578359e-01
1.119460010528564453e+01 9.891336259861633895e-01
1.120180034637451172e+01 8.264755363110712905e-01
1.120250034332275391e+01 8.649295081766525395e-03
1.121510028839111328e+01 3.841523065749582327e-02
1.121689987182617188e+01 8.639770042019949692e-01
1.122119998931884766e+01 3.261604514736564375e-02
1.123449993133544922e+01 7.211361886306745517e-02
1.125059986114501953e+01 2.679652084773936904e-02
1.125179958343505859e+01 1.256603644392918773e-01
1.125230026245117188e+01 1.902226060756983042e-02
1.125370025634765625e+01 2.637422164031696936e-01
1.125949954986572266e+01 5.607796470769709635e-02
1.126700019836425781e+01 1.116001507269437809e+00
1.126790046691894531e+01 8.922644980395468828e-01
1.126910018920898438e+01 4.581869791225883781e-01
1.127680015563964844e+01 3.808080537244836611e-02
1.127840042114257812e+01 2.166845693757957214e-02
1.127989959716796875e+01 9.352597109218051541e-01
1.128260040283203125e+01 8.104295553621529979e-01
1.128759956359863281e+01 1.069282558015243856e+00
1.128839969635009766e+01 8.484315391200603074e-02
1.129979991912841797e+01 5.658554122335992531e-01
1.130840015411376953e+01 2.036547066667644401e+00
1.131809997558593750e+01 1.934284592694066329e-01
1.132419967651367188e+01 5.671767687031048499e-02
1.133110046386718750e+01 6.334557960072241256e-01
1.133209991455078125e+01 2.702565365576232656e-02
1.134060001373291016e+01 8.580158144392663333e-01
1.134589958190917969e+01 3.162682017918592714e-01
1.134949970245361328e+01 1.321728966305473207e-01
1.135319995880126953e+01 3.225667066104890290e-01
1.136019992828369141e+01 4.165114290756533749e-02
1.136369991302490234e+01 3.827263252668422489e-02
1.136660003662109375e+01 7.250165718712325846e-02
1.136789989471435547e+01 3.370018349132790358e-02
1.137660026550292969e+01 6.883781367249204308e-01
1.137699985504150391e+01 7.574303514352402900e-01
1.137979984283447266e+01 6.492278436262188812e-02
1.138459968566894531e+01 1.449890486739656703e-01
1.139459991455078125e+01 8.672117730327029428e-02
1.139560031890869141e+01 4.352129665181946744e-02
1.140550041198730469e+01 1.789644600401471553e-02
1.140880012512207031e+01 3.845910208757968851e-02
1.141009998321533203e+01 6.328097857091624645e-01
1.141049957275390625e+01 3.910313861431951449e-02
1.141329956054687500e+01 8.848519098995361043e-01
1.144139957427978516e+01 6.495131952981203494e-01
1.144330024719238281e+01 1.262840328502879972e+00
1.145909976959228516e+01 2.104050639035628389e-01
1.147049999237060547e+01 5.961316590288625594e-01
1.149339962005615234e+01 3.489137757972162607e-02
1.149750041961669922e+01 3.503797409421476744e-02
