4.253389779478311539e-03 5.381992288345565090e-01
8.871070109307765961e-03 4.945179142212328266e-02
2.265769988298416138e-02 1.325389538178141646e-01
3.189180046319961548e-02 9.983531889265875314e-01
3.228339925408363342e-02 1.074349390872858662e-01
4.554279893636703491e-02 6.351527598461199631e-01
4.582419991493225098e-02 4.182023105947695052e-02
4.796319827437400818e-02 1.056340412871662027e+00
4.817640036344528198e-02 1.463462894754290478e-01
4.920540004968643188e-02 1.284726358180765304e+00
7.655069977045059204e-02 7.262471154602921641e-02
7.672169804573059082e-02 3.830279249213777021e-02
8.056409657001495361e-02 1.587345230310269972e+00
8.207959681749343872e-02 1.437922899954866107e+00
8.494009822607040405e-02 3.186151982075319800e-01
9.984669834375381470e-02 3.094161917849876930e-01
1.016260012984275818e-01 1.081112340817184547e+00
1.061939969658851624e-01 5.952559700402275666e-01
1.139170005917549133e-01 7.732224704226100531e-01
1.170459985733032227e-01 1.754869362592954285e-01
1.174769997596740723e-01 1.709670048180409463e+00
1.174840033054351807e-01 2.108786482828165221e-01
1.298650056123733521e-01 2.127045562777177157e+00
1.319400072097778320e-01 1.366310892382825770e+00
1.372600048780441284e-01 1.045177200123769801e+00
1.419100016355514526e-01 9.836669599518712559e-01
1.483840048313140869e-01 1.288059720048804868e+00
1.521510034799575806e-01 1.227955213232411413e+00
1.628990024328231812e-01 4.200172890546003956e-01
1.635960042476654053e-01 5.419962093140204829e-01
1.721280068159103394e-01 2.730632761572499567e-01
1.734589934349060059e-01 1.288434399075120140e-01
1.852139979600906372e-01 8.495601926565792272e-01
1.861159950494766235e-01 3.239505632702667004e+00
1.974750012159347534e-01 1.731303775281526791e+00
1.988990008831024170e-01 7.304047433529055056e-01
2.010640054941177368e-01 9.466259802416834290e-01
2.075790017843246460e-01 1.633854177571860467e+00
2.085929960012435913e-01 6.382210938160841340e-02
2.251210063695907593e-01 6.298169170598313382e-01
2.320290058851242065e-01 1.720239989465768726e+00
2.376189976930618286e-01 8.506219165698242213e-01
2.433380037546157837e-01 3.346650007217564782e-01
2.543529868125915527e-01 1.061583499835477284e-01
2.577120065689086914e-01 2.614993744661141317e+00
2.687470018863677979e-01 8.048327935708979863e-01
2.712030112743377686e-01 2.004694975486988051e-01
2.765159904956817627e-01 1.831802421016282212e+00
2.800030112266540527e-01 1.611325183591617360e+00
2.809849977493286133e-01 1.197921898494412746e-01
2.827309966087341309e-01 1.882238952194174697e+00
2.852829992771148682e-01 9.213785029460648535e-02
2.872039973735809326e-01 7.297607463903473812e-01
2.930769920349121094e-01 1.708112170030493537e+00
3.014580011367797852e-01 2.072699636954093982e+00
3.061330020427703857e-01 2.080728250495016696e-01
3.106270134449005127e-01 7.120424759644076174e-01
3.138070106506347656e-01 1.625419915387945391e+00
3.195689916610717773e-01 9.491359581443279403e-01
3.201560080051422119e-01 3.095847310180469686e-02
3.334119915962219238e-01 2.739045622940546321e-01
3.337419927120208740e-01 2.770528286906609461e-02
3.413699865341186523e-01 9.270265098105600066e-01
3.424580097198486328e-01 1.365137809543604530e-01
3.542859852313995361e-01 9.808758333069586000e-01
3.600369989871978760e-01 1.515787901926729297e+00
3.617999851703643799e-01 2.726480619794792837e+00
3.640199899673461914e-01 1.157999593755383971e+00
3.666439950466156006e-01 2.519500981191010958e+00
3.751350045204162598e-01 1.876660644050433202e+00
3.799769878387451172e-01 5.915237257694579975e-01
3.802340030670166016e-01 8.960353089207505339e-02
3.925180137157440186e-01 1.449484679606647175e+00
4.052160084247589111e-01 1.567478448233515786e+00
4.064010083675384521e-01 1.538443073836510910e+00
4.093630015850067139e-01 1.059174266072871878e-01
4.177779853343963623e-01 5.420845156080684735e-01
4.216530025005340576e-01 4.308501571057108404e-01
4.232690036296844482e-01 1.125370647599334140e+00
4.418889880180358887e-01 6.882895156344068233e-02
4.427709877490997314e-01 1.798681586428812373e+00
4.449920058250427246e-01 1.570331022436492807e+00
4.473539888858795166e-01 6.538463986130450822e-02
4.483250081539154053e-01 1.993723180755876623e+00
4.538429975509643555e-01 8.713997462258664672e-01
4.549410045146942139e-01 6.368316938532259108e-01
4.610019922256469727e-01 2.898463316988695304e-01
4.644030034542083740e-01 5.063140276838915543e-01
4.757249951362609863e-01 2.744327100313474155e+00
4.759109914302825928e-01 6.204849394623962455e-01
4.766280055046081543e-01 1.492855655977088469e+00
4.776149988174438477e-01 2.462888583065664938e-01
4.871470034122467041e-01 1.852473294222309885e+00
4.961220026016235352e-01 1.436893721328978413e-01
4.973259866237640381e-01 6.353309067667040066e-01
5.010539889335632324e-01 5.760721533120243265e-01
5.020220279693603516e-01 3.396299078760694812e+00
5.071280002593994141e-01 6.245941853215150052e-01
5.106030106544494629e-01 1.606064460174954300e+00
5.140489935874938965e-01 1.370108925235274944e+00
5.173379778861999512e-01 1.197474887420448830e+00
5.224549770355224609e-01 1.990755381318347395e+00
5.242580175399780273e-01 8.299324205800443499e-01
5.549629926681518555e-01 3.709686164461262203e-01
5.627269744873046875e-01 6.147852597685163900e-01
5.647270083427429199e-01 1.377734963307475358e-01
5.672399997711181641e-01 3.557229555907120422e-01
5.780649781227111816e-01 1.865274225785107820e+00
5.782200098037719727e-01 4.408080280992514033e-01
5.803639888763427734e-01 1.461358522867128029e-01
6.001610159873962402e-01 1.755616545621742297e+00
6.087980270385742188e-01 4.407835991499621242e-01
6.103820204734802246e-01 2.392788382916417045e-01
6.135979890823364258e-01 1.706545348617645397e+00
6.174449920654296875e-01 2.599873272181037892e-02
6.246700286865234375e-01 1.617309560524708978e+00
6.251249909400939941e-01 9.186919093986896379e-02
6.261579990386962891e-01 2.121716381909485083e+00
6.293640136718750000e-01 3.570747410832310731e+00
6.305819749832153320e-01 1.214639075755865466e-01
6.338750123977661133e-01 1.656866424474589872e+00
6.350479722023010254e-01 1.288465391031754503e+00
6.451500058174133301e-01 1.080485417112975632e+00
6.562970280647277832e-01 5.184203295307868165e-02
6.583359837532043457e-01 2.161049450043087905e+00
6.632530093193054199e-01 2.045188002355496693e+00
6.637319922447204590e-01 1.522898996719269649e-01
6.657580137252807617e-01 5.235531768502080796e-01
6.776250004768371582e-01 1.114402379718602454e+00
6.831970214843750000e-01 2.414063252146372740e+00
7.004359960556030273e-01 2.784418301181625921e-01
7.099339962005615234e-01 5.762080768039173906e-01
7.126359939575195312e-01 1.267000577855068144e+00
7.135120034217834473e-01 9.651786297151090377e-01
7.315589785575866699e-01 1.549550484385518123e+00
7.338349819183349609e-01 3.786853213056057266e-01
7.444800138473510742e-01 3.182826300253222551e-01
7.459470033645629883e-01 5.322081882738808334e-01
7.539409995079040527e-01 1.727049392847879394e+00
7.540689706802368164e-01 1.446476339320840188e+00
7.751200199127197266e-01 2.002985016926216222e+00
7.839549779891967773e-01 1.096316597976286555e+00
7.847340106964111328e-01 3.231647596859662519e-01
7.964869737625122070e-01 5.637745541486578471e-01
8.009510040283203125e-01 5.008224803805529923e-01
8.020520210266113281e-01 9.852190811522960889e-02
8.045079708099365234e-01 2.741799358626553773e-01
8.448200225830078125e-01 9.535635363195900105e-01
8.508170247077941895e-01 5.213313702525427251e-01
8.588370084762573242e-01 1.662520025079753105e-01
8.591359853744506836e-01 5.954266927318194735e-01
8.598979711532592773e-01 9.730919836099123366e-01
8.634499907493591309e-01 1.694382416380032508e-01
8.654389977455139160e-01 1.313442481015471008e+00
8.701199889183044434e-01 1.359621127623031445e+00
8.763560056686401367e-01 1.584337788357719212e-01
8.820000290870666504e-01 3.531467636514492026e-01
8.867539763450622559e-01 7.532809497273245114e-01
8.876199722290039062e-01 9.624913238685703920e-01
9.002509713172912598e-01 2.189246366969451074e+00
9.040960073471069336e-01 1.105721303338751266e-01
9.103670120239257812e-01 1.128247502549031278e-01
9.127190113067626953e-01 9.515164740454280790e-02
9.145200252532958984e-01 8.503798165098241935e-02
9.177430272102355957e-01 1.062280359456165835e+00
9.260489940643310547e-01 8.858447420396098337e-01
9.276900291442871094e-01 5.641254080227271483e-01
9.286980032920837402e-01 1.998058264072330170e-01
9.336190223693847656e-01 8.233976473737129875e-02
9.564020037651062012e-01 1.256834712490176309e-01
9.581680297851562500e-01 3.114405740948483992e+00
9.715809822082519531e-01 1.490906606215345875e-01
9.731889963150024414e-01 1.059867061166270386e+00
9.757869839668273926e-01 4.099292684651364427e-01
9.789819717407226562e-01 4.329049618862320647e-01
9.802640080451965332e-01 4.028411417909186221e-01
9.817559719085693359e-01 3.170968573062234785e+00
9.871109724044799805e-01 3.440972478147753533e-01
9.906740188598632812e-01 1.585426255464477130e-01
9.931709766387939453e-01 1.590836781738507177e-01
1.007429957389831543e+00 1.322585715229731285e-01
1.010159969329833984e+00 1.325329327817488245e+00
1.017699956893920898e+00 2.357107016455297632e-01
1.027889966964721680e+00 4.530367324791561567e-01
1.060410022735595703e+00 3.747528844834453476e-01
1.065459966659545898e+00 4.815630193419575544e-01
1.066419959068298340e+00 5.462354719194112418e-01
1.074110031127929688e+00 7.658263262574191987e-01
1.078269958496093750e+00 8.834587618673953591e-01
1.083789944648742676e+00 1.579259259027111284e+00
1.084069967269897461e+00 1.482593479059982067e-02
1.084769964218139648e+00 1.974389910033198081e+00
1.087100028991699219e+00 1.668390885779217125e+00
1.088709950447082520e+00 1.113867519333807454e+00
1.092720031738281250e+00 1.706412018037443412e-01
1.093500018119812012e+00 2.790573223709296169e-01
1.094239950180053711e+00 4.322461110598291856e-01
1.094640016555786133e+00 1.377841393327098318e-01
1.097810029983520508e+00 1.064873037176995441e+00
1.099009990692138672e+00 6.555592755965660157e-01
1.108989953994750977e+00 1.071349198828001281e+00
1.116430044174194336e+00 1.414746351391211743e-01
1.118479967117309570e+00 2.921683501251762127e+00
1.123489975929260254e+00 6.596725221540904460e-01
1.125339984893798828e+00 7.249787313998422300e-02
1.130110025405883789e+00 1.262958984280543762e+00
1.139559984207153320e+00 5.255629476342289497e-01
1.162649989128112793e+00 3.718389754390893920e-02
1.165719985961914062e+00 6.569898514095531272e-01
1.172479987144470215e+00 8.642040224451864594e-01
1.177019953727722168e+00 1.485457155679826169e+00
1.181529998779296875e+00 2.424287464359227151e+00
1.207499980926513672e+00 2.634094259947446226e-02
1.208209991455078125e+00 9.983717787530530519e-01
1.208619952201843262e+00 3.188708696150847899e-02
1.218979954719543457e+00 7.112828922822542199e-02
1.225829958915710449e+00 1.378072815956046915e+00
1.231809973716735840e+00 5.610258792554129181e-01
1.250409960746765137e+00 4.968379173375389590e-02
1.253530025482177734e+00 1.127710686567062304e+00
1.255730032920837402e+00 2.517250064576040391e-02
1.261710047721862793e+00 8.857354134750903274e-01
1.274199962615966797e+00 2.059455943197270600e-01
1.285590052604675293e+00 3.634254932792894133e-01
1.299239993095397949e+00 5.694203536716982428e-02
1.299520015716552734e+00 5.466541353361008548e-01
1.309839963912963867e+00 8.033234211632890309e-01
1.310039997100830078e+00 1.495045919500419096e+00
1.310349941253662109e+00 4.299904956583659732e-02
1.315850019454956055e+00 2.683762672865488863e+00
1.321429967880249023e+00 2.170463758523419051e-01
1.330350041389465332e+00 4.475660050800819856e-02
1.340100049972534180e+00 5.348515865642696765e-01
1.342219948768615723e+00 1.731016656708116719e-01
1.348500013351440430e+00 1.341319510394118897e-01
1.349920034408569336e+00 3.398617266954770955e-01
1.351050019264221191e+00 1.579657376387053835e+00
1.351639986038208008e+00 2.633034783373370935e+00
1.354290008544921875e+00 1.134202621738995109e+00
1.361089944839477539e+00 1.873795314738768258e+00
1.362300038337707520e+00 2.240572897272528508e+00
1.368360042572021484e+00 1.111179889110921915e+00
1.373160004615783691e+00 5.979824771222710389e-01
1.374109983444213867e+00 1.525412986447160613e+00
1.384459972381591797e+00 6.389573845487642734e-01
1.387359976768493652e+00 1.232386768857783865e+00
1.398169994354248047e+00 1.533400431639730666e-01
1.399819970130920410e+00 3.497475634882551976e-01
1.399960041046142578e+00 3.039643576247632040e-01
1.411319971084594727e+00 9.459713092195209949e-02
1.411700010299682617e+00 1.014046833379861345e+00
1.420019984245300293e+00 5.077264566620722647e-02
1.421120047569274902e+00 1.121637533396320441e+00
1.428590059280395508e+00 9.854594897332304981e-01
1.439509987831115723e+00 1.200485038731248233e+00
1.445760011672973633e+00 1.305086361732189282e+00
1.457470059394836426e+00 6.716698863799058783e-02
1.465999960899353027e+00 8.243002383306578806e-02
1.468870043754577637e+00 9.440635750351898670e-02
1.471330046653747559e+00 7.691300419101889663e-01
1.474869966506958008e+00 3.142093218062041449e-01
1.480299949645996094e+00 7.276873657233125237e-02
1.481819987297058105e+00 8.876042388229890556e-02
1.486369967460632324e+00 8.958838383345696377e-02
1.492720007896423340e+00 6.644614938498573375e-02
1.497630000114440918e+00 1.363669415617269065e-01
1.500689983367919922e+00 8.858885625532872954e-01
1.500910043716430664e+00 3.355511966755505004e-01
1.510079979896545410e+00 2.938045539504001713e-01
1.515759944915771484e+00 1.114225483711341669e+00
1.532989978790283203e+00 1.598206136002274652e-02
1.535279989242553711e+00 2.060930012385083221e-01
1.536749958992004395e+00 1.273823193026674405e-01
1.538140058517456055e+00 3.065996960256504589e-01
1.549450039863586426e+00 6.664053060273932017e-02
1.561890006065368652e+00 1.691697508649862902e+00
1.583109974861145020e+00 6.036223910585337277e-02
1.586429953575134277e+00 7.364946366344320150e-02
1.605450034141540527e+00 2.386708432561757687e-01
1.608759999275207520e+00 5.112872892029854399e-02
1.609519958496093750e+00 1.464623093202786164e+00
1.621050000190734863e+00 2.610477812220962299e-02
1.622499942779541016e+00 1.942544580491604653e-02
1.623960018157958984e+00 6.984379843605061922e-01
1.628919959068298340e+00 1.069611715082313452e+00
1.629719972610473633e+00 1.370805282073152220e+00
1.633440017700195312e+00 8.789979509887932974e-01
1.634430050849914551e+00 1.368539673024742609e-01
1.638960003852844238e+00 1.054271204685322816e-01
1.644129991531372070e+00 1.371399968361375621e-01
1.646559953689575195e+00 4.937790728741244251e-01
1.649819970130920410e+00 5.616143162086044693e-01
1.651600003242492676e+00 1.086102337436628096e+00
1.653949975967407227e+00 1.807752095127124203e+00
1.654170036315917969e+00 9.556885007055075931e-01
1.654629945755004883e+00 9.374435121667298865e-02
1.661219954490661621e+00 8.816992072478327391e-02
1.670099973678588867e+00 8.363761047153943362e-02
1.672809958457946777e+00 1.420757508534995273e+00
1.678820013999938965e+00 5.853226180633387676e-02
1.689650058746337891e+00 1.290352784315318413e-01
1.691159963607788086e+00 1.242969020139648995e-02
1.702469944953918457e+00 1.322261654915498186e+00
1.702479958534240723e+00 3.514293734699913130e-01
1.727740049362182617e+00 5.911989016496280724e-01
1.758929967880249023e+00 1.090816036931627542e+00
1.787050008773803711e+00 1.330895114659804701e+00
1.789199948310852051e+00 1.240949055950268526e-01
1.796740055084228516e+00 1.318706908180252435e-01
1.810770034790039062e+00 1.658858611453710052e+00
1.842970013618469238e+00 7.169197467025473225e-02
1.844220042228698730e+00 5.591769094783299865e-02
1.847239971160888672e+00 5.806047074381367468e-01
1.853090047836303711e+00 1.197318871240944604e+00
1.855290055274963379e+00 5.630251303314109945e-01
1.856729984283447266e+00 1.976339104343399766e-01
1.857589960098266602e+00 1.593951608025462319e-01
1.860030055046081543e+00 1.777885063736481253e-01
1.860219955444335938e+00 5.149832994126209151e-02
1.863019943237304688e+00 2.315299636357298074e-01
1.868589997291564941e+00 2.235320195905556584e-01
1.868770003318786621e+00 1.935638279520973670e-01
1.870939970016479492e+00 4.125863951065298907e-01
1.879959940910339355e+00 3.197268839316721317e-02
1.894729971885681152e+00 1.099857011887287905e+00
1.896649956703186035e+00 4.604530898392505955e-01
1.897340059280395508e+00 1.345091362537173818e-01
1.897959947586059570e+00 6.061688347577802449e-02
1.899009943008422852e+00 1.326677578548881575e-01
1.906679987907409668e+00 1.477198235579322283e-01
1.908360004425048828e+00 3.479686638400108362e-02
1.910419940948486328e+00 1.516244195669946143e-02
1.918419957160949707e+00 1.335582301182720033e-01
1.919810056686401367e+00 2.503502792940503485e-01
1.930870056152343750e+00 9.322050882429476493e-02
1.932680010795593262e+00 1.275730141260637551e-01
1.934059977531433105e+00 2.169511347997491180e-01
1.950170040130615234e+00 1.147603143346168864e+00
1.950469970703125000e+00 1.818173502289000334e-02
1.957479953765869141e+00 7.310898497754700909e-01
1.960250020027160645e+00 1.288373415783989007e+00
1.977620005607604980e+00 1.109699973740898571e+00
1.994060039520263672e+00 7.397081535657330786e-02
2.002850055694580078e+00 1.272894735181379633e-01
2.010970115661621094e+00 1.325582769610544331e-01
2.015290021896362305e+00 1.830599378417557543e-01
2.017349958419799805e+00 7.431046323182546876e-02
2.022739887237548828e+00 1.504876358556208160e+00
2.023720026016235352e+00 1.434822208214268369e-01
2.023760080337524414e+00 2.780161056822739729e-01
2.027120113372802734e+00 8.194327428965413052e-02
2.030240058898925781e+00 5.560854744950646106e-02
2.031130075454711914e+00 1.357449512771241318e-01
2.031630039215087891e+00 3.420281158024912616e-02
2.033210039138793945e+00 1.219236433672830217e-01
2.040430068969726562e+00 3.515115635099411162e-02
2.040519952774047852e+00 7.917474148584943694e-03
2.044460058212280273e+00 1.167846808619505267e-01
2.045000076293945312e+00 2.021656529346786690e-01
2.052550077438354492e+00 6.725795939674647506e-02
2.054100036621093750e+00 5.949610733517270850e-02
2.055089950561523438e+00 1.525620964534952217e-01
2.060070037841796875e+00 2.228276879905453922e-01
2.077889919281005859e+00 1.783189422643774447e-02
2.082520008087158203e+00 9.514203812141260042e-02
2.086299896240234375e+00 1.664731831486575830e-01
2.089220046997070312e+00 1.130241430923584617e-01
2.090919971466064453e+00 7.203349179214004749e-01
2.098089933395385742e+00 1.114092674130779059e+00
2.104360103607177734e+00 2.485928088626973217e-02
2.106250047683715820e+00 4.782364514868250871e-02
2.131419897079467773e+00 2.851198317902305102e-02
2.137279987335205078e+00 1.335214107379416315e-01
2.171230077743530273e+00 5.155636514276227406e-02
2.209189891815185547e+00 5.355527657864185276e-01
2.235080003738403320e+00 6.043378897138841632e-02
2.236390113830566406e+00 6.421925913365900129e-02
2.248909950256347656e+00 3.462167838966796057e-02
2.249300003051757812e+00 6.876896929879039444e-02
2.253560066223144531e+00 1.849893338423720113e-01
2.260380029678344727e+00 6.104284797236932125e-02
2.267319917678833008e+00 3.467702982239492804e-02
2.267659902572631836e+00 2.853702443225319962e-02
2.268790006637573242e+00 1.179856224849944180e-01
2.272130012512207031e+00 6.269422589863596351e-02
2.277709960937500000e+00 5.080913385713525798e-02
2.279400110244750977e+00 5.647542791131208995e-02
2.283760070800781250e+00 1.074414561450890843e-01
2.285799980163574219e+00 1.365683440318894437e-01
2.287509918212890625e+00 2.542918079549495725e-02
2.299849987030029297e+00 3.077819674844500253e-01
2.300460100173950195e+00 3.618840095372642673e-02
2.300770044326782227e+00 1.600447074500353783e-01
2.301759958267211914e+00 8.095259188796818384e-01
2.309269905090332031e+00 3.513184665718080413e-02
2.321439981460571289e+00 9.834735201572241126e-01
2.327189922332763672e+00 8.406868448206483713e-02
2.333780050277709961e+00 7.138967025476967987e-02
2.333820104598999023e+00 3.984924061060477474e-01
2.344789981842041016e+00 1.345350149342753876e-01
2.347100019454956055e+00 1.258102807690791858e-01
2.367779970169067383e+00 1.204308153499250300e-01
2.369529962539672852e+00 3.017971199221906042e-01
2.396879911422729492e+00 4.773637504339753312e-02
2.397119998931884766e+00 1.985021114476865911e-01
2.425029993057250977e+00 8.876307056482544144e-01
2.444989919662475586e+00 4.332230528118610757e-02
2.446670055389404297e+00 4.096623512260761935e-01
2.447309970855712891e+00 2.007725014690495136e-02
2.452059984207153320e+00 1.204582096616526807e-02
2.452660083770751953e+00 2.314321102713910380e-02
2.467230081558227539e+00 6.019609513798557243e-02
2.469419956207275391e+00 1.940505407532203824e-02
2.471620082855224609e+00 2.949118524268674185e-02
2.475049972534179688e+00 3.163454615151289895e-01
2.477610111236572266e+00 5.295116850107110806e-02
2.478410005569458008e+00 7.287792482587623910e-02
2.484250068664550781e+00 6.137155685687539775e-02
2.484440088272094727e+00 2.800335485377636879e-01
2.486809968948364258e+00 7.647453284903270310e-02
2.487190008163452148e+00 1.962797754450920293e-02
2.488600015640258789e+00 2.936219524784560581e-02
2.493890047073364258e+00 8.230822410759716656e-02
2.505860090255737305e+00 2.026296674130952102e-01
2.508949995040893555e+00 4.770261564170451274e-02
2.518559932708740234e+00 1.072101232584479757e-01
2.529720067977905273e+00 3.978857143927907458e-01
2.532639980316162109e+00 1.469286815697479903e-02
2.538569927215576172e+00 2.209738502217544476e-01
2.540390014648437500e+00 1.218181841245487285e-01
2.557929992675781250e+00 5.551114973516124707e-02
2.566920042037963867e+00 1.173431469229274104e-01
2.567039966583251953e+00 1.832590393189686417e-01
2.572959899902343750e+00 3.557085670758802776e-02
2.573420047760009766e+00 6.834685597202697083e-02
2.584680080413818359e+00 1.018162233541521217e-01
2.594130039215087891e+00 4.803981959544841029e-02
2.596110105514526367e+00 1.974598558779916968e-01
2.603909969329833984e+00 6.941510550715447592e-02
2.607769966125488281e+00 7.563204404900000788e-02
2.614759922027587891e+00 3.464391576912470572e-01
2.624710083007812500e+00 1.560923845427635570e-01
2.628410100936889648e+00 3.001487473010722717e-01
2.636519908905029297e+00 6.878342886007240975e-02
2.640739917755126953e+00 1.168342278694459169e-01
2.642790079116821289e+00 3.761107508086807272e-01
2.649559974670410156e+00 1.155664466079970587e-01
2.651690006256103516e+00 2.908194542406889252e-02
2.656009912490844727e+00 1.580930410417444310e-01
2.669519901275634766e+00 1.649682399827552270e-01
2.677580118179321289e+00 8.420386823316770852e-02
2.680079936981201172e+00 1.177334217270666894e-01
2.680860042572021484e+00 7.646021998261397223e-02
2.681720018386840820e+00 3.961736102752734245e-01
2.688829898834228516e+00 1.234040880414303820e-01
2.694299936294555664e+00 4.822919891658179747e-03
2.696640014648437500e+00 1.682357606487496632e-02
2.696700096130371094e+00 1.076536206302108889e-02
2.703389883041381836e+00 5.913842611440519453e-02
2.704689979553222656e+00 9.487458075727088491e-02
2.711319923400878906e+00 1.588097102365673141e-01
2.727689981460571289e+00 9.969350432092961845e-02
2.735080003738403320e+00 6.568185618013969163e-02
2.809070110321044922e+00 1.888882981088482738e-01
2.817209959030151367e+00 7.083208005294903964e-02
2.822659969329833984e+00 7.181208537975386497e-02
2.825629949569702148e+00 5.806931249770400788e-02
2.833879947662353516e+00 4.700625170578632411e-02
2.846649885177612305e+00 5.310095485163052881e-02
2.847150087356567383e+00 9.281403981972798090e-02
2.849349975585937500e+00 4.307519014004736885e-02
2.851399898529052734e+00 2.198307536444828528e-02
2.852969884872436523e+00 9.848680067362582113e-02
2.864419937133789062e+00 4.612329447414719591e-02
2.868829965591430664e+00 3.410000791976366963e-01
2.871959924697875977e+00 7.246370295564084907e-02
2.882230043411254883e+00 1.982256220520587503e-02
2.884680032730102539e+00 1.496160625688237045e-01
2.888240098953247070e+00 3.567154828870880423e-02
2.889029979705810547e+00 1.423867971888658768e-01
2.896330118179321289e+00 2.804867339629561057e-02
2.897140026092529297e+00 6.728295423536455322e-02
2.900340080261230469e+00 4.726895890516566445e-02
2.904789924621582031e+00 5.257391594803610679e-02
2.906650066375732422e+00 1.032814369966740531e-01
2.918869972229003906e+00 1.289561006167969925e-01
2.922590017318725586e+00 4.950216143658354995e-02
2.926069974899291992e+00 1.138546046539077039e-01
2.927150011062622070e+00 4.291657143238110372e-02
2.929620027542114258e+00 4.984898228397641184e-02
2.935070037841796875e+00 7.027749682058523351e-02
2.941250085830688477e+00 8.741774503447946598e-02
2.945600032806396484e+00 7.255582946273031464e-02
2.965990066528320312e+00 9.842637408253518405e-02
2.983089923858642578e+00 2.543551989452174505e-02
2.983370065689086914e+00 6.469363727652453766e-02
2.996150016784667969e+00 2.902390283392573128e-02
2.996560096740722656e+00 1.507428729041593862e-01
3.004139900207519531e+00 5.956403913579658149e-02
3.015330076217651367e+00 1.339747819787248384e-01
3.016599893569946289e+00 2.159791926324897693e-01
3.019150018692016602e+00 4.876831062972944442e-02
3.028660058975219727e+00 1.813479925046073207e-02
3.030060052871704102e+00 2.222128363752952918e-01
3.031019926071166992e+00 2.231465341290787482e-02
3.031219959259033203e+00 2.861146940661877733e-02
3.042469978332519531e+00 4.322666545654513942e-02
3.047869920730590820e+00 1.181178456865062398e-01
3.051270008087158203e+00 4.539682429981174022e-02
3.053459882736206055e+00 6.091683236509328608e-02
3.058109998703002930e+00 1.183544318947993002e-01
3.059390068054199219e+00 1.881065442838964485e-01
3.061290025711059570e+00 4.822930017893566762e-02
3.061830043792724609e+00 4.898749662280344266e-03
3.063999891281127930e+00 1.521252922489856330e-01
3.069560050964355469e+00 6.726825042387225839e-02
3.075269937515258789e+00 9.791274637628515076e-02
3.083810091018676758e+00 1.339176346381570071e-01
3.096729993820190430e+00 5.884583162611550095e-02
3.098649978637695312e+00 1.499254577078771855e-01
3.102020025253295898e+00 8.258376719197368931e-02
3.106349945068359375e+00 2.055496741932994476e-01
3.111340045928955078e+00 6.128427078484715435e-02
3.115969896316528320e+00 2.379944521507390554e-02
3.130620002746582031e+00 5.445198102621870428e-02
3.134939908981323242e+00 3.946077406714140062e-02
3.140680074691772461e+00 1.903704464175059452e-01
3.140990018844604492e+00 1.159429388577606079e-01
3.147229909896850586e+00 9.055814944948684109e-02
3.173749923706054688e+00 5.697538061273052512e-02
3.175400018692016602e+00 4.234649081400787551e-02
3.233109951019287109e+00 1.684177994936194578e-01
3.234050035476684570e+00 3.396245149147619213e-01
3.238219976425170898e+00 5.880858617975020380e-02
3.239490032196044922e+00 2.385526420579578699e-01
3.246540069580078125e+00 5.533630336069432498e-02
3.258780002593994141e+00 4.662242895998373882e-02
3.263200044631958008e+00 7.146407279557842607e-02
3.264319896697998047e+00 4.554994071370117581e-01
3.266609907150268555e+00 1.669709161582901835e-01
3.270020008087158203e+00 1.423921020914644953e-01
3.272030115127563477e+00 3.684787891576644658e-01
3.272380113601684570e+00 4.440469316895876567e-02
3.275360107421875000e+00 6.083645316448377249e-02
3.282370090484619141e+00 1.910390742522081187e-01
3.283600091934204102e+00 2.974305016102608487e-02
3.286269903182983398e+00 4.856601490712335323e-02
3.290460109710693359e+00 7.940561552921727995e-02
3.302139997482299805e+00 1.375967136674906277e-01
3.308660030364990234e+00 3.084005206051141854e-02
3.316169977188110352e+00 1.986669803521375344e-01
3.316950082778930664e+00 1.112437822845798729e-01
3.328380107879638672e+00 1.933090608454316184e-01
3.340549945831298828e+00 5.433462248384809262e-02
3.342710018157958984e+00 8.347982605649076349e-02
3.401510000228881836e+00 8.675685210316037843e-02
3.401540040969848633e+00 1.562072219073890045e-01
3.407880067825317383e+00 2.146593624757739127e-01
3.415960073471069336e+00 8.459525235973301693e-02
3.419440031051635742e+00 2.717829222442505466e-01
3.419600009918212891e+00 7.737705818184373308e-02
3.427829980850219727e+00 2.177738310362222207e-01
3.443599939346313477e+00 1.439038267394883996e-01
3.446690082550048828e+00 1.087015282808764527e-01
3.457959890365600586e+00 5.924335043639478160e-01
3.460160017013549805e+00 6.510149150497022974e-02
3.467430114746093750e+00 3.848089158062989457e-02
3.473939895629882812e+00 4.618954840265680067e-02
3.476870059967041016e+00 7.117987633700557926e-02
3.478280067443847656e+00 1.394220783383273987e-01
3.478590011596679688e+00 1.536805579179823140e-02
3.479199886322021484e+00 2.148683093094398006e-02
3.480340003967285156e+00 2.074708139512409372e-02
3.480520009994506836e+00 1.317294893996127092e-01
3.481539964675903320e+00 9.397505696210926851e-02
3.482019901275634766e+00 6.573870676067329610e-02
3.484760046005249023e+00 3.879163817502713496e-02
3.490070104598999023e+00 1.467702565082261712e-01
3.492439985275268555e+00 2.484025670492029103e-01
3.493599891662597656e+00 1.226687863606875650e-01
3.494369983673095703e+00 8.753322632881446741e-02
3.503429889678955078e+00 3.681571603500918138e-02
3.507980108261108398e+00 4.352224958438587199e-02
3.512650012969970703e+00 2.079818075768503916e-02
3.513570070266723633e+00 7.243290234929530835e-02
3.520100116729736328e+00 3.418416382909398449e-02
3.550390005111694336e+00 6.995873918900866184e-02
3.557100057601928711e+00 9.713781492205660062e-02
3.588190078735351562e+00 4.109932784132142025e-02
3.601000070571899414e+00 6.085135610177331428e-02
3.601520061492919922e+00 2.666871359177937217e-02
3.602570056915283203e+00 7.987775260059690186e-02
3.603630065917968750e+00 1.046834436598352153e-01
3.604720115661621094e+00 7.520304292855331529e-02
3.605859994888305664e+00 1.263407585699527491e-01
3.608850002288818359e+00 1.983756545199780869e-02
3.609509944915771484e+00 2.796521358377546812e-02
3.620579957962036133e+00 7.785341403013321115e-02
3.621330022811889648e+00 2.442998675203807840e-02
3.625390052795410156e+00 6.540664213858610188e-02
3.629029989242553711e+00 2.527329408919310252e-02
3.629110097885131836e+00 5.337222342875194009e-02
3.641629934310913086e+00 6.270608984431502719e-02
3.642430067062377930e+00 5.643989210083134346e-03
3.645220041275024414e+00 9.985060838258896787e-02
3.648089885711669922e+00 5.563232580560718843e-02
3.650140047073364258e+00 7.968681327897492173e-02
3.658040046691894531e+00 5.244301412675114044e-02
3.658950090408325195e+00 2.313045225594676513e-01
3.659559965133666992e+00 2.311609557036882201e-01
3.663919925689697266e+00 4.460008396624226545e-02
3.668560028076171875e+00 3.010422400827113265e-02
3.674700021743774414e+00 6.714263405281777064e-02
3.682179927825927734e+00 4.308460020263526341e-02
3.685060024261474609e+00 8.502736694357614089e-02
3.687750101089477539e+00 9.590201803087278210e-02
3.710659980773925781e+00 3.063326142509232852e-01
3.713779926300048828e+00 3.338298045590647189e-02
3.718529939651489258e+00 3.757676258295911120e-02
3.722419977188110352e+00 5.797822343439473086e-02
3.730540037155151367e+00 2.660445579478479261e-01
3.747829914093017578e+00 9.497096664064921812e-02
3.776989936828613281e+00 2.780302747011380027e-01
3.799540042877197266e+00 1.511819150688033520e-01
3.799829959869384766e+00 4.988212133557136385e-02
3.821409940719604492e+00 8.110032527975166716e-02
3.826090097427368164e+00 2.984083879491607194e-02
3.829859972000122070e+00 1.017838763878161773e-01
3.836400032043457031e+00 8.519433534456974377e-02
3.840859889984130859e+00 3.290020202468895566e-02
3.843760013580322266e+00 6.319070476204363684e-02
3.847079992294311523e+00 9.030430476956170793e-02
3.847579956054687500e+00 5.005520965315567866e-02
3.849800109863281250e+00 4.073385139741828725e-02
3.851480007171630859e+00 1.037496819139137189e-01
3.851910114288330078e+00 9.268019289352116830e-02
3.854959964752197266e+00 2.531183260559048340e-02
3.859649896621704102e+00 3.329278918848377344e-02
3.864389896392822266e+00 1.454757360590919757e-01
3.866460084915161133e+00 1.017473849097503547e-01
3.869869947433471680e+00 9.447059480384216446e-02
3.871520042419433594e+00 8.523327655651169454e-02
3.874870061874389648e+00 3.482772716900933013e-02
3.879129886627197266e+00 3.761195888524376113e-02
3.892560005187988281e+00 1.315730190934275845e-01
3.893919944763183594e+00 8.206678799587818762e-02
3.919430017471313477e+00 2.366471398149456173e-01
3.979239940643310547e+00 2.751333709907756719e-01
3.982620000839233398e+00 1.348048381100286075e-01
3.987970113754272461e+00 1.004029406177011641e-01
3.994640111923217773e+00 7.758868882388750277e-02
4.001580238342285156e+00 1.579098327294949367e-01
4.002709865570068359e+00 1.677048892495495158e-01
4.006979942321777344e+00 5.751042011945493859e-02
4.010330200195312500e+00 2.196557720515400214e-01
4.033710002899169922e+00 3.984918997520803252e-02
4.034110069274902344e+00 1.619639193175794745e-01
4.043019771575927734e+00 1.678086078722333674e-02
4.054629802703857422e+00 1.889143413396085838e-02
4.055980205535888672e+00 2.828082815606271228e-02
4.056849956512451172e+00 1.399823750598468974e-01
4.056900024414062500e+00 1.559642413999297872e-01
4.057620048522949219e+00 5.397102869577644763e-02
4.059949874877929688e+00 1.130593662788273793e-02
4.064559936523437500e+00 5.640604130782660153e-02
4.067440032958984375e+00 1.580147339589875119e-02
4.071450233459472656e+00 8.910841972984270831e-02
4.073019981384277344e+00 1.414701285438984754e-02
4.073450088500976562e+00 4.244154106949690752e-02
4.082039833068847656e+00 1.490215850694180839e-02
4.084420204162597656e+00 8.365031593582759883e-02
4.085390090942382812e+00 1.880509933039029025e-02
4.095300197601318359e+00 2.687002964346466016e-02
4.097060203552246094e+00 4.570616165256370655e-02
4.101980209350585938e+00 5.806241033361716347e-02
4.105619907379150391e+00 1.228928604786053841e-01
4.108290195465087891e+00 5.967103212975519155e-02
4.108880043029785156e+00 6.814128657876777906e-02
4.111909866333007812e+00 1.267880596779153157e-01
4.158730030059814453e+00 3.401871767167398419e-02
4.162040233612060547e+00 2.812286085781580749e-02
4.162839889526367188e+00 1.853007446518784365e-02
4.168529987335205078e+00 9.046856423932123081e-02
4.174230098724365234e+00 4.366057328285614242e-02
4.192590236663818359e+00 9.787117027847021256e-03
4.205090045928955078e+00 9.229536335161114130e-03
4.206190109252929688e+00 1.821787228816152404e-01
4.207489967346191406e+00 2.871431033060503277e-02
4.208960056304931641e+00 6.103437083382097506e-02
4.209640026092529297e+00 1.335149225798863692e-01
4.210680007934570312e+00 1.545220327224096010e-02
4.213739871978759766e+00 3.151413274586363500e-02
4.216400146484375000e+00 9.917888840193449240e-02
4.217110157012939453e+00 3.800397147379863672e-02
4.218860149383544922e+00 3.493678206649995094e-02
4.218969821929931641e+00 1.052504099205356924e-01
4.223229885101318359e+00 6.423832635092167898e-02
4.224659919738769531e+00 2.466317125814892347e-02
4.226180076599121094e+00 6.745463049657404730e-02
4.226429939270019531e+00 1.391108687680539802e-01
4.232240200042724609e+00 9.921668699025519567e-02
4.237090110778808594e+00 6.032341767769554275e-02
4.242599964141845703e+00 2.967050324042153769e-02
4.243830204010009766e+00 4.704248155959050992e-02
4.254189968109130859e+00 3.639482561553569751e-02
4.255829811096191406e+00 2.882322987594703942e-02
4.257190227508544922e+00 7.240135289700674881e-02
4.271940231323242188e+00 3.935433209745531347e-02
4.284989833831787109e+00 2.952029858592259901e-03
4.296999931335449219e+00 3.016250070760592705e-02
4.300469875335693359e+00 2.636071668072036134e-02
4.318620204925537109e+00 2.289179816645297849e-01
4.332970142364501953e+00 5.186406667716813440e-02
4.336170196533203125e+00 1.130016998209447676e-01
4.345970153808593750e+00 1.190085855382187890e-01
4.406060218811035156e+00 8.196219865663978421e-02
4.410580158233642578e+00 6.097854720365102066e-02
4.414780139923095703e+00 6.462810175576322314e-02
4.420100212097167969e+00 4.598315466773657961e-02
4.420609951019287109e+00 2.016482708827958825e-01
4.428060054779052734e+00 5.716122946262643806e-02
4.428349971771240234e+00 1.129451833085697021e-01
4.429329872131347656e+00 2.761192558040039338e-02
4.431350231170654297e+00 1.321396711507867860e-01
4.433959960937500000e+00 1.168977792536744220e-01
4.450150012969970703e+00 1.197640692442140768e-02
4.452809810638427734e+00 5.478350535128362342e-02
4.453619956970214844e+00 1.302017840358690726e-01
4.453700065612792969e+00 1.150842000527437653e-01
4.454639911651611328e+00 6.374182856543442188e-02
4.455399990081787109e+00 2.099718251752665660e-02
4.456610202789306641e+00 3.795147668439451116e-02
4.461579799652099609e+00 2.246289928557943516e-01
4.464129924774169922e+00 4.754155732230373049e-02
4.465929985046386719e+00 7.455953729746324365e-02
4.473989963531494141e+00 4.746732671916502333e-02
4.478970050811767578e+00 2.135939720621891080e-01
4.485819816589355469e+00 1.841100057476812990e-01
4.507979869842529297e+00 2.140299814296417469e-01
4.560060024261474609e+00 1.383711659947297057e-01
4.563710212707519531e+00 1.951728544506189378e-01
4.577539920806884766e+00 4.007058021783155288e-02
4.582880020141601562e+00 4.320235461329034743e-02
4.593770027160644531e+00 7.724907606771452828e-02
4.606229782104492188e+00 7.238506623878475654e-01
4.608290195465087891e+00 4.853923968178017190e-02
4.612329959869384766e+00 6.658629163362415893e-02
4.612979888916015625e+00 4.002159556545063501e-01
4.622459888458251953e+00 4.105592940212073050e-02
4.628170013427734375e+00 5.012279859381407049e-02
4.634339809417724609e+00 1.084644396639716513e-01
4.642149925231933594e+00 1.442148617081877582e-01
4.652110099792480469e+00 1.281932930502385770e-02
4.658440113067626953e+00 1.112574131194036808e-01
4.660560131072998047e+00 1.230196289545272131e-01
4.661270141601562500e+00 2.983092329305157483e-02
4.661799907684326172e+00 4.178351811959074569e-02
4.662749767303466797e+00 9.650774096247220768e-02
4.663020133972167969e+00 1.509877975539514194e-01
4.663899898529052734e+00 2.444655583693519652e-02
4.664490222930908203e+00 1.398306269692982662e-01
4.665770053863525391e+00 2.639499304997303814e-02
4.668389797210693359e+00 8.446179903637032749e-02
4.668819904327392578e+00 2.483194868267161667e-02
4.676229953765869141e+00 6.145360371282573148e-02
4.680439949035644531e+00 6.387024016270673177e-02
4.680779933929443359e+00 8.884620053955478297e-03
4.687260150909423828e+00 4.471635291516218996e-02
4.688799858093261719e+00 3.148390580528320770e-02
4.689060211181640625e+00 3.849513701428777801e-02
4.706830024719238281e+00 1.377068023366955773e-01
4.715869903564453125e+00 1.148473147872246386e-01
4.733500003814697266e+00 1.479091679018639249e-01
4.747749805450439453e+00 5.881917421853259664e-02
4.772319793701171875e+00 6.197183289261766655e-03
4.788819789886474609e+00 4.598645137420460244e-02
4.797729969024658203e+00 6.365301848225461689e-02
4.798190116882324219e+00 4.125640489611637901e-02
4.799429893493652344e+00 5.216604164983926900e-02
4.802720069885253906e+00 2.958103524033217635e-02
4.802919864654541016e+00 6.541451039431445125e-02
4.803909778594970703e+00 5.009939629679062423e-02
4.804599761962890625e+00 2.860699298962006420e-02
4.804739952087402344e+00 2.739939100046201101e-02
4.806149959564208984e+00 4.927476581391673771e-02
4.807390213012695312e+00 1.061026599987282409e-01
4.809199810028076172e+00 9.069683613350640328e-02
4.815189838409423828e+00 3.459949459784890380e-02
4.819049835205078125e+00 5.073493063702866346e-02
4.819169998168945312e+00 2.422360058819136158e-02
4.819739818572998047e+00 4.284775779555589914e-02
4.820690155029296875e+00 6.592563075446089549e-01
4.823949813842773438e+00 1.569857716734014141e-01
4.829710006713867188e+00 1.241043722809985761e-01
4.830840110778808594e+00 1.805171170982788897e-02
4.831339836120605469e+00 3.917219550795077165e-02
4.835319995880126953e+00 1.014935426988329004e-01
4.835559844970703125e+00 7.578215454177761323e-02
4.836299896240234375e+00 7.817899011799572806e-02
4.867189884185791016e+00 1.685400519861311730e-02
4.869669914245605469e+00 3.042463380221416443e-03
4.881979942321777344e+00 2.160049436665043565e-01
4.887290000915527344e+00 5.156642130355757608e-02
4.888549804687500000e+00 3.295935160774170897e-02
4.903759956359863281e+00 3.267190974490505329e-02
4.913360118865966797e+00 3.123251668550861004e-01
4.941959857940673828e+00 2.018427426479591225e-01
5.001689910888671875e+00 5.545990595884962848e-02
5.001920223236083984e+00 9.066115977020404448e-02
5.002689838409423828e+00 3.986249289553790709e-02
5.004640102386474609e+00 7.655807560165886483e-02
5.011919975280761719e+00 7.998004320952309398e-02
5.012899875640869141e+00 8.041356819650895271e-02
5.013979911804199219e+00 1.007579472064908943e-01
5.015180110931396484e+00 8.959195497318864221e-02
5.016540050506591797e+00 3.019228778868469215e-02
5.019750118255615234e+00 7.940287620132213675e-02
5.021299839019775391e+00 8.323816179252878367e-02
5.026730060577392578e+00 2.404669368869120638e-01
5.030560016632080078e+00 2.414557970994073710e-01
5.035389900207519531e+00 5.716571962083091818e-02
5.040800094604492188e+00 1.494439759074443763e-02
5.041570186614990234e+00 5.386322259502213106e-02
5.050099849700927734e+00 9.676218365031885593e-02
5.050409793853759766e+00 3.247328987424046021e-02
5.052700042724609375e+00 2.601951115018161578e-03
5.055260181427001953e+00 2.661701944346875348e-01
5.056019783020019531e+00 4.113708411231219164e-02
5.056409835815429688e+00 3.636239706514476228e-02
5.064640045166015625e+00 2.814470385293460497e-02
5.066239833831787109e+00 5.055506315857784261e-02
5.145669937133789062e+00 2.204652877498401720e-01
5.151360034942626953e+00 5.194999902214959830e-02
5.155640125274658203e+00 9.288947692027134384e-02
5.164010047912597656e+00 1.145903719200194737e-01
5.173689842224121094e+00 1.270659512831046611e-01
5.174560070037841797e+00 4.411453460966482942e-02
5.190040111541748047e+00 2.309892344721698604e-02
5.213759899139404297e+00 6.120414433141086602e-02
5.217490196228027344e+00 8.804909475733198321e-02
5.219409942626953125e+00 1.728793587364516049e-02
5.219580173492431641e+00 3.173663102193278324e-02
5.226029872894287109e+00 2.381316682053291056e-01
5.227630138397216797e+00 1.424074487084832086e-01
5.230850219726562500e+00 1.653369053508563780e-01
5.231810092926025391e+00 4.890975019274762872e-03
5.232749938964843750e+00 2.180222059132471205e-02
5.237360000610351562e+00 2.738331737889367415e-02
5.242479801177978516e+00 6.218912227314750407e-02
5.245369911193847656e+00 5.457217065528454508e-02
5.250659942626953125e+00 5.514131648639312988e-02
5.256370067596435547e+00 5.092605508557747351e-02
5.258769989013671875e+00 8.580962373086364892e-02
5.259540081024169922e+00 2.798831708858052353e-02
5.268829822540283203e+00 1.025557630115524546e-02
5.271530151367187500e+00 5.739558426436723593e-02
5.271959781646728516e+00 3.923237309467102890e-02
5.274919986724853516e+00 5.926771990222803876e-02
5.277750015258789062e+00 3.904443291275816463e-02
5.278180122375488281e+00 8.701472426038119046e-02
5.280900001525878906e+00 3.307070474916971869e-02
5.283400058746337891e+00 1.661589426252639001e-01
5.283500194549560547e+00 3.775376825913563661e-02
5.315770149230957031e+00 2.879302982641911146e-02
5.318270206451416016e+00 1.221828787393496388e-02
5.319910049438476562e+00 2.822687127351088815e-02
5.336909770965576172e+00 8.081499030306302234e-02
5.350480079650878906e+00 5.856842053173517970e-02
5.361899852752685547e+00 5.960699256479046887e-02
5.365240097045898438e+00 8.952220807532772218e-02
5.368169784545898438e+00 7.358344543977769769e-02
5.368440151214599609e+00 8.010721614350467534e-02
5.377890110015869141e+00 6.182137132453710548e-02
5.388259887695312500e+00 3.100587025274421232e-02
5.395989894866943359e+00 7.715164641833793802e-02
5.396450042724609375e+00 3.745195568360862055e-03
5.402040004730224609e+00 3.660637929231348037e-02
5.402349948883056641e+00 1.527559488863622361e-02
5.406730175018310547e+00 3.484820002397702454e-02
5.408979892730712891e+00 3.909732501156626405e-02
5.413340091705322266e+00 1.022038322107270553e-01
5.414060115814208984e+00 2.477715092183113005e-02
5.414239883422851562e+00 6.346543977796585689e-02
5.414790153503417969e+00 1.286245862572857855e-02
5.415219783782958984e+00 5.973107457266376569e-02
5.417329788208007812e+00 2.152491252776831537e-02
5.424260139465332031e+00 3.435226224372361914e-02
5.425209999084472656e+00 1.811240110423478419e-02
5.426780223846435547e+00 6.760473014970792838e-02
5.431610107421875000e+00 2.149869600043726459e-01
5.445899963378906250e+00 1.101340652490650079e-01
5.449969768524169922e+00 4.944645684508706951e-02
5.458620071411132812e+00 9.144925658147140535e-02
5.472400188446044922e+00 2.446244855147175212e-01
5.479909896850585938e+00 2.028268393404488584e-02
5.485980033874511719e+00 1.135026632233087501e-01
5.488659858703613281e+00 1.888983286289879979e-02
5.502759933471679688e+00 2.556978144126418884e-01
5.516260147094726562e+00 1.361492524242063906e-01
5.566239833831787109e+00 1.030964875727371499e-01
5.574419975280761719e+00 2.392034122799531135e-02
5.579279899597167969e+00 1.256317794713165126e-01
5.580689907073974609e+00 8.377074170882917170e-02
5.591390132904052734e+00 5.414486341801633823e-02
5.596419811248779297e+00 4.060094834939092373e-02
5.597219944000244141e+00 6.214829384066030554e-02
5.601319789886474609e+00 1.411415294615754878e-01
5.605329990386962891e+00 3.178889637416224684e-02
5.610789775848388672e+00 4.728981876864037787e-02
5.612480163574218750e+00 4.881406512644415746e-02
5.618700027465820312e+00 9.972084491712746024e-03
5.623919963836669922e+00 1.214063530620716480e-01
5.626369953155517578e+00 2.648997952270136236e-01
5.627140045166015625e+00 2.181788415042037327e-02
5.629039764404296875e+00 2.682164022274469498e-02
5.632569789886474609e+00 1.837257662424709448e-01
5.632830142974853516e+00 6.919770960276321048e-02
5.632909774780273438e+00 8.620920883296731563e-02
5.633649826049804688e+00 1.073298590256360069e-01
5.644559860229492188e+00 6.355073591119843324e-02
5.650529861450195312e+00 4.313067875486475966e-02
5.650599956512451172e+00 4.688471853474772411e-02
5.652760028839111328e+00 1.557605425151983303e-01
5.718530178070068359e+00 9.697269536569601278e-02
5.733640193939208984e+00 1.150443135089458668e-01
5.740379810333251953e+00 7.732787064529128562e-02
5.752419948577880859e+00 2.537661375262680874e-01
5.755109786987304688e+00 2.938266928902045702e-02
5.763720035552978516e+00 1.034452012907223634e-01
5.772910118103027344e+00 1.717116207178325318e-02
5.785359859466552734e+00 1.736498447105211951e-01
5.796720027923583984e+00 8.266882580489853805e-02
5.807610034942626953e+00 8.821789850164057922e-02
5.808440208435058594e+00 9.989093192272845145e-02
5.809470176696777344e+00 8.695303051772390601e-02
5.812789916992187500e+00 7.044013235684860874e-02
5.818170070648193359e+00 4.841940458421168519e-02
5.820859909057617188e+00 6.222457177020589147e-02
5.823440074920654297e+00 1.489037090243909012e-01
5.828859806060791016e+00 1.072395835867476777e-01
5.833610057830810547e+00 1.544162574825612699e-01
5.834780216217041016e+00 5.325348331369518518e-02
5.836880207061767578e+00 2.559719378109209104e-02
5.836880207061767578e+00 5.090198895408484109e-02
5.843649864196777344e+00 1.320356145244488272e-02
5.844880104064941406e+00 4.456582728554017714e-02
5.845079898834228516e+00 5.321782089441889213e-02
5.846739768981933594e+00 3.163017729850271798e-02
5.851930141448974609e+00 3.410546010456133592e-02
5.853300094604492188e+00 2.175897891410339194e-02
5.856569766998291016e+00 4.311898587274095446e-02
5.856649875640869141e+00 3.529578406966132897e-02
5.860439777374267578e+00 1.050707137403153885e-01
5.869269847869873047e+00 8.685916333919723592e-03
5.869929790496826172e+00 8.545208922734131018e-01
5.879779815673828125e+00 1.082609510283072257e-01
5.896150112152099609e+00 2.184512667012176446e-01
5.896890163421630859e+00 8.465619571307911317e-02
5.918379783630371094e+00 3.102188593005069869e-02
5.942150115966796875e+00 3.070218246798197756e-02
5.948830127716064453e+00 3.213767938615202935e-02
5.954649925231933594e+00 3.989014365503199683e-02
5.955060005187988281e+00 2.986476153885493992e-02
5.959290027618408203e+00 7.047155763661849814e-02
5.964719772338867188e+00 3.199517856674940347e-02
5.967410087585449219e+00 6.264333260363909028e-01
5.968190193176269531e+00 8.928093944861442352e-03
5.975110054016113281e+00 7.219968812987996587e-02
5.977310180664062500e+00 8.050944933683673588e-02
5.978909969329833984e+00 2.368493064536475803e-02
5.979390144348144531e+00 3.787393198697860952e-02
5.988230228424072266e+00 5.555266099836005111e-02
5.991290092468261719e+00 9.181616655120114490e-02
5.993450164794921875e+00 5.355196866210477219e-02
5.994999885559082031e+00 7.489106864243323669e-02
5.996240139007568359e+00 2.711669663033369759e-02
6.000160217285156250e+00 5.047480537807385453e-02
6.001080036163330078e+00 1.062691990101274908e-01
6.003139972686767578e+00 1.524365575940322126e-01
6.007309913635253906e+00 1.047714706614249758e-01
6.007510185241699219e+00 2.080246407091602134e-01
6.007810115814208984e+00 6.374725334222267059e-02
6.015769958496093750e+00 8.228301355716702292e-02
6.018670082092285156e+00 2.085728211080505323e-01
6.029129981994628906e+00 1.344570028349593438e-01
6.041590213775634766e+00 1.691861066846119255e-01
6.050879955291748047e+00 1.067881757297948625e-01
6.065959930419921875e+00 2.507882023485054068e-01
6.068180084228515625e+00 7.284523014788285566e-02
6.072949886322021484e+00 5.878965291839369223e-02
6.079110145568847656e+00 9.867001060572624938e-02
6.166009902954101562e+00 2.615705525779876695e-01
6.175580024719238281e+00 3.991991177399074886e-02
6.182310104370117188e+00 4.799934967832631544e-02
6.188479900360107422e+00 3.912432417091744191e-02
6.192029953002929688e+00 9.847134701847159999e-02
6.194059848785400391e+00 7.266039303758743684e-02
6.194300174713134766e+00 1.588242738900142725e-01
6.194670200347900391e+00 5.722832263493703858e-02
6.196219921112060547e+00 3.989155852728639567e-02
6.199619770050048828e+00 1.241121754592207360e-02
6.207129955291748047e+00 2.294939498572380610e-01
6.207499980926513672e+00 3.959539959378422652e-02
6.208670139312744141e+00 8.788956114221289917e-02
6.208930015563964844e+00 1.136526253226523842e-01
6.209030151367187500e+00 3.357250888519103804e-01
6.210949897766113281e+00 4.964651533909124337e-02
6.214519977569580078e+00 5.781085274726539130e-02
6.216770172119140625e+00 1.416323408745799872e-01
6.218729972839355469e+00 7.165688501853537118e-02
6.218870162963867188e+00 2.183812989644503544e-01
6.222879886627197266e+00 2.804743692897877436e-02
6.239749908447265625e+00 1.098123815324857644e-01
6.242630004882812500e+00 4.828016794832001857e-02
6.243579864501953125e+00 3.127886138083676437e-01
6.282360076904296875e+00 2.514619590387039971e-01
6.292840003967285156e+00 1.602172469129684029e-01
6.337940216064453125e+00 6.519361211177315818e-02
6.340899944305419922e+00 8.596176507353836538e-02
6.345799922943115234e+00 5.196407273780736386e-02
6.346030235290527344e+00 9.610414134279345044e-02
6.350450038909912109e+00 1.185572632431029921e-01
6.361639976501464844e+00 6.065008107520448721e-01
6.373290061950683594e+00 8.345416203626580820e-02
6.397819995880126953e+00 2.280934790792128047e-03
6.398700237274169922e+00 4.246192120104548551e-02
6.399189949035644531e+00 2.796872399227416928e-01
6.399640083312988281e+00 3.276570659436542354e-02
6.413839817047119141e+00 2.926535186106575190e-02
6.413980007171630859e+00 5.390394366385978242e-02
6.415919780731201172e+00 1.122853840249539784e-02
6.416039943695068359e+00 6.822030142398252672e-02
6.417870044708251953e+00 1.900309639250072069e-01
6.420129776000976562e+00 5.885244434025839466e-02
6.421440124511718750e+00 4.816565891114828885e-02
6.422470092773437500e+00 2.042373206931371032e-01
6.425549983978271484e+00 1.092020522623221024e-01
6.426630020141601562e+00 1.076147318778829381e-01
6.428810119628906250e+00 8.104281280754044303e-02
6.435800075531005859e+00 5.948711127039495172e-02
6.436389923095703125e+00 7.648980585628911699e-02
6.440820217132568359e+00 5.504542988388579777e-02
6.445000171661376953e+00 6.681764152301374049e-02
6.448689937591552734e+00 1.308483476724763284e-01
6.460100173950195312e+00 6.199939070587762169e-02
6.471670150756835938e+00 5.118056647667003356e-02
6.473899841308593750e+00 3.768096255072915512e-02
6.479070186614990234e+00 2.638533740170530273e-02
6.487780094146728516e+00 1.098517756112868671e-01
6.491819858551025391e+00 7.166082203466947464e-02
6.509089946746826172e+00 1.090070117630200508e-01
6.541339874267578125e+00 8.177608322069788993e-02
6.542610168457031250e+00 2.128604107114840521e-02
6.543099880218505859e+00 6.315844389328303943e-02
6.544340133666992188e+00 4.801268254204082986e-02
6.549540042877197266e+00 5.523163050066797614e-02
6.552830219268798828e+00 4.303852587630870724e-02
6.554749965667724609e+00 1.298181652073939624e-02
6.555130004882812500e+00 5.647926003940744177e-01
6.556590080261230469e+00 3.733900034616481622e-02
6.562729835510253906e+00 1.261717891415133630e-01
6.568039894104003906e+00 7.396803791831545183e-02
6.572249889373779297e+00 5.451240918200997432e-02
6.575870037078857422e+00 4.181351295739078877e-02
6.576099872589111328e+00 3.849360420844880754e-02
6.577020168304443359e+00 5.052884685536668946e-02
6.577650070190429688e+00 8.714843100700633838e-02
6.579599857330322266e+00 5.215561218908701391e-02
6.580999851226806641e+00 1.241986362135454325e-01
6.581920146942138672e+00 5.073439239124823835e-02
6.586959838867187500e+00 3.388730350681478515e-02
6.587480068206787109e+00 9.645234400856667056e-02
6.596680164337158203e+00 6.075259550182388751e-02
6.597929954528808594e+00 7.822231404223602136e-02
6.600870132446289062e+00 5.771379032522097607e-02
6.613289833068847656e+00 4.029524916749881863e-02
6.628079891204833984e+00 6.770171334848014422e-02
6.635980129241943359e+00 2.948204197267114551e-02
6.644539833068847656e+00 7.970489697622415437e-02
6.656429767608642578e+00 5.736903156972957690e-02
6.663229942321777344e+00 2.127728145159497875e-01
6.665420055389404297e+00 1.012226824381830814e-01
6.678100109100341797e+00 3.042832275659113628e-01
6.755020141601562500e+00 6.773428144204911294e-02
6.767580032348632812e+00 3.177923480636046100e-02
6.769380092620849609e+00 9.295773061153096706e-02
6.772409915924072266e+00 1.570301099258205324e-01
6.775879859924316406e+00 1.188647636860039603e-01
6.778510093688964844e+00 3.605868413632799807e-02
6.778910160064697266e+00 1.448725709097143377e-01
6.778920173645019531e+00 7.493117137647652137e-02
6.779530048370361328e+00 2.598282149599312821e-02
6.783870220184326172e+00 4.696044647385955867e-02
6.790649890899658203e+00 3.444751599788391239e-02
6.790929794311523438e+00 1.324834227724693558e-01
6.793029785156250000e+00 8.715060489291913404e-02
6.795380115509033203e+00 4.053730888331174426e-02
6.800739765167236328e+00 2.922188836772548343e-02
6.801010131835937500e+00 2.264296451719069181e-01
6.804920196533203125e+00 1.014929063345707538e-01
6.805900096893310547e+00 8.420189912764018680e-03
6.808320045471191406e+00 2.057899151340522592e-01
6.812250137329101562e+00 1.101063956860320013e-02
6.820549964904785156e+00 1.157324212957546034e-01
6.830629825592041016e+00 7.442245960173388131e-02
6.832170009613037109e+00 1.305713481456745872e-01
6.844840049743652344e+00 1.530305064650411273e-01
6.882629871368408203e+00 1.007110812581933079e-01
6.912839889526367188e+00 4.640127303344547538e-02
6.913680076599121094e+00 4.456066817567637117e-01
6.917049884796142578e+00 1.316722584958314179e-01
6.925509929656982422e+00 6.663774170289270271e-02
6.925970077514648438e+00 1.086417175370441857e-01
6.940740108489990234e+00 5.333819802430624091e-02
6.944650173187255859e+00 4.908831667875372395e-01
6.976379871368408203e+00 5.635420994611001905e-02
6.986370086669921875e+00 4.902527777170107015e-02
6.987860202789306641e+00 7.733926695530057849e-02
7.003129959106445312e+00 1.036259122252657372e-01
7.005700111389160156e+00 5.100286056788855965e-02
7.006319999694824219e+00 5.767803642736429176e-02
7.006840229034423828e+00 7.412363091367776824e-02
7.006899833679199219e+00 6.265915054363119241e-02
7.007649898529052734e+00 1.394110573435218270e-01
7.007790088653564453e+00 1.080111206805641072e-01
7.008440017700195312e+00 3.876231882158014119e-02
7.013259887695312500e+00 1.700172955236826378e-01
7.013350009918212891e+00 3.222627194745963236e-02
7.016870021820068359e+00 6.852185844489638855e-02
7.018579959869384766e+00 7.881567548992202132e-02
7.026169776916503906e+00 5.155827512607827345e-02
7.027550220489501953e+00 6.149737791722325458e-02
7.031400203704833984e+00 2.535626529345236940e-02
7.031670093536376953e+00 6.609719647448886182e-02
7.032020092010498047e+00 2.842909536798866529e-02
7.038380146026611328e+00 7.647978037441405252e-02
7.040090084075927734e+00 9.601688256392201803e-02
7.042660236358642578e+00 3.064243051693379266e-02
7.053170204162597656e+00 2.265582995452666559e-01
7.061150074005126953e+00 5.573409844331939783e-02
7.098030090332031250e+00 4.580477803907221507e-02
7.098690032958984375e+00 9.016250179202445203e-02
7.115789890289306641e+00 9.558691076665058739e-02
7.122809886932373047e+00 4.574910278039800993e-02
7.125549793243408203e+00 8.952418948983438263e-01
7.136209964752197266e+00 8.380222652167228226e-02
7.136579990386962891e+00 3.362256661326643720e-02
7.148560047149658203e+00 1.780128179193578644e-02
7.149109840393066406e+00 2.718432568766787627e-02
7.150239944458007812e+00 7.889975743751967419e-02
7.150760173797607422e+00 8.359682015234204400e-02
7.152309894561767578e+00 4.837074637877394889e-02
7.157450199127197266e+00 1.114335399503641050e-01
7.158850193023681641e+00 1.187033787327201537e-02
7.163149833679199219e+00 2.162156048383849227e-01
7.171619892120361328e+00 3.843449385514143696e-02
7.172530174255371094e+00 3.902728873730481468e-02
7.173099994659423828e+00 4.876724852348152117e-02
7.173190116882324219e+00 5.180176209607000037e-02
7.175079822540283203e+00 4.819026454836487783e-02
7.178750038146972656e+00 2.172215269951770222e-02
7.189980030059814453e+00 6.433789084385624357e-02
7.190790176391601562e+00 2.682333398836602711e-01
7.195149898529052734e+00 1.087213930877841267e-01
7.196290016174316406e+00 1.330553239176101021e-01
7.196670055389404297e+00 7.554833371485608629e-02
7.197380065917968750e+00 6.945578830706959639e-02
7.222509860992431641e+00 1.181618133680462646e-01
7.222559928894042969e+00 9.677779471304437386e-02
7.229109764099121094e+00 3.021915593499963429e-02
7.240859985351562500e+00 3.938414730819999043e-01
7.247129917144775391e+00 2.824735393782819640e-02
7.257420063018798828e+00 2.839532490468610684e-02
7.281310081481933594e+00 2.001465753661896274e-01
7.282810211181640625e+00 7.742114839729974385e-02
7.343790054321289062e+00 1.928473984925972717e-01
7.347209930419921875e+00 3.075369671947806097e-02
7.348909854888916016e+00 1.207865097555186062e-01
7.350069999694824219e+00 9.619437633254676601e-02
7.350409984588623047e+00 3.609589678096441351e-02
7.352960109710693359e+00 2.130608223570073789e-01
7.355040073394775391e+00 5.672080915383406752e-02
7.355500221252441406e+00 7.152169356611697004e-02
7.364850044250488281e+00 2.880669806032402219e-02
7.365089893341064453e+00 1.677164137906927976e-01
7.369900226593017578e+00 1.773685063375584903e-01
7.377540111541748047e+00 1.154720748455985296e-01
7.381030082702636719e+00 2.886809356607965543e-03
7.383399963378906250e+00 3.940984893970668479e-02
7.388239860534667969e+00 8.858080613409879955e-02
7.389379978179931641e+00 5.003004423111880039e-02
7.393260002136230469e+00 1.347507265850173552e-01
7.397109985351562500e+00 3.790430634553220574e-02
7.399590015411376953e+00 4.669424051166974621e-02
7.405489921569824219e+00 5.363885744178870096e-02
7.405640125274658203e+00 2.251361547937206012e-02
7.406350135803222656e+00 7.789028346248721979e-02
7.418429851531982422e+00 1.173897714696213457e-01
7.426270008087158203e+00 1.824635996868551047e-02
7.497869968414306641e+00 4.402008824095715589e-02
7.500860214233398438e+00 1.808878958597380793e-01
7.503799915313720703e+00 9.337861066778341268e-02
7.508460044860839844e+00 4.590857285126807852e-02
7.518270015716552734e+00 2.594428438933929146e-02
7.520100116729736328e+00 8.415724639787186545e-02
7.535999774932861328e+00 1.361768895290255826e-02
7.537169933319091797e+00 6.002776665894030139e-02
7.560170173645019531e+00 4.338708532910709459e-02
7.571569919586181641e+00 6.623712297014455741e-02
7.572440147399902344e+00 8.236049836208497732e-02
7.577809810638427734e+00 1.462734969589477296e-01
7.579209804534912109e+00 3.411694372896922206e-02
7.582159996032714844e+00 2.063853147109896702e-02
7.584630012512207031e+00 4.378005310979539433e-02
7.585649967193603516e+00 4.904486916994961476e-02
7.590710163116455078e+00 2.020739353250326775e-01
7.593289852142333984e+00 5.778048232574195531e-02
7.595560073852539062e+00 1.056382057765326427e-01
7.600490093231201172e+00 4.283879206845678939e-02
7.604320049285888672e+00 1.187450865232193148e-02
7.604800224304199219e+00 6.505975393119063643e-02
7.605669975280761719e+00 6.686940907171932957e-02
7.608530044555664062e+00 5.094553379486257971e-02
7.609039783477783203e+00 7.144032549896410511e-02
7.609479904174804688e+00 2.416908220404540009e-01
7.621310234069824219e+00 1.575443116050636791e-02
7.631179809570312500e+00 3.195335644747880621e-02
7.633190155029296875e+00 9.048394177011483130e-02
7.638269901275634766e+00 8.796101300511288343e-03
7.652919769287109375e+00 2.296564872205343957e-02
7.653600215911865234e+00 1.785558526886663611e-01
7.653880119323730469e+00 2.735127057938237585e-02
7.654019832611083984e+00 2.925242527919198407e-02
7.656809806823730469e+00 5.370596799688785034e-02
7.671599864959716797e+00 4.208457640984365061e-02
7.709499835968017578e+00 1.683662989695275669e-01
7.724120140075683594e+00 1.483267154586220479e-02
7.724589824676513672e+00 2.340478876963793253e-02
7.725319862365722656e+00 7.493363121041970998e-02
7.726769924163818359e+00 1.174006946145512292e-02
7.727000236511230469e+00 2.944543058010369585e-02
7.729119777679443359e+00 1.944834095510493410e-02
7.730420112609863281e+00 9.024649525511234394e-02
7.733749866485595703e+00 3.409305234006915902e-02
7.737460136413574219e+00 7.421301514425435175e-02
7.744279861450195312e+00 5.351591466927696494e-02
7.746469974517822266e+00 7.103929049064955370e-02
7.750889778137207031e+00 9.266865622102389566e-02
7.762559890747070312e+00 6.846042760913913228e-02
7.762989997863769531e+00 4.958523517345276438e-02
7.765530109405517578e+00 5.816749098428949938e-02
7.768789768218994141e+00 7.048977158842259505e-02
7.770870208740234375e+00 4.738698326513325620e-02
7.771009922027587891e+00 1.355484690872421627e-01
7.773680210113525391e+00 6.457280351454801337e-02
7.779479980468750000e+00 1.453437084070536844e-01
7.784190177917480469e+00 5.093377965532644436e-02
7.787779808044433594e+00 4.648198349354090014e-02
7.796269893646240234e+00 8.748015226934591215e-02
7.798920154571533203e+00 6.005081238067935118e-02
7.798950195312500000e+00 5.906291105657357488e-02
7.806719779968261719e+00 1.208544774314865983e-01
7.826489925384521484e+00 6.236937577907445546e-02
7.828259944915771484e+00 8.073688583548892239e-03
7.832789897918701172e+00 3.038478374442217245e-01
7.834799766540527344e+00 2.610160792794857243e-01
7.836390018463134766e+00 7.663384014945538725e-02
7.911449909210205078e+00 9.546137064030241204e-02
7.934669971466064453e+00 8.499141471813677351e-02
7.935100078582763672e+00 8.561566715097289337e-02
7.936100006103515625e+00 2.372045744726258149e-02
7.948349952697753906e+00 2.754957629118828799e-02
7.949999809265136719e+00 1.380578433482668455e-01
7.950459957122802734e+00 1.953568762738037146e-01
7.957749843597412109e+00 4.914331639490414350e-02
7.961430072784423828e+00 3.063875215566769922e-02
7.962790012359619141e+00 5.358158073028377461e-02
7.966720104217529297e+00 6.449901391498277792e-02
7.968140125274658203e+00 2.938931338788863257e-01
7.968500137329101562e+00 5.043446056780263864e-02
7.970270156860351562e+00 3.399001508171176772e-02
7.976240158081054688e+00 4.582702456708728084e-02
7.979760169982910156e+00 4.738273349610774843e-02
7.980659961700439453e+00 2.013464848955059394e-01
7.982339859008789062e+00 1.464440876665539307e-02
7.987669944763183594e+00 6.452704008795749624e-02
7.989049911499023438e+00 4.700268960003813751e-02
7.989449977874755859e+00 2.161093606788980215e-01
7.990190029144287109e+00 2.261477146272694305e-01
7.993669986724853516e+00 2.459675999343233221e-02
7.995160102844238281e+00 1.818020216066256953e-02
8.058400154113769531e+00 1.476511109521306542e-01
8.068819999694824219e+00 5.028690714993239164e-02
8.082420349121093750e+00 4.544582943812511266e-02
8.085359573364257812e+00 1.318461520596840852e-01
8.089610099792480469e+00 7.626656702052800330e-02
8.090900421142578125e+00 3.454364888513109522e-01
8.111189842224121094e+00 6.437912472295154176e-02
8.135169982910156250e+00 1.707391388862301157e-02
8.139220237731933594e+00 5.015415757363247268e-02
8.152310371398925781e+00 1.190713850661033607e-01
8.157750129699707031e+00 3.860875667389077753e-02
8.159720420837402344e+00 3.051907078872396206e-01
8.161549568176269531e+00 2.589695293462517325e-02
8.162429809570312500e+00 1.067604870156203117e-01
8.168080329895019531e+00 1.096968515506180075e-01
8.169980049133300781e+00 6.111034418439890287e-02
8.172519683837890625e+00 4.963323709551272639e-02
8.177820205688476562e+00 2.339746895096411206e-01
8.178730010986328125e+00 6.297150672581271202e-02
8.180190086364746094e+00 2.738659054190275763e-02
8.182660102844238281e+00 1.296325058138101186e-02
8.186530113220214844e+00 1.165477416509997366e-01
8.190670013427734375e+00 1.961509352356610725e-02
8.197640419006347656e+00 1.642401989575961452e-01
8.198760032653808594e+00 5.735760982039970340e-02
8.200449943542480469e+00 2.923176194428831615e-02
8.201510429382324219e+00 3.391607453337838057e-02
8.205639839172363281e+00 2.543872672502347707e-02
8.205860137939453125e+00 4.590075493038214133e-02
8.211919784545898438e+00 5.258478055707274668e-02
8.213210105895996094e+00 3.045384966297947846e-02
8.225589752197265625e+00 1.240134098927165723e-01
8.232600212097167969e+00 1.182602309519567158e-01
8.247790336608886719e+00 3.194135978474055976e-02
8.259429931640625000e+00 2.625223492398398584e-02
8.281009674072265625e+00 5.658572326673394493e-02
8.290710449218750000e+00 5.691603956039261586e-03
8.298390388488769531e+00 7.073478978538864925e-02
8.300580024719238281e+00 2.342886907400067859e-02
8.313420295715332031e+00 7.091491350148584893e-02
8.315079689025878906e+00 5.263987204913059270e-02
8.317560195922851562e+00 8.513021479865405527e-02
8.319800376892089844e+00 3.806879803188761846e-02
8.320190429687500000e+00 4.098030764796813108e-02
8.321339607238769531e+00 9.593628239008744618e-02
8.331830024719238281e+00 2.047017018339322009e-02
8.332340240478515625e+00 2.115636359367079750e-02
8.333089828491210938e+00 2.328319856629686713e-01
8.334139823913574219e+00 1.789499561418097240e-01
8.337269783020019531e+00 2.243224590102926158e-02
8.337510108947753906e+00 6.648033483630025331e-02
8.342820167541503906e+00 8.074690995513703062e-02
8.344759941101074219e+00 7.405881726242352636e-02
8.352640151977539062e+00 3.589155733773469192e-02
8.354060173034667969e+00 3.879791661556595411e-02
8.358090400695800781e+00 1.341794643375110174e-01
8.359769821166992188e+00 1.968893845248058036e-02
8.360340118408203125e+00 6.229449767483225681e-02
8.365429878234863281e+00 9.141755926150099687e-02
8.370120048522949219e+00 3.650162967411593046e-02
8.403240203857421875e+00 9.509957945372876642e-02
8.415749549865722656e+00 3.423891828161106932e-01
8.419750213623046875e+00 1.633809524617642617e-01
8.423250198364257812e+00 8.310865129805682094e-02
8.427289962768554688e+00 2.733855795357890139e-01
8.431019783020019531e+00 1.356707543024100737e-01
8.440340042114257812e+00 3.855161195548352515e-02
8.445509910583496094e+00 1.899380133538504101e-01
8.516810417175292969e+00 7.803595868540502689e-02
8.526089668273925781e+00 1.230005855652767030e-02
8.530810356140136719e+00 5.064103838247104028e-02
8.532250404357910156e+00 1.549542085946369330e-01
8.534520149230957031e+00 3.472674124408391128e-02
8.538109779357910156e+00 8.099589305796006666e-02
8.542039871215820312e+00 4.337736092135510702e-02
8.546899795532226562e+00 2.506427913702203442e-02
8.548910140991210938e+00 1.751434858944800679e-02
8.551130294799804688e+00 6.037717486611352685e-02
8.552339553833007812e+00 5.097981924464901199e-02
8.554840087890625000e+00 7.486656969172475473e-02
8.555279731750488281e+00 1.230702806048098591e-01
8.556460380554199219e+00 1.416427129437615104e-02
8.559140205383300781e+00 7.462007536028976429e-02
8.562159538269042969e+00 8.269479994262546318e-02
8.565230369567871094e+00 4.211736014579208626e-02
8.566840171813964844e+00 4.825401300458286719e-02
8.575300216674804688e+00 4.776838691100299128e-02
8.578599929809570312e+00 8.915738239558156086e-02
8.578860282897949219e+00 1.300278697970940756e-01
8.579460144042968750e+00 2.429124864346215301e-02
8.579480171203613281e+00 8.693783489679418608e-02
8.582260131835937500e+00 6.327275907311766256e-02
8.674779891967773438e+00 1.117201615907498363e-01
8.681889533996582031e+00 8.537768825506883430e-02
8.684700012207031250e+00 3.081598949091731571e-02
8.698909759521484375e+00 1.171159716000433337e-01
8.710780143737792969e+00 6.464505226504900504e-02
8.717430114746093750e+00 2.045426046968765871e-02
8.721670150756835938e+00 9.036541917013327097e-02
8.722419738769531250e+00 4.004407694252897637e-02
8.748689651489257812e+00 3.451533813254612504e-01
8.753149986267089844e+00 5.536883763295802341e-02
8.759269714355468750e+00 6.543522813697394414e-02
8.761400222778320312e+00 1.678374575950109526e-01
8.764349937438964844e+00 1.476448724218198394e-01
8.767689704895019531e+00 3.692031641037794853e-02
8.770190238952636719e+00 1.816409424758900007e-02
8.773010253906250000e+00 2.295545863366642292e-02
8.774120330810546875e+00 2.502509327583083559e-02
8.774519920349121094e+00 9.242427399751815265e-02
8.777549743652343750e+00 1.986146394682325803e-02
8.777950286865234375e+00 9.249411835018077344e-02
8.780420303344726562e+00 1.295902159406793486e-02
8.782210350036621094e+00 9.495491648721166023e-02
8.785240173339843750e+00 5.768021910838214833e-02
8.787139892578125000e+00 6.810781986533688548e-02
8.788439750671386719e+00 4.830601856303767816e-02
8.794599533081054688e+00 3.173695645836217827e-02
8.798049926757812500e+00 2.709135941416753596e-02
8.799929618835449219e+00 3.084838889270692663e-02
8.808910369873046875e+00 1.251508379872399990e-01
8.811109542846679688e+00 2.270548624713224217e-02
8.812840461730957031e+00 5.843008396509164620e-02
8.820329666137695312e+00 4.128833411952474719e-02
8.828960418701171875e+00 3.941086316886523166e-02
8.837510108947753906e+00 1.138395639951342853e-01
8.865739822387695312e+00 1.302081684217828161e-01
8.868000030517578125e+00 8.101432072516617788e-02
8.868089675903320312e+00 1.019794844614036605e-01
8.895389556884765625e+00 4.135150635859475426e-02
8.901329994201660156e+00 2.272786645884513831e-02
8.913330078125000000e+00 4.124780340343837948e-02
8.915699958801269531e+00 4.567192650824192929e-02
8.918339729309082031e+00 5.680217787493327397e-02
8.918720245361328125e+00 3.902122293217857862e-02
8.921010017395019531e+00 2.285316590959784316e-02
8.924650192260742188e+00 7.263505874794004558e-02
8.924819946289062500e+00 3.628479019707861464e-02
8.924819946289062500e+00 1.797642153870241954e-01
8.925999641418457031e+00 2.708454188765150455e-02
8.929780006408691406e+00 4.197462582400251357e-02
8.930729866027832031e+00 8.148465331206299067e-02
8.937939643859863281e+00 5.050561342386145763e-02
8.938400268554687500e+00 6.597402979197533601e-02
8.947899818420410156e+00 3.739770240689426622e-02
8.952919960021972656e+00 2.483687419881148994e-02
8.954350471496582031e+00 1.282396186881660238e-01
8.955699920654296875e+00 2.265413645233042839e-01
8.957469940185546875e+00 3.627828990640814127e-02
8.958169937133789062e+00 5.517806257267979936e-02
8.960880279541015625e+00 8.235961717286453820e-02
8.979319572448730469e+00 6.517005337576742274e-02
8.980389595031738281e+00 6.891772410351443279e-02
8.980409622192382812e+00 1.058683925134136505e-01
8.988240242004394531e+00 2.269645527753932912e-02
9.001759529113769531e+00 1.452662788089218449e-01
9.010290145874023438e+00 7.706425226578050847e-02
9.011269569396972656e+00 1.308423243982361484e-01
9.013600349426269531e+00 4.298787687205982144e-02
9.067469596862792969e+00 3.265216680264184101e-01
9.078310012817382812e+00 5.070141693879654660e-02
9.089920043945312500e+00 5.904832985772701798e-02
9.123499870300292969e+00 3.890143142865543080e-02
9.132439613342285156e+00 4.360376598433945289e-02
9.137880325317382812e+00 3.240569224665368342e-02
9.140020370483398438e+00 1.658400139731544543e-02
9.145620346069335938e+00 1.582199553285940433e-02
9.145709991455078125e+00 1.006933205484897113e-02
9.145979881286621094e+00 4.944759735166713577e-02
9.146400451660156250e+00 1.481520641489368073e-01
9.147470474243164062e+00 5.265648403023250046e-02
9.152079582214355469e+00 4.345134976251251169e-02
9.153100013732910156e+00 8.822823341888591520e-02
9.157899856567382812e+00 4.114824773512673617e-01
9.161820411682128906e+00 1.109593315694557963e-01
9.164259910583496094e+00 2.520098960866847815e-01
9.164500236511230469e+00 1.076130070708842812e-01
9.164919853210449219e+00 3.079497572411419304e-01
9.169030189514160156e+00 3.735296124239211729e-02
9.181070327758789062e+00 8.179422197074384671e-02
9.182860374450683594e+00 7.669360541668789055e-02
9.187100410461425781e+00 3.816948436764854707e-02
9.196789741516113281e+00 3.732575492311381721e-02
9.203419685363769531e+00 1.325855425576968616e-01
9.242959976196289062e+00 1.760095447698888649e-01
9.267519950866699219e+00 4.553706636080372822e-02
9.272319793701171875e+00 3.239778901812398471e-01
9.275369644165039062e+00 3.750325028268909622e-02
9.285209655761718750e+00 6.041306022126199937e-02
9.287110328674316406e+00 1.216992002160333375e-01
9.289629936218261719e+00 5.046631346668344065e-02
9.307080268859863281e+00 7.070126267582053925e-02
9.321209907531738281e+00 2.002880591199593385e-01
9.325599670410156250e+00 1.496950774644000282e-01
9.335579872131347656e+00 3.031282367793830881e-02
9.345600128173828125e+00 2.025504031714083289e-02
9.346819877624511719e+00 2.678909563840188579e-02
9.355500221252441406e+00 1.231481286044498746e-01
9.357049942016601562e+00 9.461438506872009435e-02
9.358949661254882812e+00 2.861831961230237170e-02
9.362560272216796875e+00 7.615916788301659024e-02
9.364919662475585938e+00 3.014449725669049798e-02
9.369130134582519531e+00 2.175953157299297391e-01
9.369330406188964844e+00 2.504161864163659962e-02
9.375109672546386719e+00 1.170770660990902573e-01
9.376299858093261719e+00 3.659559642306149663e-02
9.378160476684570312e+00 3.638048544857339778e-02
9.378419876098632812e+00 7.737237229710489106e-02
9.379340171813964844e+00 7.013294716526710659e-02
9.383509635925292969e+00 4.990498101404331616e-02
9.388259887695312500e+00 3.803800335149301604e-02
9.389869689941406250e+00 2.994623509059038402e-01
9.402409553527832031e+00 8.154007054143666555e-02
9.404370307922363281e+00 2.616799251481316535e-02
9.420550346374511719e+00 6.044437200650994851e-02
9.428540229797363281e+00 3.397530697797766785e-02
9.437120437622070312e+00 2.896959350368011332e-02
9.439869880676269531e+00 4.543617984077033545e-02
9.448229789733886719e+00 6.675948114639025655e-02
9.450039863586425781e+00 6.094035930342137086e-02
9.463040351867675781e+00 9.672577683475938604e-02
9.464670181274414062e+00 5.724005932514758532e-02
9.476329803466796875e+00 6.443332298649044262e-03
9.479539871215820312e+00 6.719864008740716876e-02
9.484939575195312500e+00 8.589052577364457430e-02
9.485360145568847656e+00 6.946334081330775290e-02
9.497590065002441406e+00 2.569712737549511086e-02
9.501390457153320312e+00 9.075449200147663043e-02
9.515480041503906250e+00 1.958909840178596207e-01
9.517290115356445312e+00 2.208847154089001175e-01
9.518980026245117188e+00 2.540851020623425757e-02
9.521229743957519531e+00 3.619991548663297615e-02
9.522560119628906250e+00 8.332941736354554374e-02
9.526889801025390625e+00 5.891177416039112408e-02
9.527629852294921875e+00 7.384600460652127052e-02
9.532919883728027344e+00 4.798157524644176136e-02
9.535730361938476562e+00 1.641165895881917247e-01
9.544269561767578125e+00 3.025185292210545995e-01
9.547840118408203125e+00 3.280040992235942476e-01
9.554880142211914062e+00 1.268440946683288273e-01
9.564040184020996094e+00 2.460963486534141209e-01
9.564359664916992188e+00 1.302969852204290679e-01
9.568530082702636719e+00 9.822489265117817503e-02
9.579629898071289062e+00 1.122131547717894473e-01
9.581819534301757812e+00 2.976533416202768734e-02
9.592829704284667969e+00 9.662757364410970440e-02
9.602709770202636719e+00 2.323736388089021332e-01
9.605919837951660156e+00 9.440650918323856278e-02
9.615940093994140625e+00 2.123197386693922439e-01
9.616069793701171875e+00 4.572580081682253716e-02
9.618490219116210938e+00 8.544707623797362372e-02
9.653289794921875000e+00 1.283070362662366570e-01
9.674480438232421875e+00 7.460460616775339837e-02
9.692540168762207031e+00 3.293051956104020572e-02
9.697130203247070312e+00 9.147914660942432774e-02
9.703390121459960938e+00 6.398749281439500280e-02
9.705129623413085938e+00 2.272417217072626450e-01
9.715789794921875000e+00 7.061109398773977863e-02
9.716879844665527344e+00 3.511548922107536608e-02
9.719440460205078125e+00 2.382932515478716762e-01
9.728919982910156250e+00 7.090924571338538818e-02
9.728980064392089844e+00 5.475059043430292594e-01
9.734729766845703125e+00 3.659917476162961175e-02
9.736760139465332031e+00 1.493850719213257738e-01
9.738909721374511719e+00 1.482364106545300819e-01
9.739680290222167969e+00 5.611339242368021396e-02
9.747710227966308594e+00 1.636301018554548459e-01
9.755439758300781250e+00 4.730668601203597001e-01
9.755900382995605469e+00 6.478437218428804989e-02
9.757390022277832031e+00 8.815332536179931733e-02
9.767809867858886719e+00 5.898704000986597640e-01
9.769390106201171875e+00 1.124389974767203565e-01
9.771909713745117188e+00 3.360061510025084686e-01
9.774660110473632812e+00 7.577384914070024735e-02
9.777379989624023438e+00 8.832085779922690949e-02
9.780460357666015625e+00 5.474331205144878504e-02
9.794839859008789062e+00 1.104585477513281982e-01
9.826270103454589844e+00 1.023689255323728675e+00
9.844799995422363281e+00 4.237153448725640703e-01
9.850199699401855469e+00 4.289878532531971600e-01
9.857219696044921875e+00 3.345553153402019975e-01
9.868599891662597656e+00 1.197065911728587145e-01
9.868800163269042969e+00 1.873753344755006156e-01
9.886110305786132812e+00 5.666536256382573300e-02
9.894109725952148438e+00 1.396694744078616157e+00
9.895219802856445312e+00 4.273266181872484304e-01
9.911640167236328125e+00 1.368280611874325703e-01
9.915019989013671875e+00 1.465603860232158606e+00
9.918549537658691406e+00 1.395270610214702334e+00
9.929619789123535156e+00 8.178897383168098889e-02
9.933340072631835938e+00 5.953084838874515838e-02
9.933870315551757812e+00 8.918496261003641123e-01
9.939339637756347656e+00 6.366487196841440210e-02
9.940899848937988281e+00 1.122131614637582597e+00
9.942029953002929688e+00 1.244982592426677193e-01
9.946660041809082031e+00 1.254853468764138280e-01
9.955200195312500000e+00 1.530485063810494428e-01
9.960969924926757812e+00 1.742890428255736146e-01
9.963930130004882812e+00 3.847007324311990106e-01
9.971940040588378906e+00 4.246011597065315057e-01
9.977270126342773438e+00 4.011256469267345248e-01
9.981260299682617188e+00 9.857582755767893556e-02
9.983420372009277344e+00 4.503748869079435835e-01
9.983909606933593750e+00 1.567423882966481052e-01
9.985969543457031250e+00 5.001547038573255222e-01
9.991720199584960938e+00 8.914994880226889684e-01
1.000790023803710938e+01 5.930447869098982583e-01
1.001990032196044922e+01 1.038602314784610625e+00
1.002019977569580078e+01 9.079517137561715634e-01
1.002099990844726562e+01 9.093924970547841991e-01
1.002939987182617188e+01 5.615181514464218093e-01
1.003299999237060547e+01 8.807730609436006386e-01
1.003349971771240234e+01 6.152728266093094867e-01
1.003359985351562500e+01 2.850497380097973821e-01
1.003450012207031250e+01 1.554593434566812871e+00
1.003899955749511719e+01 5.039751150664810719e-01
1.005109977722167969e+01 7.907093073537710404e-02
1.005239963531494141e+01 6.489929762227447663e-01
1.005249977111816406e+01 1.897593077521450844e-01
1.005830001831054688e+01 5.616283952006140279e-01
1.006019973754882812e+01 4.675979557052982738e-01
1.006229972839355469e+01 1.852338425106732356e-01
1.006330013275146484e+01 1.077135901216173863e+00
1.007419967651367188e+01 5.433433362353328189e-01
1.007460021972656250e+01 8.783782772858741983e-02
1.008069992065429688e+01 1.383949346034543337e+00
1.009819984436035156e+01 5.880950448611161896e-01
1.010739994049072266e+01 5.765231250281544623e-02
1.010879993438720703e+01 1.675693092675852036e-01
1.011380004882812500e+01 5.206939628671706233e-01
1.012139987945556641e+01 6.439126744441707739e-01
1.012220001220703125e+01 7.648610675804825565e-01
1.012220001220703125e+01 2.878336706864219330e-02
1.013039970397949219e+01 1.279305584666542983e-01
1.014509963989257812e+01 4.415097446577646023e-01
1.014750003814697266e+01 2.717989441867264128e-02
1.015970039367675781e+01 3.576133788303668959e-02
1.021870040893554688e+01 5.334134103382587029e-05
1.023919963836669922e+01 3.787387667026852200e-02
1.024320030212402344e+01 1.564256892978979976e-02
1.024940013885498047e+01 3.391347600843833414e-04
1.026860046386718750e+01 5.376306895205144876e-02
1.032040023803710938e+01 1.526256400096582394e-02
1.034560012817382812e+01 8.318165197434236255e-03
1.148610019683837891e+01 2.772511271942612598e-02
1.149050045013427734e+01 2.957572323910243606e-01
1.151299953460693359e+01 1.507282686313898270e-03
1.152779960632324219e+01 4.261281241294577748e-01
1.154669952392578125e+01 1.534135330325250499e-02
1.156840038299560547e+01 2.976927350506240050e-02
1.157240009307861328e+01 5.887496145139362036e-02
1.157810020446777344e+01 3.209950088262312866e-03
1.161040019989013672e+01 5.490369363036939898e-02
1.161219978332519531e+01 4.608123976671990030e-01
1.161680030822753906e+01 1.443454631361149598e-01
1.162209987640380859e+01 3.461121381412319842e-01
1.162370014190673828e+01 1.876418434951490632e-01
1.162749958038330078e+01 2.919505195020800081e-01
1.162899971008300781e+01 7.446379952320113516e-01
1.164179992675781250e+01 4.643861171129442522e-01
1.164340019226074219e+01 8.335846758059370920e-01
1.165880012512207031e+01 4.375760707364265700e-01
1.166100025177001953e+01 1.155093169700714295e+00
1.166769981384277344e+01 2.034415267234855051e-01
1.166810035705566406e+01 9.374086243798952500e-01
