3.379999892786145210e-03 6.873848978230603923e-02
8.386540226638317108e-03 1.544096847794314276e-01
9.065040387213230133e-03 8.229789649990612022e-01
3.799770027399063110e-02 3.670030077208342179e-01
3.898359835147857666e-02 4.734998125520901990e-02
4.709300026297569275e-02 4.627964030220668712e-01
5.444129928946495056e-02 1.621073262795547920e-01
5.594139918684959412e-02 6.561799633788157893e-01
7.493010163307189941e-02 2.650308354252273735e-01
7.566150277853012085e-02 8.328922587062222993e-01
7.992509752511978149e-02 4.209104735672385966e-01
8.331579715013504028e-02 4.710573782436959789e-01
8.416090160608291626e-02 2.731902092268328336e-02
9.506750106811523438e-02 3.120523742211140372e-01
1.016530022025108337e-01 2.031438529692569939e-01
1.118939965963363647e-01 2.590764547265910767e-01
1.125319972634315491e-01 6.943602255996157435e-01
1.134120002388954163e-01 8.359418871880288648e-01
1.143790036439895630e-01 3.423362038493455994e-01
1.286769956350326538e-01 2.906124947646948065e-01
1.290829926729202271e-01 2.790256932592451444e-01
1.374370008707046509e-01 7.613666664074612012e-01
1.502719968557357788e-01 1.132779787083859180e+00
1.525270044803619385e-01 2.641429588278142448e-01
1.527909934520721436e-01 4.951266823729288946e-01
1.853680014610290527e-01 5.709220083837394100e-01
1.928219944238662720e-01 7.272736768314201627e-02
2.203609943389892578e-01 1.089630995302686145e+00
2.271369993686676025e-01 5.965013034692707300e-02
2.508339881896972656e-01 1.836569496950276881e-01
2.545920014381408691e-01 2.100193850052970712e-01
2.574999928474426270e-01 1.637890273920827866e-02
2.731400132179260254e-01 5.633209899972278084e-02
2.940999865531921387e-01 4.080064293748528748e-01
2.942470014095306396e-01 1.522244788996749421e-01
2.966580092906951904e-01 1.431701405893840567e-02
2.999640107154846191e-01 2.092099905253221384e-02
3.049170076847076416e-01 6.795067215440631081e-02
3.053810000419616699e-01 3.049299345580582798e-01
3.094319999217987061e-01 1.122151267049470158e-01
3.165229856967926025e-01 4.390807828704128002e-01
3.174729943275451660e-01 5.716080609577905980e-01
3.183659911155700684e-01 2.391636736327796553e-01
3.185530006885528564e-01 5.333071763871962689e-01
3.191289901733398438e-01 3.792355917225109785e-02
3.242740035057067871e-01 5.890335616707883526e-01
3.334429860115051270e-01 1.479044210689510197e-01
3.337599933147430420e-01 1.486220567230684686e-01
3.416050076484680176e-01 6.146874555069193474e-02
3.481959998607635498e-01 1.839295768951760834e-01
3.511629998683929443e-01 1.404161386833709980e-02
3.527779877185821533e-01 1.209356480331876815e-01
3.547590076923370361e-01 1.553264002018260592e-01
3.554359972476959229e-01 3.399821026379540312e-02
3.649950027465820312e-01 7.640272394656218158e-02
3.790589869022369385e-01 8.615546260497569664e-02
3.830550014972686768e-01 1.996079393088929510e-01
3.973509967327117920e-01 1.142753282686561178e+00
4.104110002517700195e-01 3.051778058824570206e-01
4.144090116024017334e-01 3.398426445778200689e-02
4.229449927806854248e-01 1.199677475294486373e-01
4.252389967441558838e-01 1.989813611059755849e-01
4.423249959945678711e-01 7.866236081599203844e-02
4.437850117683410645e-01 1.050415601564115148e-01
4.515829980373382568e-01 8.800121551702663747e-02
4.528659880161285400e-01 2.054935807241194123e-02
4.546869993209838867e-01 1.750987733522205991e-01
4.634250104427337646e-01 1.036930166741340253e-01
4.641390144824981689e-01 1.417649785925128580e-01
4.684399962425231934e-01 1.778286189111659976e-01
4.690409898757934570e-01 5.736511808012277613e-02
4.692539870738983154e-01 3.915247845105807034e-01
4.709680080413818359e-01 1.665552603415203226e-01
4.817250072956085205e-01 4.001362443555919052e-02
4.828349947929382324e-01 4.579528902125381412e-02
4.848189949989318848e-01 1.435220919333362877e-01
4.854420125484466553e-01 1.820551863753589572e+00
4.854939877986907959e-01 1.449126380775787870e-01
4.871009886264801025e-01 7.685123484192339649e-02
4.872190058231353760e-01 1.003617691891758312e-01
4.876410067081451416e-01 6.044939572595006139e-01
4.928199946880340576e-01 4.554514798096153533e-02
4.931780099868774414e-01 9.012210370606935084e-02
5.038040280342102051e-01 1.215534832425039374e-02
5.342350006103515625e-01 1.471538297710576863e-02
5.443660020828247070e-01 2.009129126154592659e-01
5.573999881744384766e-01 3.152894223285118702e-01
5.595170259475708008e-01 4.615696089417727771e-02
5.665510296821594238e-01 1.184982249796978637e-01
5.845540165901184082e-01 2.017766408129925693e-01
5.904669761657714844e-01 1.839780644861612746e-01
6.401230096817016602e-01 3.553182533403415749e-02
6.520580053329467773e-01 1.109297821974121606e-01
6.595519781112670898e-01 1.625515660452651057e-01
6.602540016174316406e-01 8.920831003853671448e-02
6.648690104484558105e-01 7.909375742403706999e-02
6.658160090446472168e-01 8.118309837491213821e-02
6.664829850196838379e-01 2.542441227300097639e-02
6.723700165748596191e-01 5.734509342949423855e-02
6.750500202178955078e-01 6.771348302448559897e-02
6.778150200843811035e-01 7.958543348395027972e-02
6.783120036125183105e-01 2.414572936832514449e-01
6.790270209312438965e-01 5.652545688035145455e-01
6.796010136604309082e-01 1.910210038576360958e-01
6.797419786453247070e-01 6.269198459981831228e-02
6.811910271644592285e-01 5.476788412035421549e-02
6.827009916305541992e-01 3.372046168691116841e-01
6.827750205993652344e-01 8.061967901644512269e-02
6.876929998397827148e-01 9.200699403876888560e-02
6.921849846839904785e-01 9.125847258202225698e-02
6.936230063438415527e-01 1.819263425274098844e-01
6.972399950027465820e-01 3.003404788416589796e-02
7.041479945182800293e-01 4.290622380070548136e-02
7.062789797782897949e-01 4.269358898504070632e-02
7.378950119018554688e-01 1.714534241357703881e-01
7.843750119209289551e-01 1.601445488939369222e-01
8.013659715652465820e-01 1.346815697229696851e-01
8.227859735488891602e-01 2.228811311718918442e-01
8.280670046806335449e-01 1.288922966659666880e-01
8.431339859962463379e-01 1.119880052496212142e-01
8.491240143775939941e-01 7.540374699122634472e-02
8.503209948539733887e-01 5.169134292517517382e-02
8.574140071868896484e-01 3.947680224831002366e-02
8.642219901084899902e-01 7.891834921596435626e-02
8.682379722595214844e-01 1.240190666069925229e-01
8.683850169181823730e-01 1.677133747040361056e-01
8.738099932670593262e-01 6.623124354994065766e-02
8.792740106582641602e-01 2.227632278692454060e-02
8.825479745864868164e-01 4.271294417833269852e-02
8.839489817619323730e-01 2.216671810576402359e-03
8.875589966773986816e-01 4.640787773502183522e-02
8.885570168495178223e-01 1.023719257379428621e-01
8.930770158767700195e-01 9.863404666002383026e-02
8.941360116004943848e-01 3.004381092959645255e-02
9.080470204353332520e-01 7.542356775723239870e-02
9.097700119018554688e-01 1.476717780702914602e-02
9.104359745979309082e-01 8.064589270624034079e-03
9.146019816398620605e-01 2.619388788029028414e-02
9.161790013313293457e-01 4.920019338019206157e-02
9.179059863090515137e-01 7.030816442311683956e-02
9.180480241775512695e-01 5.285766469736567774e-02
9.200419783592224121e-01 8.314058746838418057e-02
9.253739714622497559e-01 4.823488943321951189e-02
9.341949820518493652e-01 1.454554995707278871e-02
9.374759793281555176e-01 4.885335766866310409e-02
9.423890113830566406e-01 9.725345980432821558e-02
9.776179790496826172e-01 3.555404709957463161e-02
9.821400046348571777e-01 3.330400680961054238e-02
1.000079989433288574e+00 2.627717760054269769e-02
1.002859950065612793e+00 3.505244425590946927e-02
1.004830002784729004e+00 5.428209856027169794e-02
1.020079970359802246e+00 2.685393049954536149e-02
1.020169973373413086e+00 2.645379762402185961e-02
1.024119973182678223e+00 6.595012186292652234e-02
1.026160001754760742e+00 2.401860678755923795e-02
1.035429954528808594e+00 3.986328252254606186e-02
1.035699963569641113e+00 7.910764409463773295e-02
1.052950024604797363e+00 4.591468089657573665e-02
1.053329944610595703e+00 9.486484019671819617e-03
1.057129979133605957e+00 2.303977411970546674e-02
1.057729959487915039e+00 5.147300550773999117e-02
1.058040022850036621e+00 6.027507799802103022e-02
1.061079978942871094e+00 3.099295702012478532e-02
1.064800024032592773e+00 4.633186478752891052e-02
1.070709943771362305e+00 4.147427150992901573e-02
1.074319958686828613e+00 3.351281243547854505e-02
1.077649950981140137e+00 1.614780718202685206e-01
1.081920027732849121e+00 4.304489209076647893e-02
1.082780003547668457e+00 3.550355866330071608e-01
1.089499950408935547e+00 1.085662131042114398e-01
1.093029975891113281e+00 3.866549200757164045e-02
1.098080039024353027e+00 1.313898632572494951e-01
1.100239992141723633e+00 7.171083022319936495e-02
1.103250026702880859e+00 3.388191851330562415e-02
1.124799966812133789e+00 6.295601540489990933e-02
1.139430046081542969e+00 9.101020215603336516e-02
1.142660021781921387e+00 9.962222814665434856e-02
1.148720026016235352e+00 6.376986405416035231e-02
1.158699989318847656e+00 6.918235373110091790e-02
1.159749984741210938e+00 5.518277460896646447e-02
1.165930032730102539e+00 8.482746960807134584e-02
1.168329954147338867e+00 1.146496760169301576e-01
1.174450039863586426e+00 1.154157123337604535e-01
1.239300012588500977e+00 4.590493703822468019e-01
1.253769993782043457e+00 7.502507721525346340e-02
1.254529953002929688e+00 3.954793538353849891e-02
1.264310002326965332e+00 4.338734175997127629e-02
1.266759991645812988e+00 3.140883950499583771e-02
1.269000053405761719e+00 7.002141458006741481e-02
1.269729971885681152e+00 1.189105837966532575e-01
1.271819949150085449e+00 8.842715096260653218e-02
1.271939992904663086e+00 4.971664939429985830e-02
1.274729967117309570e+00 7.881844210520030924e-02
1.277600049972534180e+00 1.600460076806915766e-01
1.278779983520507812e+00 5.283877222295976783e-02
1.282330036163330078e+00 1.030434302521565926e-01
1.284409999847412109e+00 9.356467365167592254e-02
1.286499977111816406e+00 2.971350130686340948e-02
1.289630055427551270e+00 4.244563315135313486e-02
1.290750026702880859e+00 1.272394713548146983e-01
1.297170042991638184e+00 2.886775982451488254e-01
1.306229948997497559e+00 1.675560492971609958e-02
1.313279986381530762e+00 8.695427353415519089e-02
1.322199940681457520e+00 4.600776544116742806e-02
1.323770046234130859e+00 7.408914863038044973e-02
1.327229976654052734e+00 1.721116666448123944e-01
1.330129981040954590e+00 7.432851445550398006e-02
1.394039988517761230e+00 6.024250306182843406e-02
1.410339951515197754e+00 2.548758178005866917e-02
1.426049947738647461e+00 1.211221292790226056e-01
1.434759974479675293e+00 1.565529360273246462e-01
1.439779996871948242e+00 2.442733566720722838e-02
1.443510055541992188e+00 6.755241113848989287e-02
1.444679975509643555e+00 2.547230305901105885e-01
1.455809950828552246e+00 5.351383882236506601e-02
1.457479953765869141e+00 2.107464350327928615e-01
1.475080013275146484e+00 1.749563167450230716e-01
1.478350043296813965e+00 2.162550111376424222e-01
1.482130050659179688e+00 4.761137800021018884e-02
1.484959959983825684e+00 1.367902048154678307e-01
1.490069985389709473e+00 8.553841469748933724e-02
1.495900034904479980e+00 1.400135851547776311e-01
1.496719956398010254e+00 9.878185453458006304e-02
1.497110009193420410e+00 5.047457578286831253e-02
1.497269988059997559e+00 6.989810492815588805e-02
1.499439954757690430e+00 4.191993383879995261e-02
1.501680016517639160e+00 2.066161874766615086e-02
1.512869954109191895e+00 1.747075689296079259e-02
1.514850020408630371e+00 1.584326398776534500e-02
1.514909982681274414e+00 5.993279323465882519e-02
1.515990018844604492e+00 2.281380726397948255e-02
1.517140030860900879e+00 9.680149418476736989e-02
1.517410039901733398e+00 4.185730348045323124e-02
1.526360034942626953e+00 7.882630632621726030e-02
1.527879953384399414e+00 1.432046156751821432e-02
1.546030044555664062e+00 5.648671744171284564e-02
1.549790024757385254e+00 1.096520375406328102e-01
1.551429986953735352e+00 2.294839876418912350e-02
1.563480019569396973e+00 2.093288886535722704e-01
1.573690056800842285e+00 6.092496642266985452e-02
1.603350043296813965e+00 6.823177809656987003e-02
1.607689976692199707e+00 6.847081035863741838e-02
1.618309974670410156e+00 6.465416264801951418e-02
1.619250059127807617e+00 1.575031985475006113e-02
1.628069996833801270e+00 4.999523251239782612e-02
1.640859961509704590e+00 5.444637012325861253e-02
1.643769979476928711e+00 1.144164554232248235e-02
1.645529985427856445e+00 5.560220478239047415e-02
1.651450037956237793e+00 1.054201158977970815e-01
1.657029986381530762e+00 5.801646481989567589e-02
1.658689975738525391e+00 2.358723501231173997e-02
1.663110017776489258e+00 2.982622270864521141e-01
1.666270017623901367e+00 3.145510534106973344e-01
1.667610049247741699e+00 6.088041166260392545e-02
1.668630003929138184e+00 1.461849656332209757e-01
1.668650031089782715e+00 1.706557366184852792e-02
1.669420003890991211e+00 3.213769044267961172e-02
1.671810030937194824e+00 1.443586390212223958e-01
1.679280042648315430e+00 9.502870527726742234e-02
1.679380059242248535e+00 1.164945015915046234e-01
1.682800054550170898e+00 7.041196227950727304e-02
1.683869957923889160e+00 9.170976713559772509e-02
1.685150027275085449e+00 1.314828938106727407e-01
1.685559988021850586e+00 1.510402911412040382e-02
1.694090008735656738e+00 6.662216388778749443e-02
1.697880029678344727e+00 1.669515067102263911e-02
1.708189964294433594e+00 3.550325858389892231e-01
1.715540051460266113e+00 1.309860926441759436e-02
1.734439969062805176e+00 6.427096314538821575e-02
1.738870024681091309e+00 2.475294311432607239e-02
1.741490006446838379e+00 1.347180833803807848e-02
1.751549959182739258e+00 2.952891752892988220e-01
1.757750034332275391e+00 1.016949705360466749e-01
1.773959994316101074e+00 2.663830310455067019e-01
1.798930048942565918e+00 2.747529494757797730e-01
1.849140048027038574e+00 5.190036384029504679e-02
1.850430011749267578e+00 5.697619124539485269e-02
1.858469963073730469e+00 1.899660368545409983e-01
1.863199949264526367e+00 4.227604920719366111e-02
1.863700032234191895e+00 5.270076965945127284e-02
1.865419983863830566e+00 8.566969958389938911e-02
1.877189993858337402e+00 1.706343082237507525e-02
1.878700017929077148e+00 5.445673820835937595e-02
1.879080057144165039e+00 2.160186331389163383e-02
1.880759954452514648e+00 1.730519120712676329e-01
1.881109952926635742e+00 2.592645584206002343e-02
1.882120013236999512e+00 8.023268005973314965e-02
1.898689985275268555e+00 1.154061944582099042e-01
1.902040004730224609e+00 3.686734675007031364e-02
1.902369976043701172e+00 1.708129303131147511e-02
1.903059959411621094e+00 3.793529835864981048e-01
1.904309988021850586e+00 5.916779169755102818e-02
1.906469941139221191e+00 1.285206275698418388e-01
1.909800052642822266e+00 2.537919963979488602e-01
1.910680055618286133e+00 8.268283037349695441e-02
1.916090011596679688e+00 5.341039124165226915e-02
1.921390056610107422e+00 7.142776532930943112e-02
1.929909944534301758e+00 1.050413662889262273e-01
1.946650028228759766e+00 7.185626254706142801e-02
1.963500022888183594e+00 8.057724391245457696e-02
1.995650053024291992e+00 5.788352559973636985e-02
2.013710021972656250e+00 2.644845015050283910e-01
2.014919996261596680e+00 9.880000890063736496e-02
2.019850015640258789e+00 1.734922954625534378e-02
2.062000036239624023e+00 3.370190077958912928e-02
2.063290119171142578e+00 2.808577089019250253e-02
2.068099975585937500e+00 5.279391942569412743e-02
2.076590061187744141e+00 8.361567156311321136e-02
2.078190088272094727e+00 5.544228809287097409e-02
2.080929994583129883e+00 9.458294892098152717e-02
2.081350088119506836e+00 8.517918377861113943e-02
2.083319902420043945e+00 1.013438506426418972e-01
2.089319944381713867e+00 4.763538955862036545e-02
2.093149900436401367e+00 4.957447835651932616e-02
2.093580007553100586e+00 1.797163687167841958e-02
2.096940040588378906e+00 1.419681612441554830e-01
2.097330093383789062e+00 4.895737000201745570e-02
2.105070114135742188e+00 1.517724752767864171e-01
2.105639934539794922e+00 6.136141707935723055e-02
2.110100030899047852e+00 4.171031077551654725e-02
2.111920118331909180e+00 7.239947997105380950e-02
2.114069938659667969e+00 3.700975067769216725e-02
2.117559909820556641e+00 8.040864291781546491e-02
2.128669977188110352e+00 2.874072585712068167e-02
2.134040117263793945e+00 9.683296812314379221e-02
2.136399984359741211e+00 1.031762285724400485e-01
2.138629913330078125e+00 4.772823032989821357e-01
2.139960050582885742e+00 1.077826198883341940e-01
2.140840053558349609e+00 3.341144938334762032e-02
2.149660110473632812e+00 4.312604938818921652e-02
2.149990081787109375e+00 2.018090661278813466e-02
2.154599905014038086e+00 6.742084774475336217e-02
2.166729927062988281e+00 6.773373180627811907e-02
2.197360038757324219e+00 8.153626005240761920e-02
2.221430063247680664e+00 3.974795473013525982e-02
2.229470014572143555e+00 5.132619398026001117e-02
2.234859943389892578e+00 4.815853829022671145e-02
2.240639925003051758e+00 2.820643646908861657e-02
2.247629880905151367e+00 3.327522791834137961e-02
2.248470067977905273e+00 6.206318732668361648e-02
2.251359939575195312e+00 1.242508620336918272e-02
2.251739978790283203e+00 2.237669947114990024e-02
2.252830028533935547e+00 4.424762639060262487e-02
2.255140066146850586e+00 1.451329447852259813e-01
2.256680011749267578e+00 8.644608111863438804e-02
2.257430076599121094e+00 1.072028584260388412e-01
2.257920026779174805e+00 3.022387733527396106e-02
2.258349895477294922e+00 3.552193557781949118e-02
2.258389949798583984e+00 3.904031300353505429e-02
2.262150049209594727e+00 4.427324415854328593e-02
2.263819932937622070e+00 3.207643166199390661e-02
2.266969919204711914e+00 4.321224447340715757e-02
2.267329931259155273e+00 5.366000967391172660e-02
2.270230054855346680e+00 1.886667938956683443e-02
2.273940086364746094e+00 6.909956021780044866e-02
2.275729894638061523e+00 1.204675769896443177e-01
2.279330015182495117e+00 1.186773022262959526e-01
2.282160043716430664e+00 5.357590010659764312e-02
2.299510002136230469e+00 8.662986917798110031e-02
2.310129880905151367e+00 1.952122198766652328e-01
2.323600053787231445e+00 8.157064704111878506e-02
2.325020074844360352e+00 6.678216796327365867e-02
2.326509952545166016e+00 1.465826472402543268e-01
2.328799962997436523e+00 5.658221187780158173e-02
2.346390008926391602e+00 5.650589826508803371e-02
2.372250080108642578e+00 4.941127885604499476e-02
2.372679948806762695e+00 9.542611202553925864e-02
2.433409929275512695e+00 5.201095369835305737e-01
2.454540014266967773e+00 5.241171633678604752e-02
2.456690073013305664e+00 4.993962803402830497e-01
2.460589885711669922e+00 8.486190928392699229e-02
2.462589979171752930e+00 9.033335594508667965e-02
2.476629972457885742e+00 4.456866052490150720e-02
2.477180004119873047e+00 1.821076352153234157e-01
2.477190017700195312e+00 2.850704555107486798e-02
2.477839946746826172e+00 3.261727050223398733e-02
2.482009887695312500e+00 1.494468239882157379e-01
2.486219882965087891e+00 4.418054038106826731e-01
2.486229896545410156e+00 1.589124397513027795e-02
2.487750053405761719e+00 4.860325291840277701e-02
2.488820075988769531e+00 2.701724226423654063e-01
2.492769956588745117e+00 4.602130990580696052e-02
2.493020057678222656e+00 8.108577189580971900e-02
2.494999885559082031e+00 5.033577578630555466e-02
2.501960039138793945e+00 1.147624167711720350e-01
2.502180099487304688e+00 1.600738928762102664e-01
2.504379987716674805e+00 3.644011381042522313e-02
2.509429931640625000e+00 4.846888876450827777e-02
2.518759965896606445e+00 2.376048888369509116e-01
2.521719932556152344e+00 8.901448017533515611e-03
2.524590015411376953e+00 8.708270689047122037e-02
2.578880071640014648e+00 8.141910326983728408e-02
2.583859920501708984e+00 1.086463841706117872e-01
2.585109949111938477e+00 1.216330900487464783e-01
2.606090068817138672e+00 1.361231556401402698e-01
2.606410026550292969e+00 9.797358867156297224e-02
2.608020067214965820e+00 4.893369005476531919e-02
2.633769989013671875e+00 7.973819219656967661e-02
2.636450052261352539e+00 4.194414917380328012e-01
2.640500068664550781e+00 4.373979236155826900e-02
2.649689912796020508e+00 6.670955313916099305e-02
2.654320001602172852e+00 1.147996860795980345e-01
2.666359901428222656e+00 3.907924303771379004e-02
2.671530008316040039e+00 4.508411397917800462e-02
2.675620079040527344e+00 3.203254474513777400e-02
2.677279949188232422e+00 7.445236472405813988e-02
2.688669919967651367e+00 2.000700017650678952e-01
2.697380065917968750e+00 2.906922666330966076e-02
2.703969955444335938e+00 6.939580199546198369e-02
2.704989910125732422e+00 3.422124559103761898e-02
2.705899953842163086e+00 1.393930038360117474e-01
2.707880020141601562e+00 3.001496410818196847e-02
2.710580110549926758e+00 1.496991648807647068e-01
2.715490102767944336e+00 6.590139212175843975e-02
2.717299938201904297e+00 9.291691870902546446e-02
2.719779968261718750e+00 3.696109488514702501e-02
2.720900058746337891e+00 5.901548937662196015e-02
2.721019983291625977e+00 7.558430131689475306e-02
2.722160100936889648e+00 6.304253150301032671e-02
2.730950117111206055e+00 1.396795990891321337e-01
2.732359886169433594e+00 3.895087082165209907e-02
2.745529890060424805e+00 4.390828932678553231e-02
2.749249935150146484e+00 1.772656854010576377e-01
2.755880117416381836e+00 3.618616555446013683e-02
2.760440111160278320e+00 9.157208249388373855e-02
2.769010066986083984e+00 6.395553414166676998e-02
2.774280071258544922e+00 3.749467271640943844e-02
2.774699926376342773e+00 6.069382568955511426e-02
2.789010047912597656e+00 1.236756567568392598e-02
2.802469968795776367e+00 3.222777076414143349e-02
2.815350055694580078e+00 4.987491779126693170e-02
2.815740108489990234e+00 7.490262366636037117e-02
2.819099903106689453e+00 5.168571054641661611e-02
2.819740056991577148e+00 1.478139936267784948e-01
2.828579902648925781e+00 5.890354915775716967e-03
2.838490009307861328e+00 7.778576184374039193e-02
2.842240095138549805e+00 1.658006259485456102e-02
2.853480100631713867e+00 1.058330833771686519e-01
2.853539943695068359e+00 7.468101879579691627e-02
2.856420040130615234e+00 1.843358697435374949e-01
2.857280015945434570e+00 1.088928713598383141e-01
2.857640027999877930e+00 1.385532508348615854e-01
2.860419988632202148e+00 2.466993965405658851e-01
2.873460054397583008e+00 7.793207269386671909e-02
2.877120018005371094e+00 9.856585511678886413e-02
2.879460096359252930e+00 6.936465058663686400e-02
2.880490064620971680e+00 3.998567172942615877e-01
2.882810115814208984e+00 1.049074301552752053e-01
2.888030052185058594e+00 1.320791888624494037e-01
2.899549961090087891e+00 2.704263455224374321e-02
2.900229930877685547e+00 2.372442434726869387e-02
2.903759956359863281e+00 1.402071309124877652e-01
2.905359983444213867e+00 5.039264315941990174e-02
2.909130096435546875e+00 3.710601391880670452e-02
2.909329891204833984e+00 3.659428380638708039e-02
2.917929887771606445e+00 4.977722614266211903e-02
2.928380012512207031e+00 3.575674972399885410e-01
2.941250085830688477e+00 8.965297933922486417e-02
2.955940008163452148e+00 6.321216018258703218e-02
3.020459890365600586e+00 1.185474884140585855e-01
3.051599979400634766e+00 2.305250987416879171e-02
3.066669940948486328e+00 5.641203066923700105e-02
3.067929983139038086e+00 7.070691959720032393e-02
3.069530010223388672e+00 8.490638184954854562e-02
3.071799993515014648e+00 2.046524879327969448e-01
3.077199935913085938e+00 7.167599442038576074e-02
3.082060098648071289e+00 2.740802782300070795e-01
3.082429885864257812e+00 4.135637125023884642e-02
3.082489967346191406e+00 9.332022792789773646e-02
3.089080095291137695e+00 1.258987503567756960e-01
3.089859962463378906e+00 7.355989358626935370e-02
3.091160058975219727e+00 3.297579934569442456e-02
3.094630002975463867e+00 1.025087520902751292e-01
3.096390008926391602e+00 6.220634980561864230e-02
3.102149963378906250e+00 1.597414459936941783e-02
3.113019943237304688e+00 9.390362037288960129e-02
3.116019964218139648e+00 1.667572005626389575e-01
3.126529932022094727e+00 4.234630813575532837e-01
3.130470037460327148e+00 1.391636392852273474e-01
3.132450103759765625e+00 1.109202747347062118e-01
3.134330034255981445e+00 1.807885286591190688e-01
3.143069982528686523e+00 3.656176196104588688e-02
3.154910087585449219e+00 4.231691849003865746e-02
3.164170026779174805e+00 3.497789221198206039e-02
3.168960094451904297e+00 1.048481690141753013e-02
3.176029920578002930e+00 5.162917898862219579e-02
3.178070068359375000e+00 5.644763774976829795e-02
3.179399967193603516e+00 6.955326043360632315e-02
3.188019990921020508e+00 5.463627214554760136e-02
3.200809955596923828e+00 1.384604599451127183e-01
3.207619905471801758e+00 4.552871938937357033e-02
3.209419965744018555e+00 5.553468900683250498e-02
3.230710029602050781e+00 9.518303960564553773e-03
3.233700037002563477e+00 1.853281116994828087e-02
3.237560033798217773e+00 2.484035015302962432e-02
3.239789962768554688e+00 4.766424844535906147e-02
3.242089986801147461e+00 7.869531401252324865e-02
3.250309944152832031e+00 5.406072813371918390e-02
3.251990079879760742e+00 1.349401430439924332e-01
3.257390022277832031e+00 7.939422953718991427e-02
3.259880065917968750e+00 1.228878519039462158e-01
3.262510061264038086e+00 4.332509547405839073e-02
3.277110099792480469e+00 7.548186753756294665e-02
3.277169942855834961e+00 6.113775063862804393e-02
3.278680086135864258e+00 8.342849885057314341e-02
3.281860113143920898e+00 4.680186785555956464e-03
3.283390045166015625e+00 8.024719245264406997e-02
3.287760019302368164e+00 9.332037183314435824e-02
3.288990020751953125e+00 9.181786046279928615e-02
3.300719976425170898e+00 3.632812273008353271e-02
3.302809953689575195e+00 9.670260374192291702e-03
3.303420066833496094e+00 5.367249975318787170e-02
3.311239957809448242e+00 3.273183548190995718e-02
3.315000057220458984e+00 6.067716995597656482e-02
3.324019908905029297e+00 3.961524919423779073e-02
3.327130079269409180e+00 4.442251760299860408e-02
3.328239917755126953e+00 7.196570743509386747e-02
3.334599971771240234e+00 1.367335334986734818e-01
3.348639965057373047e+00 1.945845721127381356e-01
3.358570098876953125e+00 4.971249896879905567e-02
3.361969947814941406e+00 5.674820526766227030e-02
3.363219976425170898e+00 7.546285899886696902e-02
3.366689920425415039e+00 5.744039150537923188e-02
3.367269992828369141e+00 1.450380151976021215e-01
3.381160020828247070e+00 4.574471021603943727e-02
3.387619972229003906e+00 1.168021375638641640e-01
3.414690017700195312e+00 1.772045762806092328e-01
3.461620092391967773e+00 8.828119899767390699e-02
3.462090015411376953e+00 1.045181442216778223e-01
3.467669963836669922e+00 3.359033986874462863e-02
3.481719970703125000e+00 8.764472199745815262e-02
3.483959913253784180e+00 1.018808251968590234e-01
3.486730098724365234e+00 4.625247832723900637e-02
3.487270116806030273e+00 1.045632315850447136e-01
3.489180088043212891e+00 6.685377406016554391e-02
3.490250110626220703e+00 6.124924779057423774e-02
3.499490022659301758e+00 1.287619754812600326e-01
3.500129938125610352e+00 2.221744706096187016e-01
3.506860017776489258e+00 5.395201805233447445e-02
3.507679939270019531e+00 5.050280581264323526e-02
3.510339975357055664e+00 7.018651249211749210e-02
3.510890007019042969e+00 1.080132732812338903e-01
3.512320041656494141e+00 9.670709777091660020e-02
3.519340038299560547e+00 4.594019068594586142e-02
3.523679971694946289e+00 5.397392304557296905e-02
3.529700040817260742e+00 7.567770976293403118e-02
3.537139892578125000e+00 5.347313890614300291e-01
3.539920091629028320e+00 3.101883277872253819e-01
3.540400028228759766e+00 1.625338997047469092e-01
3.550339937210083008e+00 3.084205772871183027e-01
3.560889959335327148e+00 1.345211728076028956e-01
3.641520023345947266e+00 3.197366558032288530e-02
3.646049976348876953e+00 4.146755949969843646e-02
3.648040056228637695e+00 4.567086523982133439e-02
3.651469945907592773e+00 6.615591851021179748e-02
3.653439998626708984e+00 2.691735602434275343e-02
3.656239986419677734e+00 1.093382133967252673e-01
3.662800073623657227e+00 1.702525775524865378e-02
3.695130109786987305e+00 4.325003007339256467e-02
3.696049928665161133e+00 1.043527228847613841e-01
3.696300029754638672e+00 4.928714074833556724e-02
3.698450088500976562e+00 1.363818557451984270e-01
3.706909894943237305e+00 1.859066517253037121e-02
3.708379983901977539e+00 1.331419419614483235e-01
3.716789960861206055e+00 9.749987468185025707e-02
3.720020055770874023e+00 8.213378517068804785e-02
3.723069906234741211e+00 3.641946456851734987e-02
3.723540067672729492e+00 5.758550442744642117e-02
3.724299907684326172e+00 1.851324249350583540e-01
3.724940061569213867e+00 9.481532065158773670e-02
3.725850105285644531e+00 1.026770480738670860e-02
3.726089954376220703e+00 4.900253764877739865e-02
3.731159925460815430e+00 8.365552850725457845e-02
3.733069896697998047e+00 1.820752822892308942e-02
3.738019943237304688e+00 1.023568002450795100e-01
3.743129968643188477e+00 6.162881469228072284e-02
3.745500087738037109e+00 5.807953060612863760e-02
3.753230094909667969e+00 9.857010256783522648e-03
3.757080078125000000e+00 3.206168664326759787e-02
3.758359909057617188e+00 6.540318098456918139e-02
3.766380071640014648e+00 7.054419599053811385e-02
3.771810054779052734e+00 5.979350511961603609e-02
3.781769990921020508e+00 4.568555520169953477e-02
3.793469905853271484e+00 1.419302743755428836e-02
3.795409917831420898e+00 1.054845844726237658e-02
3.795680046081542969e+00 4.604868638149361981e-02
3.821290016174316406e+00 4.148003167591007151e-02
3.827699899673461914e+00 1.010484889653266299e-01
3.827879905700683594e+00 4.156796565537280302e-02
3.832920074462890625e+00 1.731386250820009243e-01
3.843980073928833008e+00 7.651945063816822934e-02
3.844310045242309570e+00 5.028742575597219822e-02
3.854039907455444336e+00 8.785041774044481666e-02
3.857249975204467773e+00 1.062166722291706111e-01
3.864449977874755859e+00 5.779157672793846720e-03
3.865799903869628906e+00 5.326487221898220520e-02
3.869940042495727539e+00 6.755447896595506534e-03
3.874540090560913086e+00 1.140729043813496907e-01
3.877789974212646484e+00 6.692433143150647301e-02
3.880249977111816406e+00 6.604175358711157628e-02
3.887830018997192383e+00 6.446768564129753964e-02
3.890389919281005859e+00 1.754553337711429462e-01
3.894890069961547852e+00 3.623105718333895220e-02
3.894900083541870117e+00 1.067793936183305814e-01
3.896110057830810547e+00 4.257684503677390542e-02
3.904210090637207031e+00 2.239021343767198802e-01
3.908449888229370117e+00 2.073534167794785499e-01
3.908689975738525391e+00 1.679359723028777951e-01
3.914010047912597656e+00 6.535764273917951117e-01
3.915129899978637695e+00 1.180491795163646773e-01
3.922930002212524414e+00 1.250564713689302221e-01
3.923249959945678711e+00 2.414385143138406131e-02
3.930819988250732422e+00 2.171194507331723408e-02
3.943819999694824219e+00 7.578009718480158141e-02
3.959889888763427734e+00 5.809157985372510186e-02
3.972069978713989258e+00 2.599509702963484145e-02
3.972630023956298828e+00 1.113274834456821211e-01
3.981139898300170898e+00 3.404641605334395027e-02
3.996530055999755859e+00 9.910700074484636579e-02
4.064690113067626953e+00 5.348454668762031572e-02
4.065380096435546875e+00 8.380100512847224459e-02
4.065579891204833984e+00 6.701142410963474572e-02
4.065859794616699219e+00 3.262199743299006027e-02
4.068109989166259766e+00 1.516192621664354430e-02
4.086040019989013672e+00 9.847219502049420203e-03
4.089200019836425781e+00 5.739583479588726556e-02
4.090439796447753906e+00 4.462992905601893823e-02
4.093269824981689453e+00 5.665402525891365115e-02
4.096879959106445312e+00 3.795925662704170006e-02
4.097229957580566406e+00 1.152242123854798315e-02
4.097509860992431641e+00 5.356990842555785226e-02
4.101669788360595703e+00 1.646150960581357625e-01
4.101819992065429688e+00 1.303884215050260531e-01
4.102230072021484375e+00 2.216150784632010540e-01
4.112020015716552734e+00 7.807264551261045016e-02
4.114170074462890625e+00 2.732656160433657999e-02
4.114779949188232422e+00 6.016100403753710246e-01
4.123069763183593750e+00 4.780635127774113258e-02
4.123290061950683594e+00 4.251735227249826832e-02
4.125209808349609375e+00 2.436884812144953644e-02
4.125589847564697266e+00 4.204210043954829945e-02
4.133780002593994141e+00 2.160254105106122480e-01
4.139669895172119141e+00 7.067391097753421281e-02
4.181489944458007812e+00 2.561156754211780240e-01
4.197040081024169922e+00 2.993891858173119425e-01
4.232580184936523438e+00 1.765672055373998794e-01
4.233099937438964844e+00 4.969991450796166360e-02
4.244249820709228516e+00 9.410558241184197037e-02
4.254720211029052734e+00 9.844538523272335084e-02
4.259749889373779297e+00 1.479491620068006663e-01
4.268080234527587891e+00 9.309057521831000381e-02
4.269820213317871094e+00 8.689290462348447930e-02
4.285920143127441406e+00 5.284542037632645323e-02
4.290639877319335938e+00 3.895171685759195312e-02
4.294280052185058594e+00 8.913522349492751518e-02
4.306749820709228516e+00 2.423892302515150421e-01
4.310569763183593750e+00 2.699685499029599173e-02
4.313079833984375000e+00 1.240086370093590462e-02
4.313710212707519531e+00 1.486238562509280270e-01
4.316180229187011719e+00 3.559027473188259433e-02
4.316969871520996094e+00 1.604177930158421500e-02
4.317880153656005859e+00 1.053418121322417245e-01
4.320549964904785156e+00 1.101666936002826391e-01
4.321239948272705078e+00 1.629287632388334503e-02
4.323190212249755859e+00 3.370362037907239511e-02
4.325510025024414062e+00 3.972547938069979218e-02
4.328499794006347656e+00 1.307890820801558586e-02
4.328629970550537109e+00 8.793971734764632897e-02
4.329070091247558594e+00 3.072895608287707497e-02
4.329899787902832031e+00 2.145325854658276798e-02
4.331329822540283203e+00 7.746430361616581106e-02
4.332119941711425781e+00 5.054828250609307017e-02
4.334179878234863281e+00 1.771414751484058289e-02
4.337369918823242188e+00 2.307784736105601003e-02
4.340260028839111328e+00 5.197237609638265948e-02
4.387380123138427734e+00 2.631704242982615266e-02
4.392590045928955078e+00 4.506407429981888757e-02
4.400450229644775391e+00 5.556199818620487230e-02
4.401390075683593750e+00 7.931478171936506838e-02
4.427010059356689453e+00 7.270950052974597955e-02
4.440720081329345703e+00 4.729334308925715880e-02
4.447199821472167969e+00 3.570882151064295323e-02
4.449289798736572266e+00 4.208824775321563100e-02
4.449639797210693359e+00 2.438635237192622943e-02
4.453549861907958984e+00 9.447197848311802981e-02
4.454609870910644531e+00 2.874467152020487859e-02
4.457459926605224609e+00 3.328415205764304746e-02
4.458250045776367188e+00 8.440064429864493553e-03
4.459350109100341797e+00 6.923037173815743683e-02
4.460889816284179688e+00 5.178556508681086273e-02
4.464089870452880859e+00 2.497472044259518159e-02
4.466460227966308594e+00 3.109853751994082205e-02
4.467909812927246094e+00 5.525285509573318876e-03
4.468599796295166016e+00 2.186982120396913087e-02
4.471149921417236328e+00 1.942315336769422640e-01
4.475399971008300781e+00 1.811279946133947591e-02
4.475850105285644531e+00 4.118192909366859278e-02
4.482940196990966797e+00 5.176700455091028108e-02
4.490049839019775391e+00 7.138058671485247864e-02
4.491330146789550781e+00 3.085840120579674828e-01
4.499760150909423828e+00 4.572092420500414173e-02
4.507820129394531250e+00 2.534016018649232760e-01
4.519060134887695312e+00 9.618051733575050388e-02
4.531040191650390625e+00 1.757200219453655676e-02
4.534500122070312500e+00 2.010042221576032601e-02
4.538109779357910156e+00 3.266497083398509776e-02
4.540639877319335938e+00 7.507154864690877838e-02
4.551720142364501953e+00 9.458607367029543689e-02
4.553840160369873047e+00 6.361844107776090662e-02
4.565400123596191406e+00 1.141400616479738839e-01
4.570169925689697266e+00 6.437862898414910273e-02
4.641550064086914062e+00 8.497830910681629379e-02
4.651100158691406250e+00 5.741773047437709332e-02
4.663680076599121094e+00 1.075250211253369337e-01
4.665170192718505859e+00 1.039884967114118319e-01
4.667990207672119141e+00 1.470287039557421627e-01
4.669350147247314453e+00 7.276122601870826934e-02
4.669950008392333984e+00 7.286202587682906462e-02
4.674900054931640625e+00 3.050454600876374711e-02
4.676430225372314453e+00 2.843532869637332289e-02
4.677370071411132812e+00 3.346185401724385833e-02
4.682690143585205078e+00 3.687225010658383428e-02
4.685880184173583984e+00 5.568063574557035461e-02
4.688399791717529297e+00 5.644088678077710530e-02
4.690310001373291016e+00 9.178845909061859876e-02
4.691520214080810547e+00 1.717354382205344143e-01
4.692699909210205078e+00 1.924099241180777728e-02
4.695079803466796875e+00 2.837595792669011380e-02
4.695670127868652344e+00 7.237017903518187800e-02
4.698090076446533203e+00 6.843103571849118959e-03
4.713300228118896484e+00 6.817559759814675879e-02
4.715539932250976562e+00 7.237264518625419196e-02
4.716569900512695312e+00 2.668284932489776301e-02
4.719059944152832031e+00 1.589497925445846060e-01
4.732699871063232422e+00 4.900502879989766802e-02
4.809830188751220703e+00 4.605378517382405223e-02
4.814310073852539062e+00 4.002417467705191023e-02
4.824930191040039062e+00 8.523392948189568996e-02
4.826680183410644531e+00 1.260516891573431331e-01
4.834650039672851562e+00 3.341164522595894970e-02
4.841189861297607422e+00 7.789408948462560323e-02
4.841559886932373047e+00 5.241566105302190859e-02
4.846549987792968750e+00 1.914211513687905930e-01
4.848529815673828125e+00 7.180297565954078809e-02
4.879799842834472656e+00 4.500473646619704976e-02
4.880410194396972656e+00 1.293084856430192220e-01
4.881569862365722656e+00 8.952638308245669529e-02
4.881889820098876953e+00 1.422277101907392372e-01
4.882450103759765625e+00 9.689615022968815772e-02
4.889689922332763672e+00 1.655703768695142297e-02
4.894070148468017578e+00 1.446114315604855871e-01
4.896200180053710938e+00 7.687271554819327668e-02
4.897089958190917969e+00 2.531019827503584729e-02
4.899250030517578125e+00 3.800801987578970170e-02
4.901319980621337891e+00 9.505853018388038533e-02
4.902190208435058594e+00 2.772545026083706593e-02
4.903669834136962891e+00 1.380074389263764856e-01
4.904910087585449219e+00 6.270450350692052810e-02
4.912059783935546875e+00 7.468004091094182506e-02
4.916490077972412109e+00 1.828385208301723866e-02
4.919129848480224609e+00 1.135145229955407259e-01
4.920040130615234375e+00 7.729247245500825425e-02
4.921170234680175781e+00 9.708088050176102990e-02
4.933420181274414062e+00 5.013580717389643643e-02
4.934659957885742188e+00 1.069415876071447002e-01
4.939280033111572266e+00 8.351857535836058888e-02
4.951169967651367188e+00 2.997936086557932006e-02
4.958230018615722656e+00 8.143118028438382783e-02
4.980730056762695312e+00 1.486265731653810956e-02
4.985270023345947266e+00 3.001905409805064387e-02
4.997759819030761719e+00 8.432068173004175771e-02
5.012889862060546875e+00 1.394447681637215608e-01
5.012949943542480469e+00 3.981129443644716021e-02
5.018640041351318359e+00 5.630132843489787930e-02
5.026599884033203125e+00 1.228393919171800741e-01
5.027770042419433594e+00 7.873329342574869605e-02
5.031149864196777344e+00 8.827434475952750104e-02
5.031980037689208984e+00 1.199386003005682363e-02
5.049210071563720703e+00 7.096899949926314954e-02
5.049739837646484375e+00 4.034855792109880851e-02
5.050099849700927734e+00 5.682449046269746895e-02
5.050409793853759766e+00 5.937344243341824424e-02
5.050610065460205078e+00 2.340495504261114884e-02
5.055520057678222656e+00 8.361597710714671616e-02
5.057829856872558594e+00 3.455305393558565086e-02
5.061520099639892578e+00 1.025930298566930104e-01
5.061560153961181641e+00 9.091276582277403595e-02
5.064489841461181641e+00 1.683208248983776578e-02
5.065849781036376953e+00 1.110061920658241968e-01
5.067259788513183594e+00 1.187561651709799215e-01
5.073229789733886719e+00 2.104512415743572118e-01
5.079539775848388672e+00 7.825197960239616002e-02
5.086279869079589844e+00 2.896155029822911758e-02
5.087500095367431641e+00 9.258284489776626158e-02
5.095409870147705078e+00 5.520477512316430968e-02
5.103839874267578125e+00 1.761618966033418610e-01
5.123829841613769531e+00 1.709580910693087596e-01
5.125209808349609375e+00 8.680311749783241326e-02
5.126410007476806641e+00 1.067305129207374581e-01
5.142449855804443359e+00 5.427969826817764520e-01
5.143559932708740234e+00 1.321097649883693215e-01
5.155109882354736328e+00 1.240859956667732661e-01
5.159309864044189453e+00 1.170232403187448367e-01
5.217659950256347656e+00 9.453195558336172089e-02
5.231239795684814453e+00 6.996442460806903685e-02
5.242959976196289062e+00 1.728463846778559299e-01
5.249519824981689453e+00 3.935964922902290830e-02
5.250780105590820312e+00 2.444692072815879760e-02
5.258100032806396484e+00 6.015722732201035650e-02
5.262660026550292969e+00 4.965871698558665254e-02
5.265170097351074219e+00 3.127971452007957676e-02
5.267079830169677734e+00 4.877808925538504314e-02
5.272449970245361328e+00 3.635076011580102434e-02
5.272689819335937500e+00 4.393007689618514539e-02
5.275090217590332031e+00 1.797556115762621864e-01
5.277800083160400391e+00 1.175572945201607544e-01
5.278480052947998047e+00 1.947205137061768787e-01
5.278649806976318359e+00 4.497944949707725210e-02
5.283430099487304688e+00 9.952929835238162604e-02
5.283689975738525391e+00 6.810959675390594603e-02
5.286190032958984375e+00 2.483736981377298106e-02
5.293049812316894531e+00 3.279675545911690110e-02
5.296130180358886719e+00 4.123068348731839805e-02
5.297279834747314453e+00 1.146777488989732079e-02
5.299429893493652344e+00 8.638432248026339799e-02
5.310140132904052734e+00 3.216071102295013917e-01
5.324530124664306641e+00 1.030303983651040395e-01
5.356579780578613281e+00 8.039512761397503426e-02
5.392730236053466797e+00 3.236267431083981183e-01
5.393929958343505859e+00 1.002005662567582028e-01
5.407460212707519531e+00 3.060602490023980882e-02
5.407919883728027344e+00 7.662057640118359603e-02
5.419700145721435547e+00 6.949427696041994562e-02
5.422349929809570312e+00 4.179356983317580182e-02
5.424449920654296875e+00 3.392976457377963606e-02
5.450469970703125000e+00 7.082708020673345907e-03
5.459330081939697266e+00 2.657534463553513082e-01
5.459799766540527344e+00 1.534655432898673344e-01
5.472310066223144531e+00 3.937372134609563173e-02
5.478390216827392578e+00 2.106972122719171642e-02
5.481939792633056641e+00 2.334533264756044613e-02
5.482019901275634766e+00 1.759668839875541679e-02
5.491590023040771484e+00 1.853171621317723228e-01
5.494390010833740234e+00 9.255832281219839031e-02
5.494470119476318359e+00 7.487520891634453883e-03
5.497710227966308594e+00 2.714300048830381798e-02
5.499690055847167969e+00 1.060496013186212547e-02
5.504179954528808594e+00 3.760452714241075550e-02
5.506619930267333984e+00 8.991994223803978503e-02
5.507329940795898438e+00 1.951149378961896524e-02
5.508120059967041016e+00 1.194034037318390286e-02
5.511250019073486328e+00 2.247555839247005957e-02
5.513740062713623047e+00 6.245140650700719415e-02
5.515709877014160156e+00 8.439529007035509456e-02
5.521019935607910156e+00 3.055518073327614242e-02
5.522940158843994141e+00 3.649817025949089050e-02
5.526259899139404297e+00 6.379221202192825180e-02
5.530650138854980469e+00 4.076334024175379267e-02
5.549339771270751953e+00 3.304253616983041791e-02
5.557229995727539062e+00 1.882415995625981789e-02
5.557400226593017578e+00 4.484002499243070483e-01
5.561600208282470703e+00 5.121574233794121134e-02
5.578509807586669922e+00 1.354540026002409511e-02
5.598820209503173828e+00 4.315866446779904886e-02
5.606369972229003906e+00 2.198511600167162017e-01
5.617229938507080078e+00 4.738281486189673160e-03
5.617780208587646484e+00 6.823637082832959000e-02
5.619440078735351562e+00 8.163817873310308393e-02
5.619780063629150391e+00 2.481407295699188803e-02
5.620399951934814453e+00 2.180502815241142089e-02
5.622479915618896484e+00 2.951054269790973072e-02
5.636899948120117188e+00 1.396036663116581936e-02
5.640409946441650391e+00 2.815168094953623967e-02
5.640999794006347656e+00 1.283757922226226068e-02
5.641419887542724609e+00 1.215590767952876572e-01
5.643829822540283203e+00 3.304027335079612326e-02
5.643929958343505859e+00 6.769087993635032607e-02
5.647049903869628906e+00 3.595780183529563578e-02
5.651559829711914062e+00 1.331023675775519152e-02
5.661670207977294922e+00 2.282082600806314143e-01
5.664659976959228516e+00 2.798589338796482820e-02
5.671700000762939453e+00 3.478688471091297141e-02
5.679120063781738281e+00 1.360594299914916205e-01
5.680140018463134766e+00 3.965308783086161915e-02
5.680799961090087891e+00 7.596409275199306199e-02
5.680799961090087891e+00 3.075631826318523526e-02
5.705049991607666016e+00 1.837952188642174578e-01
5.705510139465332031e+00 4.439584703144851957e-02
5.711460113525390625e+00 9.640639283038276997e-02
5.711969852447509766e+00 1.785422022975699519e-01
5.713379859924316406e+00 2.040575565882892239e-01
5.726620197296142578e+00 4.523133589120988812e-02
5.737040042877197266e+00 1.090498392610440292e-01
5.757579803466796875e+00 4.631244603326061249e-01
5.762770175933837891e+00 1.163995151754686624e-01
5.828060150146484375e+00 1.033159268577448497e-01
5.833040237426757812e+00 1.484631498886194723e-01
5.834320068359375000e+00 6.668791402981481820e-02
5.842269897460937500e+00 2.900260276744677512e-02
5.848269939422607422e+00 3.750004048410772450e-02
5.848589897155761719e+00 1.878639843502208709e-02
5.850949764251708984e+00 5.824398289713071664e-02
5.857470035552978516e+00 5.960676034184336780e-02
5.861159801483154297e+00 3.116244335870336363e-02
5.863880157470703125e+00 1.764964779061164168e-01
5.865029811859130859e+00 3.995391510339404290e-02
5.865230083465576172e+00 3.811436550268103296e-02
5.868370056152343750e+00 3.596661735734290460e-02
5.871150016784667969e+00 2.067016414439677360e-02
5.872580051422119141e+00 8.346771318451268185e-02
5.873610019683837891e+00 1.221781197857388195e-02
5.876430034637451172e+00 2.146929121563678766e-02
5.876500129699707031e+00 5.819497084307193036e-02
5.883570194244384766e+00 1.712435334810974985e-01
5.885179996490478516e+00 6.585232590853985768e-02
5.887849807739257812e+00 5.696698246832020834e-02
5.890470027923583984e+00 3.117410381647470197e-02
5.893320083618164062e+00 4.530533825063627618e-02
5.909890174865722656e+00 5.449676349745743303e-02
5.957419872283935547e+00 1.478918345461638917e-01
5.970069885253906250e+00 2.004736638787956993e-01
5.977200031280517578e+00 3.496491998045775373e-02
5.990709781646728516e+00 1.318890742014247885e-01
5.997479915618896484e+00 2.178499692315575276e-01
6.008840084075927734e+00 1.023154972996155182e-01
6.032299995422363281e+00 4.988585988122935799e-02
6.035590171813964844e+00 1.394147913253572513e-01
6.046189785003662109e+00 1.639114060121104610e-01
6.055429935455322266e+00 5.621833092657851916e-02
6.056570053100585938e+00 1.128845954556588344e-01
6.056849956512451172e+00 7.736453226691920870e-02
6.069059848785400391e+00 1.998915084032180378e-01
6.071390151977539062e+00 3.444896511459031446e-02
6.077129840850830078e+00 8.392864472907682338e-02
6.079309940338134766e+00 2.844689987128741493e-02
6.083859920501708984e+00 5.923471779487977928e-02
6.087709903717041016e+00 3.186291825856265442e-02
6.088140010833740234e+00 2.490190402302799519e-02
6.089729785919189453e+00 1.737495202299579877e-01
6.090229988098144531e+00 5.848646033000207134e-02
6.098790168762207031e+00 4.437738074600750676e-02
6.100220203399658203e+00 8.947324967209054070e-02
6.101580142974853516e+00 9.195581287638371348e-02
6.102180004119873047e+00 1.183803223173225394e-01
6.104100227355957031e+00 9.584861817556536434e-02
6.108520030975341797e+00 1.534807292222746256e-01
6.108900070190429688e+00 1.691842713481572225e-01
6.111569881439208984e+00 4.484215937173543359e-02
6.111649990081787109e+00 7.615657952483517734e-02
6.116199970245361328e+00 6.764937795915569596e-02
6.117990016937255859e+00 5.562999078070836323e-02
6.129340171813964844e+00 4.907091501948682155e-02
6.150839805603027344e+00 1.525130481599464363e-02
6.156929969787597656e+00 1.085263042984127915e-02
6.184599876403808594e+00 5.102894230618197635e-02
6.195280075073242188e+00 7.373363733660230623e-02
6.198150157928466797e+00 2.157337233486935138e-02
6.201950073242187500e+00 9.391015284523966666e-02
6.205699920654296875e+00 7.576584858749059459e-02
6.212560176849365234e+00 4.092443061847023111e-02
6.220320224761962891e+00 2.211766175478628582e-02
6.220789909362792969e+00 8.042837771839007888e-02
6.224820137023925781e+00 5.073131766228879819e-02
6.228199958801269531e+00 3.422415234458579814e-02
6.233459949493408203e+00 6.625175073000257042e-02
6.235129833221435547e+00 3.849270313509120522e-02
6.239500045776367188e+00 1.641677265573330269e-01
6.242269992828369141e+00 8.586067844461636733e-02
6.243589878082275391e+00 4.008380209622120632e-02
6.244589805603027344e+00 1.553850861914919945e-01
6.246930122375488281e+00 1.918083399954962076e-01
6.249070167541503906e+00 2.318411957155733921e-02
6.250170230865478516e+00 1.061651734791105132e-02
6.250490188598632812e+00 2.348042352134843344e-02
6.260660171508789062e+00 6.516709370072722163e-02
6.265470027923583984e+00 1.092834712915536494e-01
6.268990039825439453e+00 6.295405665156546260e-02
6.274829864501953125e+00 4.889635069122183486e-02
6.278349876403808594e+00 2.453021656129790173e-01
6.294839859008789062e+00 5.607333813289969160e-02
6.300849914550781250e+00 5.511191289363975149e-02
6.313360214233398438e+00 6.862498834454990038e-02
6.316060066223144531e+00 1.622737420977943268e-01
6.318630218505859375e+00 3.366118808809047402e-02
6.319129943847656250e+00 1.525776801803218619e-01
6.329899787902832031e+00 4.862770477927443047e-02
6.332709789276123047e+00 6.911020871420472944e-02
6.392570018768310547e+00 6.830700895020902497e-02
6.429039955139160156e+00 1.124789925105432742e-01
6.441760063171386719e+00 5.737406563033515400e-02
6.443309783935546875e+00 1.418971721447200539e-02
6.447760105133056641e+00 3.872947631013536063e-02
6.451149940490722656e+00 1.697138261485784394e-01
6.452219963073730469e+00 2.022241018973388801e-02
6.455470085144042969e+00 6.286694479973481409e-02
6.456500053405761719e+00 8.452668643188668285e-02
6.456980228424072266e+00 6.821660876165816512e-02
6.457550048828125000e+00 3.908009651540972351e-02
6.458529949188232422e+00 1.460838546053158382e-01
6.459750175476074219e+00 3.703492267342770039e-02
6.461709976196289062e+00 2.535428740839285044e-02
6.462779998779296875e+00 8.101355492068931796e-02
6.470379829406738281e+00 2.958073106407035219e-02
6.470520019531250000e+00 2.659874802658177342e-02
6.474589824676513672e+00 5.660777142355805786e-02
6.475269794464111328e+00 6.515190648638838344e-02
6.475419998168945312e+00 2.529920851814386473e-02
6.482369899749755859e+00 6.235958912779114571e-02
6.483200073242187500e+00 7.945237522335690805e-02
6.494669914245605469e+00 6.544279891191641385e-02
6.501339912414550781e+00 7.037446765984542441e-02
6.553880214691162109e+00 1.904279512340293357e-01
6.564360141754150391e+00 1.407085444295734233e-01
6.586229801177978516e+00 2.204534805146753651e-01
6.600409984588623047e+00 2.423642429996434450e-02
6.607890129089355469e+00 6.909624130006035425e-02
6.610849857330322266e+00 8.118899832316692211e-02
6.617980003356933594e+00 7.412912927427950383e-02
6.622650146484375000e+00 1.810617750679842652e-01
6.641359806060791016e+00 4.171933786290131507e-02
6.647160053253173828e+00 9.078630591995556776e-02
6.647469997406005859e+00 9.108306669512629405e-02
6.652760028839111328e+00 4.703827491109469072e-02
6.656020164489746094e+00 3.440765388515698020e-01
6.657199859619140625e+00 3.991378664326839659e-02
6.658999919891357422e+00 1.930942023585442147e-01
6.662340164184570312e+00 1.208292965408815089e-01
6.665890216827392578e+00 4.225046336778874589e-02
6.669320106506347656e+00 4.564944426769576569e-02
6.673490047454833984e+00 4.706720331152037390e-02
6.682129859924316406e+00 1.041250136251102437e-01
6.682960033416748047e+00 2.519126729792245042e-02
6.685520172119140625e+00 8.634930598649985523e-02
6.687320232391357422e+00 8.947265451962652105e-02
6.689300060272216797e+00 3.771487086798224614e-02
6.691510200500488281e+00 1.866141505217399840e-02
6.694749832153320312e+00 6.703633479241684345e-02
6.704539775848388672e+00 3.500448725641479297e-02
6.705029964447021484e+00 1.204022570474685139e-01
6.706009864807128906e+00 1.092484659165777333e-01
6.711790084838867188e+00 1.223904911557720798e-01
6.712609767913818359e+00 1.530098545459800119e-01
6.718649864196777344e+00 1.616276241566504956e-01
6.732140064239501953e+00 1.138699373909337342e-01
6.740709781646728516e+00 3.850480841563219681e-02
6.765870094299316406e+00 9.657218700099326480e-02
6.774270057678222656e+00 4.884563235224752276e-02
6.793069839477539062e+00 1.681824678036824561e-01
6.795939922332763672e+00 8.792719755752186062e-02
6.799079895019531250e+00 1.305482860865454231e-01
6.799129962921142578e+00 4.686487711016253110e-02
6.804080009460449219e+00 8.061570715116367358e-02
6.807310104370117188e+00 1.501280785412654750e-01
6.807720184326171875e+00 2.448523909489296740e-02
6.815780162811279297e+00 2.636377601750808375e-02
6.816470146179199219e+00 5.451337717687227552e-02
6.817130088806152344e+00 6.031098492880467010e-02
6.819900035858154297e+00 1.364410918811056750e-01
6.820950031280517578e+00 3.283963886504723262e-02
6.823450088500976562e+00 6.448938127662103004e-02
6.824830055236816406e+00 5.639603220543830397e-02
6.828959941864013672e+00 2.690743383767284572e-02
6.832369804382324219e+00 8.233429241733355997e-02
6.834239959716796875e+00 1.194845030856946794e-01
6.837389945983886719e+00 4.506714748860716352e-02
6.838650226593017578e+00 1.160136430975840932e-01
6.841979980468750000e+00 7.483259139656300851e-02
6.847099781036376953e+00 2.595922327864783052e-02
6.852260112762451172e+00 4.189059987967635318e-02
6.854670047760009766e+00 1.803150035440702001e-02
6.876299858093261719e+00 1.889551509037556143e-01
6.883870124816894531e+00 2.174206646183613964e-02
6.902939796447753906e+00 4.995826978485214120e-02
6.903820037841796875e+00 1.348361635138240755e-01
6.906040191650390625e+00 2.238046667915915330e-03
6.906420230865478516e+00 4.180293038201455397e-02
6.910170078277587891e+00 5.643139095917013709e-02
6.943490028381347656e+00 2.501059750820993077e-01
6.948500156402587891e+00 1.731487690759119791e-01
6.995779991149902344e+00 7.771702870761970638e-02
7.007870197296142578e+00 1.431353485631436662e-01
7.010900020599365234e+00 6.519247150256028689e-02
7.013110160827636719e+00 6.689415107166341024e-02
7.017370223999023438e+00 2.994136272268569932e-01
7.018390178680419922e+00 5.315504936438007061e-02
7.020979881286621094e+00 1.060265756511244856e-01
7.021289825439453125e+00 1.046637900241182972e-01
7.023439884185791016e+00 4.233551836854981126e-02
7.027400016784667969e+00 1.150799518653750492e-01
7.028399944305419922e+00 4.099752960120049694e-02
7.029329776763916016e+00 1.129733102134012346e-01
7.043900012969970703e+00 7.425154119008177400e-02
7.046339988708496094e+00 4.487391322995108733e-02
7.047749996185302734e+00 2.244406871076438659e-01
7.061610221862792969e+00 6.979041115143412577e-02
7.062610149383544922e+00 3.925780867323123979e-02
7.064559936523437500e+00 4.420901021830796890e-02
7.067979812622070312e+00 5.921502191474661836e-02
7.072460174560546875e+00 8.077406757495984857e-02
7.077690124511718750e+00 4.659126369213965196e-02
7.078810214996337891e+00 3.602663253744362720e-02
7.078820228576660156e+00 3.001422166570855699e-01
7.090260028839111328e+00 1.128596514932344724e-01
7.159339904785156250e+00 2.119307178180399737e-02
7.161340236663818359e+00 1.622227796267102506e-01
7.169839859008789062e+00 3.223594872059994398e-01
7.173989772796630859e+00 2.244447818742251188e-01
7.181960105895996094e+00 3.511637013209858299e-02
7.182240009307861328e+00 8.944734907126418444e-02
7.197909832000732422e+00 1.229677961139498538e-01
7.213250160217285156e+00 1.819058217014692669e-01
7.222599983215332031e+00 5.636065406096216202e-02
7.224959850311279297e+00 3.580623826801149212e-01
7.227980136871337891e+00 8.557906431340626952e-02
7.228680133819580078e+00 1.995478626694213442e-01
7.230579853057861328e+00 1.692348029056476022e-01
7.235710144042968750e+00 4.158613944531754786e-02
7.241169929504394531e+00 3.356552865139240255e-02
7.243460178375244141e+00 1.478529932980964662e-02
7.246329784393310547e+00 5.360338104654696623e-02
7.252769947052001953e+00 2.384061330078108415e-02
7.255609989166259766e+00 3.570726497504694841e-02
7.262340068817138672e+00 2.078584503260721972e-02
7.267149925231933594e+00 1.330064913014304684e-01
7.268219947814941406e+00 4.929853987319052569e-03
7.271800041198730469e+00 1.711399225748902186e-01
7.273680210113525391e+00 3.100703347370289270e-02
7.273910045623779297e+00 9.078843174716180395e-03
7.284880161285400391e+00 6.499515686991479413e-01
7.285049915313720703e+00 1.896421558198438106e-01
7.286590099334716797e+00 1.037957980977183281e-01
7.301159858703613281e+00 4.734027641806268227e-02
7.305550098419189453e+00 4.255744172772010780e-02
7.306190013885498047e+00 5.450136986889946716e-02
7.306660175323486328e+00 3.447187605889749651e-02
7.309549808502197266e+00 5.356352427264207683e-02
7.342410087585449219e+00 2.228873924265139736e-02
7.348370075225830078e+00 6.164117364805644650e-01
7.352129936218261719e+00 2.448147397564645264e-02
7.369649887084960938e+00 3.316632296251870171e-02
7.375529766082763672e+00 4.497638385002947214e-02
7.379280090332031250e+00 1.505344072422698347e-02
7.381820201873779297e+00 1.354414458935532251e-02
7.387829780578613281e+00 9.706572708027706720e-02
7.391759872436523438e+00 1.212472894856101401e-02
7.402150154113769531e+00 2.256691028591776421e-02
7.407299995422363281e+00 2.954849394320920031e-02
7.415820121765136719e+00 2.395991161591906338e-01
7.416910171508789062e+00 1.892369687473344220e-02
7.417409896850585938e+00 8.386802387377134335e-03
7.420730113983154297e+00 3.448071899515274541e-02
7.421820163726806641e+00 2.379001826473867848e-02
7.425030231475830078e+00 2.302361868254835520e-01
7.425330162048339844e+00 2.107385565178659381e-01
7.427740097045898438e+00 2.093627774091479932e-01
7.428369998931884766e+00 1.007866507650409665e-01
7.431200027465820312e+00 2.540050364704859315e-02
7.432489871978759766e+00 2.459062499290208190e-02
7.433859825134277344e+00 4.819754267868885805e-02
7.436729907989501953e+00 4.124986806972411046e-02
7.446440219879150391e+00 2.958537003840709667e-02
7.450640201568603516e+00 9.011889167123260380e-02
7.465730190277099609e+00 9.462098870944961326e-02
7.467400074005126953e+00 2.830131027900345542e-02
7.474720001220703125e+00 5.584797250004364805e-02
7.484029769897460938e+00 2.060582092403000221e-02
7.494070053100585938e+00 3.399440735265596425e-02
7.508840084075927734e+00 3.929147189581350119e-01
7.509940147399902344e+00 2.065830405045114004e-01
7.510550022125244141e+00 1.137548370765166655e-01
7.557350158691406250e+00 2.781579071458982200e-01
7.604990005493164062e+00 4.364304752671269855e-02
7.612100124359130859e+00 1.394111797750929860e-01
7.612669944763183594e+00 3.151577065644386305e-02
7.616650104522705078e+00 9.682083885847612981e-02
7.620419979095458984e+00 5.985209515491581034e-02
7.621049880981445312e+00 2.915824566778580165e-02
7.621339797973632812e+00 7.605474683589105722e-02
7.621570110321044922e+00 3.803131662671821456e-02
7.623290061950683594e+00 1.122373923015962394e-01
7.631609916687011719e+00 1.018985483263645658e-01
7.633279800415039062e+00 2.983440670172460285e-02
7.635159969329833984e+00 1.961142318131467444e-02
7.640580177307128906e+00 3.899829595174310326e-02
7.643539905548095703e+00 1.178568430814316836e-01
7.644070148468017578e+00 1.109748468998833781e-01
7.646120071411132812e+00 1.504162616099854188e-01
7.650269985198974609e+00 3.939923298969118942e-02
7.650859832763671875e+00 1.301171692618980080e-01
7.654059886932373047e+00 1.925220020526721698e-02
7.655910015106201172e+00 2.460197003418170686e-02
7.659920215606689453e+00 4.648322085842882673e-02
7.667290210723876953e+00 4.034662374634211124e-02
7.669529914855957031e+00 1.979962198829128897e-02
7.675610065460205078e+00 1.280283912731025597e-01
7.735280036926269531e+00 3.201147177197217197e-01
7.760000228881835938e+00 1.085547018925756557e-01
7.763249874114990234e+00 1.586016783302540145e-01
7.773169994354248047e+00 2.854196755340255090e-02
7.776860237121582031e+00 4.729300828263956896e-02
7.782020092010498047e+00 6.655256040976939569e-02
7.787280082702636719e+00 1.894773754804898389e-02
7.810279846191406250e+00 6.558030791490589151e-02
7.825669765472412109e+00 3.467981869365296954e-02
7.828360080718994141e+00 3.412743044690939587e-01
7.828770160675048828e+00 1.547238904822148542e-01
7.831649780273437500e+00 1.674647511750363416e-01
7.837090015411376953e+00 2.477593967845222456e-01
7.837880134582519531e+00 1.569565324709489007e-02
7.839230060577392578e+00 6.189034552042163573e-02
7.841080188751220703e+00 8.600214695997625280e-02
7.841090202331542969e+00 2.212381241915345464e-01
7.850090026855468750e+00 8.792643957030114865e-02
7.856569766998291016e+00 4.925883005167229489e-02
7.857729911804199219e+00 9.977446571340675696e-02
7.858600139617919922e+00 8.508569384124103907e-02
7.860119819641113281e+00 3.596109067384475888e-02
7.862549781799316406e+00 1.461544147958313278e-01
7.869559764862060547e+00 5.909916032828843591e-02
7.872580051422119141e+00 9.348607465171562825e-02
7.877399921417236328e+00 2.551007709174219623e-02
7.879559993743896484e+00 1.682822688279211887e-02
7.882850170135498047e+00 3.268267934322921509e-02
7.885210037231445312e+00 1.709372589018568617e-02
7.885459899902343750e+00 2.440843875993807185e-02
7.889490127563476562e+00 2.778276323747181156e-02
7.898769855499267578e+00 8.008612151958152681e-02
7.905690193176269531e+00 3.366350864757408634e-02
7.915659904479980469e+00 3.392612063261114114e-02
7.943980216979980469e+00 1.316467278509702264e-02
7.948070049285888672e+00 1.527653190312795728e-01
7.961490154266357422e+00 1.287597913295932331e-02
7.967130184173583984e+00 1.057886878625897559e-01
7.969639778137207031e+00 3.212531238454534310e-02
7.977149963378906250e+00 4.315842316816758534e-02
7.986130237579345703e+00 1.149481405036360641e-02
7.987810134887695312e+00 1.708021203519710998e-02
7.988589763641357422e+00 5.283494198015740995e-02
7.989950180053710938e+00 5.800353795866521056e-02
7.990210056304931641e+00 2.326515136595021238e-02
7.994379997253417969e+00 7.630170606907764851e-03
7.995100021362304688e+00 6.401325882215960772e-02
8.007229804992675781e+00 3.352557053904233197e-01
8.008040428161621094e+00 1.107148172906188416e-01
8.013310432434082031e+00 1.022367857375787448e-02
8.019949913024902344e+00 3.736940213639037417e-02
8.021739959716796875e+00 1.001107601215270454e-01
8.025989532470703125e+00 4.649170324857323372e-02
8.028100013732910156e+00 1.827753051536228912e-01
8.029890060424804688e+00 3.434738931146621294e-02
8.029939651489257812e+00 1.472481485594184618e-02
8.034259796142578125e+00 2.156566068860227559e-01
8.039859771728515625e+00 4.071418712668566087e-02
8.043510437011718750e+00 2.879262675195408058e-02
8.045339584350585938e+00 8.584419333036485966e-02
8.052630424499511719e+00 1.165425145336721341e-01
8.068949699401855469e+00 4.146420910611587490e-02
8.068989753723144531e+00 1.291329512714642358e-01
8.089989662170410156e+00 1.402895326877391102e-01
8.093509674072265625e+00 5.057569882881540052e-02
8.097990036010742188e+00 1.372272708266293606e-01
8.099809646606445312e+00 1.409156007385260756e-01
8.110210418701171875e+00 6.981313276260624201e-02
8.172149658203125000e+00 1.342199480041289250e-01
8.183970451354980469e+00 1.393388275272532950e-01
8.186459541320800781e+00 8.598692402875893204e-02
8.192170143127441406e+00 6.916527535141904492e-02
8.205030441284179688e+00 9.894176174034506610e-02
8.208370208740234375e+00 5.673270545645871243e-02
8.209620475769042969e+00 3.323504747961222167e-02
8.210949897766113281e+00 1.609331519297507451e-01
8.211509704589843750e+00 8.589238099272783478e-02
8.212349891662597656e+00 1.625130519070474289e-01
8.217880249023437500e+00 5.890144108362404402e-02
8.220600128173828125e+00 6.340319687564716089e-02
8.222820281982421875e+00 4.543686451441655144e-02
8.226240158081054688e+00 7.814833333712868646e-02
8.233059883117675781e+00 4.198502756006254610e-02
8.244009971618652344e+00 3.339862594112485983e-02
8.247480392456054688e+00 1.981876868171631237e-02
8.247949600219726562e+00 3.785945213144250032e-01
8.249790191650390625e+00 9.408717059036705854e-02
8.258990287780761719e+00 3.782388020370119897e-02
8.261890411376953125e+00 1.870246445928559417e-02
8.268939971923828125e+00 1.292612246815767474e-01
8.271069526672363281e+00 1.797661197963021096e-01
8.286049842834472656e+00 7.336469596803553428e-02
8.342390060424804688e+00 9.833956012685092507e-02
8.353489875793457031e+00 6.728523797639658632e-02
8.358559608459472656e+00 9.048336999571696126e-02
8.360030174255371094e+00 6.419727620107987254e-02
8.360610008239746094e+00 8.177373372633350845e-02
8.367270469665527344e+00 5.935051575934958967e-02
8.375459671020507812e+00 6.629078714225269953e-02
8.383099555969238281e+00 1.088588917286318625e-01
8.398130416870117188e+00 9.426994241079014736e-02
8.399640083312988281e+00 9.242710157735588294e-02
8.403030395507812500e+00 5.671009119211854743e-02
8.404820442199707031e+00 1.576638737977634208e-02
8.408610343933105469e+00 1.169975972253073371e-01
8.412540435791015625e+00 4.873580311080223659e-02
8.419589996337890625e+00 1.002263297014637650e-01
8.432239532470703125e+00 2.234611318956649106e-01
8.438429832458496094e+00 3.016203913487930377e-01
8.442549705505371094e+00 9.090616596109443726e-02
8.443880081176757812e+00 7.656902632848616545e-03
8.450539588928222656e+00 8.569845822999630491e-02
8.451410293579101562e+00 1.619727706791227184e-01
8.451499938964843750e+00 5.696741109649700735e-02
8.452400207519531250e+00 4.133829210600239307e-02
8.453009605407714844e+00 5.244497620962088047e-02
8.464380264282226562e+00 3.138584958230019456e-02
8.464400291442871094e+00 1.524637548009149385e-02
8.472069740295410156e+00 1.065473465237301298e-01
8.478199958801269531e+00 5.804524451860729878e-02
8.482640266418457031e+00 7.786149969709474372e-02
8.490030288696289062e+00 3.235528308974337797e-02
8.495180130004882812e+00 1.486363691518330643e-01
8.496479988098144531e+00 1.533561446035953263e-02
8.498180389404296875e+00 2.552297227689966780e-02
8.507349967956542969e+00 3.090365450945953621e-02
8.512189865112304688e+00 1.812619386721077419e-02
8.538450241088867188e+00 5.975500185808214210e-02
8.538909912109375000e+00 8.897563493928091483e-02
8.558529853820800781e+00 8.709544776846152303e-02
8.560290336608886719e+00 1.218716884025556890e-01
8.564290046691894531e+00 3.076937903352106041e-02
8.565670013427734375e+00 2.886466111196751491e-02
8.571700096130371094e+00 9.459824538150475581e-02
8.578599929809570312e+00 2.523242075285126590e-02
8.581029891967773438e+00 2.446100844434226651e-01
8.581359863281250000e+00 1.181869133339881472e-02
8.582900047302246094e+00 3.626091862022955831e-02
8.586720466613769531e+00 4.753843362792161548e-02
8.589839935302734375e+00 7.073888993816832005e-02
8.590470314025878906e+00 1.405398987284712797e-01
8.595350265502929688e+00 1.699529626476945290e-02
8.595849990844726562e+00 2.949047388787311846e-02
8.606670379638671875e+00 3.640655375379748138e-03
8.609749794006347656e+00 1.062641371019051872e-01
8.611470222473144531e+00 1.348524553113945867e-01
8.613550186157226562e+00 1.402478947901475981e-01
8.614419937133789062e+00 9.190617123871747118e-02
8.619310379028320312e+00 3.578945876379806962e-02
8.633649826049804688e+00 1.302478822983332840e-01
8.635490417480468750e+00 4.182070757343103740e-02
8.646840095520019531e+00 1.095973218920855488e-02
8.648329734802246094e+00 1.481623356753338505e-01
8.658379554748535156e+00 1.554620516965295740e-01
8.667320251464843750e+00 6.331492921299712584e-02
8.669980049133300781e+00 4.795810986156170963e-02
8.676400184631347656e+00 2.550582605578291528e-01
8.681099891662597656e+00 1.081418978340213249e-01
8.690050125122070312e+00 3.652831781489223467e-02
8.700409889221191406e+00 1.980998200253549502e-01
8.780420303344726562e+00 2.814108703056534405e-02
8.785369873046875000e+00 1.150160358432661539e-01
8.786140441894531250e+00 4.933903802878930600e-02
8.788530349731445312e+00 6.288419688883356562e-02
8.788949966430664062e+00 7.655803127160056010e-02
8.795709609985351562e+00 4.621965943810472932e-02
8.796259880065917969e+00 4.147985828793709223e-02
8.799819946289062500e+00 2.255288825279087583e-01
8.801810264587402344e+00 2.076467842227105176e-01
8.810930252075195312e+00 1.036523568536576317e-01
8.811220169067382812e+00 1.566197171279815337e-01
8.815030097961425781e+00 5.243422304522517979e-02
8.817009925842285156e+00 3.597181566273323361e-02
8.818770408630371094e+00 7.817169640043641898e-02
8.823479652404785156e+00 5.832869995995613316e-02
8.823530197143554688e+00 3.462332574606686864e-01
8.828920364379882812e+00 4.741723713351220226e-02
8.829440116882324219e+00 1.809236277464698270e-02
8.830289840698242188e+00 1.083369881465182927e-01
8.834039688110351562e+00 4.263182445498216178e-02
8.836469650268554688e+00 6.285164595240429197e-02
8.841449737548828125e+00 2.912667853148823705e-01
8.844699859619140625e+00 1.738704732394655977e-02
8.854889869689941406e+00 8.960199421033697431e-02
8.929510116577148438e+00 3.037208624968369963e-01
8.931139945983886719e+00 3.488634692765594375e-02
8.933400154113769531e+00 1.091808770375190529e-01
8.947250366210937500e+00 9.521622584434581704e-02
8.951660156250000000e+00 1.419030267404692083e-02
8.960060119628906250e+00 1.162235103624244814e-01
8.961000442504882812e+00 5.995029651387970282e-02
8.961509704589843750e+00 1.162362603098998082e-01
8.976329803466796875e+00 8.179754085304494216e-02
9.005439758300781250e+00 6.322268135467620787e-02
9.015850067138671875e+00 1.000249645785958041e-01
9.017040252685546875e+00 1.006039532018027927e-01
9.017620086669921875e+00 3.368985599743053172e-02
9.017789840698242188e+00 5.320035282206152238e-02
9.018879890441894531e+00 4.298567553139663600e-02
9.020130157470703125e+00 7.184323680595498807e-02
9.022120475769042969e+00 4.523492376731362563e-02
9.022159576416015625e+00 2.464560609628652088e-01
9.025159835815429688e+00 2.530353954395616299e-03
9.026309967041015625e+00 6.555827921181563156e-02
9.029970169067382812e+00 5.399088586426833980e-02
9.031069755554199219e+00 2.510052733647655243e-02
9.033459663391113281e+00 2.014497399635952202e-01
9.037429809570312500e+00 7.126075109920992912e-02
9.039239883422851562e+00 7.024908376195021509e-02
9.041469573974609375e+00 4.123329906395742372e-02
9.042329788208007812e+00 4.639404633490368246e-02
9.043930053710937500e+00 2.443381598969373014e-01
9.044670104980468750e+00 3.933575303484053431e-02
9.049460411071777344e+00 7.008250270080230993e-02
9.069769859313964844e+00 7.146000567114167701e-02
9.075989723205566406e+00 9.404071740880369512e-02
9.077939987182617188e+00 1.075651549618434205e-01
9.100199699401855469e+00 1.777861155675305310e-02
9.106800079345703125e+00 4.640649931238047254e-02
9.131600379943847656e+00 4.380161474644917591e-02
9.139380455017089844e+00 1.331908951459173478e-02
9.143030166625976562e+00 3.943798699342979108e-02
9.156860351562500000e+00 4.609181328447366222e-02
9.163120269775390625e+00 5.614348269001923075e-02
9.164219856262207031e+00 2.532283354288510785e-02
9.165889739990234375e+00 6.970443568395927325e-02
9.166919708251953125e+00 5.097425224916548453e-02
9.168510437011718750e+00 2.034475936311753302e-02
9.168640136718750000e+00 9.285210952100562964e-02
9.174010276794433594e+00 8.112725409517636266e-02
9.177160263061523438e+00 1.682561761803558209e-02
9.179579734802246094e+00 2.916369412195349980e-02
9.180709838867187500e+00 4.459301614920958834e-02
9.181369781494140625e+00 3.514717232334203800e-02
9.182209968566894531e+00 7.042650748036105579e-02
9.187179565429687500e+00 1.651715387269049595e-01
9.187230110168457031e+00 5.093568636806636990e-02
9.190030097961425781e+00 1.640385656680107274e-02
9.201849937438964844e+00 7.894629745189271630e-02
9.204790115356445312e+00 4.314215922704575656e-02
9.215490341186523438e+00 4.745898889926117303e-02
9.224140167236328125e+00 5.445710380730754002e-02
9.226539611816406250e+00 1.074452601133036450e-01
9.228659629821777344e+00 1.814952362302040684e-02
9.229109764099121094e+00 1.075774289883548590e-02
9.250490188598632812e+00 1.166093469340624411e-01
9.250840187072753906e+00 5.451652776192580929e-02
9.266770362854003906e+00 3.575679724351936428e-02
9.268670082092285156e+00 1.788503966713295978e-01
9.269229888916015625e+00 6.307098119166841543e-02
9.274849891662597656e+00 7.477890403635191474e-02
9.301890373229980469e+00 9.419244834713226544e-02
9.331569671630859375e+00 8.125009484239753554e-02
9.364609718322753906e+00 4.514601426307529586e-02
9.365340232849121094e+00 7.864401571886606157e-02
9.371500015258789062e+00 7.614693920693921259e-02
9.372989654541015625e+00 8.596584767292575480e-02
9.376339912414550781e+00 1.698924020513915556e-01
9.388640403747558594e+00 2.737091204486207796e-01
9.389639854431152344e+00 1.236974578219989240e-01
9.397100448608398438e+00 2.994347469047663884e-02
9.401869773864746094e+00 8.134207283099759156e-02
9.404870033264160156e+00 3.418164559574416589e-02
9.410289764404296875e+00 9.969632277375128915e-02
9.410289764404296875e+00 1.503768642682296215e-02
9.411129951477050781e+00 4.907734813478210195e-02
9.418000221252441406e+00 2.088041570214614062e-01
9.419369697570800781e+00 3.655025224203054673e-02
9.420330047607421875e+00 2.758513533461170453e-01
9.421810150146484375e+00 3.524009431181154145e-02
9.423290252685546875e+00 7.600571093964592073e-02
9.426609992980957031e+00 2.313569609401776306e-01
9.427689552307128906e+00 9.706892644126072223e-02
9.443539619445800781e+00 8.221355478279290807e-02
9.448140144348144531e+00 9.347051099806068242e-02
9.464209556579589844e+00 5.173419590741806795e-02
9.516099929809570312e+00 1.243361672220121006e-01
9.516759872436523438e+00 1.349907269667010301e-01
9.524209976196289062e+00 2.513440815386519533e-02
9.536450386047363281e+00 1.970095207946899810e-02
9.543820381164550781e+00 1.341308938897701752e-01
9.550319671630859375e+00 6.994392583960115650e-02
9.561590194702148438e+00 1.050663143465204313e-01
9.564729690551757812e+00 5.981597403760649523e-02
9.568670272827148438e+00 5.649684665773466175e-02
9.591300010681152344e+00 6.053605912547831147e-02
9.601289749145507812e+00 5.436937943283538105e-02
9.603919982910156250e+00 8.973851253009293427e-02
9.605369567871093750e+00 7.447155587790355025e-03
9.609499931335449219e+00 7.028095327257437297e-02
9.614950180053710938e+00 6.535767796267667462e-01
9.615329742431640625e+00 5.907144753865024162e-02
9.615900039672851562e+00 5.568383031440236192e-02
9.617739677429199219e+00 1.827314028095613010e-02
9.617830276489257812e+00 9.429276103031378198e-02
9.623470306396484375e+00 7.552816184597767324e-02
9.629929542541503906e+00 2.628315630144997112e-02
9.637519836425781250e+00 6.447368949885862177e-02
9.644940376281738281e+00 6.530133674458077353e-02
9.645870208740234375e+00 1.776876996351071658e-01
9.652159690856933594e+00 9.661235713943872039e-02
9.653570175170898438e+00 1.100341944508000797e-01
9.655619621276855469e+00 8.846915070793549829e-02
9.656180381774902344e+00 5.370446009385625163e-02
9.656439781188964844e+00 1.557453372881046315e-02
9.657360076904296875e+00 9.954837684722170343e-02
9.659790039062500000e+00 4.148677131039522903e-02
9.671699523925781250e+00 3.589022628924656150e-02
9.678210258483886719e+00 2.988850763025315688e-02
9.683500289916992188e+00 6.608022834284346669e-02
9.690750122070312500e+00 9.583285923340760515e-02
9.712439537048339844e+00 3.587165578128530957e-02
9.741359710693359375e+00 1.454886489537337291e-01
9.742710113525390625e+00 1.113990326851930016e-02
9.752010345458984375e+00 4.049378418677355984e-02
9.756389617919921875e+00 1.224391790576296601e-01
9.761199951171875000e+00 5.974429902828208572e-02
9.762499809265136719e+00 2.563294664570410775e-01
9.764470100402832031e+00 7.555126160210565156e-02
9.769749641418457031e+00 6.311284226308616629e-02
9.775690078735351562e+00 6.042372747164125729e-02
9.778470039367675781e+00 3.273032339885788289e-02
9.779879570007324219e+00 4.593969038126041737e-02
9.781000137329101562e+00 5.353714051653547107e-02
9.781840324401855469e+00 1.149919041429639660e-01
9.786279678344726562e+00 2.000011142163572453e-01
9.790220260620117188e+00 1.168667371821669881e-01
9.796059608459472656e+00 5.504285949370695680e-02
9.800200462341308594e+00 1.482784148278392666e-01
9.800629615783691406e+00 4.978407207423894004e-02
9.812870025634765625e+00 6.669456404252793735e-01
9.815770149230957031e+00 1.305385741668391164e-01
9.820170402526855469e+00 3.694326280882927194e-02
9.821559906005859375e+00 6.748663694059263418e-02
9.822429656982421875e+00 2.837858971142994124e-01
9.830189704895019531e+00 8.393019549630861831e-02
9.834879875183105469e+00 1.519525536586752157e-01
9.843879699707031250e+00 8.033504675482520951e-02
9.844400405883789062e+00 5.445234355526161751e-01
9.854120254516601562e+00 1.220429161432356469e-01
9.858180046081542969e+00 4.285630132389484093e-02
9.859129905700683594e+00 7.063112769509991007e-02
9.859359741210937500e+00 1.013637395553776827e-01
9.881310462951660156e+00 1.291462333768089721e-01
9.923119544982910156e+00 1.512583237978685768e-01
9.942500114440917969e+00 1.874788414308076745e-01
9.943559646606445312e+00 3.701706548396047070e-02
9.976269721984863281e+00 9.773631699881192569e-02
9.990969657897949219e+00 9.173660921908922961e-02
9.991720199584960938e+00 4.023204863701347611e-02
9.991959571838378906e+00 9.618884582672083960e-02
9.996000289916992188e+00 1.134753727093957831e+00
9.996470451354980469e+00 2.175237671152200625e-01
1.000240039825439453e+01 5.521801100118811645e-01
1.000850009918212891e+01 2.885440852093605901e-01
1.001350021362304688e+01 8.239362515694124978e-02
1.001560020446777344e+01 4.374710221939259042e-02
1.001690006256103516e+01 1.754593429233588520e-01
1.001760005950927734e+01 1.376098636500964201e-01
1.002009963989257812e+01 1.127103511088317633e-01
1.002499961853027344e+01 1.526260292062833757e-01
1.002900028228759766e+01 2.538438634793911963e-01
1.003040027618408203e+01 1.756018118146285556e-01
1.003240013122558594e+01 1.726932483703101651e-01
1.003689956665039062e+01 1.437637627702099963e-01
1.004699993133544922e+01 3.598371223120842843e-02
1.005300045013427734e+01 4.759541317606444388e-01
1.007439994812011719e+01 5.919306063887727065e-01
1.009840011596679688e+01 8.337085047292724926e-02
1.010869979858398438e+01 9.818919707776262162e-02
1.011569976806640625e+01 4.769858056226689708e-02
1.012209987640380859e+01 5.788053638749314500e-02
1.012440013885498047e+01 1.455303925642170704e+00
1.012500000000000000e+01 9.672669002739583410e-01
1.012660026550292969e+01 6.971313763838686839e-01
1.013759994506835938e+01 6.847616418611685019e-02
1.014159965515136719e+01 2.132038545300949939e-01
1.016219997406005859e+01 7.785405615847569294e-01
1.017140007019042969e+01 8.605964639459741106e-01
1.017269992828369141e+01 2.909713775473730668e-01
1.018000030517578125e+01 3.243941189487578591e-01
1.018330001831054688e+01 4.599485641506116662e-02
1.018400001525878906e+01 3.012807757210058113e-01
1.018939971923828125e+01 1.125689787516200718e-01
1.019530010223388672e+01 1.417084803614408195e-01
1.019559955596923828e+01 1.636151808750502812e-01
1.019999980926513672e+01 9.351046588838676232e-01
1.020549964904785156e+01 5.693579078838776480e-02
1.020680046081542969e+01 1.283380950866536807e+00
1.021090030670166016e+01 2.768514649232146629e-01
1.021490001678466797e+01 1.033852567282789355e-03
1.021549987792968750e+01 6.510952354405372677e-01
1.022249984741210938e+01 3.103869048090316940e-01
1.023040008544921875e+01 4.245194632213363795e-01
1.023289966583251953e+01 1.863479290347521689e-01
1.023900032043457031e+01 5.353421839596853582e-01
1.024750041961669922e+01 1.111920873416847533e+00
1.025739955902099609e+01 4.055329155741193015e-01
1.026150035858154297e+01 7.092443767468070703e-01
1.026229953765869141e+01 2.825933449222335636e-02
1.026319980621337891e+01 1.309528400054732651e-02
1.026679992675781250e+01 3.100270278267001564e-02
1.026819992065429688e+01 8.173319108785209730e-02
1.027420043945312500e+01 1.158755038787959504e-02
1.027740001678466797e+01 7.236132235886729713e-01
1.027849960327148438e+01 1.153290828439940574e+00
1.028789997100830078e+01 3.859652396617171966e-01
1.029529953002929688e+01 5.280793038580935406e-01
1.030099964141845703e+01 7.747291305920646354e-02
1.030319976806640625e+01 2.911090625513401697e-01
1.030500030517578125e+01 9.020162546901081546e-01
1.032569980621337891e+01 9.268774512152205824e-02
1.032789993286132812e+01 4.091223740142843068e-01
1.032919979095458984e+01 1.029163638105655476e+00
1.035019969940185547e+01 8.447086998601323060e-01
1.037489986419677734e+01 2.704641609124739943e-01
1.038430023193359375e+01 3.864453116283255163e-01
1.038959980010986328e+01 5.221054489133384463e-02
1.039729976654052734e+01 3.992076485033623778e-01
1.040970039367675781e+01 1.303317224503589868e-02
1.041059970855712891e+01 4.587647810624654876e-01
1.041370010375976562e+01 2.967390664641859910e-02
1.041409969329833984e+01 7.158975661201338880e-01
1.041479969024658203e+01 1.433860126236170263e-01
1.041539955139160156e+01 5.457877262964002663e-01
1.044309997558593750e+01 2.007813768593096349e-01
1.045310020446777344e+01 8.045702288873519681e-01
1.048910045623779297e+01 3.321652170330781362e-02
1.051500034332275391e+01 3.472146519407752208e-01
1.053369998931884766e+01 2.706677795457306315e-02
1.053639984130859375e+01 2.476918542714675806e-02
1.056540012359619141e+01 7.339721404197927304e-03
1.058930015563964844e+01 1.911832621684108084e-03
1.060990047454833984e+01 7.543071034983911405e-01
1.061590003967285156e+01 5.457876242868800465e-02
1.179100036621093750e+01 4.575054369921815328e-02
1.180140018463134766e+01 2.726417967121387842e-01
1.191660022735595703e+01 5.439813925619723101e-01
1.195129966735839844e+01 5.337840074807701507e-01
1.197710037231445312e+01 9.089150842033393296e-01
1.198289966583251953e+01 5.490118798749036300e-01
1.199790000915527344e+01 2.447568739440128191e-02
1.200129985809326172e+01 3.945057700129027678e-01
1.200430011749267578e+01 3.337273458432466477e-01
1.200769996643066406e+01 2.878422167930327347e-01
1.203209972381591797e+01 6.877347428132575546e-02
1.203709983825683594e+01 4.723595582539664162e-01
1.203769969940185547e+01 7.420521058669619086e-01
1.204090023040771484e+01 7.564538207961786220e-01
1.205090045928955078e+01 7.457060466669926391e-02
1.206089973449707031e+01 6.197381773420871376e-01
1.206239986419677734e+01 4.747577661405057992e-01
1.206260013580322266e+01 4.252987621826616604e-01
1.207960033416748047e+01 3.728297885855157423e-01
1.208250045776367188e+01 4.601394724657729141e-01
1.211769962310791016e+01 4.861772160866406067e-01
1.213749980926513672e+01 6.296848920190136756e-01
1.214080047607421875e+01 8.640667489366835041e-02
1.214649963378906250e+01 7.512499847121820729e-01
1.215320014953613281e+01 1.039295238382631270e+00
1.216499996185302734e+01 2.204134904737843348e-01
