3.119930066168308258e-02 1.162126639730295952e-02
1.369629949331283569e-01 1.165982309684109181e-01
1.588300019502639771e-01 2.341363954807509335e-05
1.682550013065338135e-01 1.001620382182383528e-01
1.780499964952468872e-01 7.519238883167132792e-02
2.080100029706954956e-01 6.728686865557113039e-01
2.225739955902099609e-01 1.290982279176905749e-03
2.489259988069534302e-01 3.965213863536271588e-01
2.506870031356811523e-01 2.023413743935340015e-01
2.518230080604553223e-01 7.201504652613637258e-01
2.520110011100769043e-01 2.569481124674756478e-02
2.584489881992340088e-01 2.952359921731118053e-02
2.631050050258636475e-01 1.255424740015427698e+00
2.668870091438293457e-01 8.481143572194793645e-01
2.708379924297332764e-01 4.346172109410840756e-01
2.835319936275482178e-01 3.877766681596915566e-02
2.868739962577819824e-01 7.611391136994276607e-01
2.904379963874816895e-01 1.372168841387576554e+00
3.022300004959106445e-01 6.378415712768267798e-02
3.112660050392150879e-01 2.149917447451027974e-01
3.696810007095336914e-01 9.027054321348914057e-01
3.705120086669921875e-01 1.638368273036142631e-01
3.777469992637634277e-01 1.031575694433524371e+00
3.850109875202178955e-01 2.271921290706815366e-01
3.851369917392730713e-01 3.832227198462505036e-01
3.876839876174926758e-01 1.433773753895112857e-01
3.915599882602691650e-01 1.861780159837092552e-02
3.935230076313018799e-01 1.458963130116898155e-01
3.945029973983764648e-01 1.309212312791181720e-01
3.974699974060058594e-01 6.290536222522514764e-01
3.992640078067779541e-01 2.323452406204963516e+00
4.069119989871978760e-01 1.880990580454968697e-01
4.116249978542327881e-01 2.058971356039596412e-01
4.178810119628906250e-01 3.983047131444512612e-01
4.372789859771728516e-01 1.174197829872430043e+00
4.490349888801574707e-01 1.990699301935345833e-01
4.518589973449707031e-01 1.418396006017247357e+00
4.585419893264770508e-01 1.340536143016195947e+00
4.606359899044036865e-01 8.631573849014836375e-01
4.630720019340515137e-01 3.618684285393637956e-01
4.651480019092559814e-01 1.188295160581309240e+00
4.659320116043090820e-01 5.745036108532558528e-01
4.698989987373352051e-01 1.594007945515449443e+00
4.764620065689086914e-01 3.056749679578670831e-01
4.813779890537261963e-01 6.106487980476098532e-01
4.819549918174743652e-01 7.095683076324076355e-01
4.847689867019653320e-01 4.483209886306905312e-01
4.981099963188171387e-01 1.452260710217283812e-01
5.000140070915222168e-01 6.784356952997960821e-01
5.002620220184326172e-01 4.067675005528061383e-01
5.016589760780334473e-01 2.552858072687898439e+00
5.029259920120239258e-01 2.551334152609763262e+00
5.044479966163635254e-01 7.599915065933455782e-01
5.081340074539184570e-01 2.281089484218115360e-01
5.100579857826232910e-01 8.296668662554220752e-01
5.323640108108520508e-01 1.337483527796142768e+00
5.324689745903015137e-01 2.411012671310889810e-01
5.325319766998291016e-01 1.926741872236700515e-01
5.404300093650817871e-01 9.602947375422674625e-01
5.414220094680786133e-01 3.055067710704398865e-01
5.532940030097961426e-01 1.671978749212429838e+00
5.851179957389831543e-01 1.159178915640429963e+00
5.855129957199096680e-01 2.023279663504549131e+00
5.858110189437866211e-01 2.712406390833815295e-01
5.861660242080688477e-01 6.996631588569396376e-02
5.892570018768310547e-01 2.444231279845828997e+00
5.921329855918884277e-01 3.153826218945063320e-01
6.036319732666015625e-01 7.514462789092614114e-01
6.246650218963623047e-01 7.289995453323101782e-02
6.246830224990844727e-01 7.537427728452210651e-01
6.256170272827148438e-01 8.995735558129848153e-01
6.348090171813964844e-01 1.514384216767616476e+00
6.459190249443054199e-01 6.404171402507344846e-01
6.501129865646362305e-01 7.115389475707592504e-02
6.665580272674560547e-01 6.907986019941768641e-01
6.778619885444641113e-01 6.916452477967445223e-01
6.837750077247619629e-01 1.056971403088484696e+00
6.851620078086853027e-01 8.360175332170025619e-01
6.874229907989501953e-01 1.259180433283441758e+00
6.993520259857177734e-01 1.473092181703558490e+00
7.036349773406982422e-01 2.098465035151427238e-01
7.050989866256713867e-01 1.272920365761778250e+00
7.114080190658569336e-01 1.827522702534188359e-01
7.126929759979248047e-01 6.753815388422754196e-02
7.215930223464965820e-01 7.840394494387986635e-01
7.285569906234741211e-01 1.978150325991380187e-01
7.308899760246276855e-01 1.091344879876731566e+00
7.332000136375427246e-01 1.077554625722118020e+00
7.493469715118408203e-01 7.813699780408095430e-02
7.500159740447998047e-01 1.807041420481983462e-01
7.521330118179321289e-01 5.604840380403427469e-01
7.546889781951904297e-01 7.579451999727067346e-02
7.577949762344360352e-01 3.644417599863959412e-01
7.585070133209228516e-01 7.134180257809979997e-01
7.603629827499389648e-01 1.380679783964605667e-01
7.635020017623901367e-01 3.980172347255320209e-01
7.635530233383178711e-01 6.408946771481034421e-01
7.647110223770141602e-01 1.875085166229657041e+00
7.843509912490844727e-01 1.228221901235311497e+00
7.876110076904296875e-01 3.933706072933406683e-01
7.884140014648437500e-01 8.545809404101637474e-01
7.935900092124938965e-01 8.542395927449548676e-01
7.973790168762207031e-01 1.699034845479151512e+00
7.982659935951232910e-01 9.102721638975612706e-01
8.012239933013916016e-01 1.421430665620349920e+00
8.093169927597045898e-01 2.430896990304667535e-02
8.179979920387268066e-01 1.176311453386785083e-01
8.207070231437683105e-01 2.962862296455118227e-01
8.278650045394897461e-01 6.888784012125530598e-01
8.387500047683715820e-01 3.644389192771893549e-01
8.438689708709716797e-01 6.470760452590995637e-01
8.467500209808349609e-01 2.233469210761150903e-01
8.663510084152221680e-01 1.060463107196675914e+00
8.664960265159606934e-01 9.002988024422260427e-01
8.788089752197265625e-01 1.993837986355682546e+00
8.814830183982849121e-01 6.592861308566204670e-01
8.874959945678710938e-01 3.717164489736666688e+00
9.039649963378906250e-01 6.693442886192578767e-01
9.052739739418029785e-01 8.749451272835562232e-01
9.150660037994384766e-01 2.689127439410663012e+00
9.176700115203857422e-01 9.962766018172655169e-01
9.220510125160217285e-01 1.759821618849216840e+00
9.220910072326660156e-01 7.614574056113250222e-01
9.368569850921630859e-01 2.828778132483763391e-02
9.368820190429687500e-01 1.775274118106223042e+00
9.380369782447814941e-01 1.482581085823220013e+00
9.415060281753540039e-01 9.675027743702921956e-01
9.451969861984252930e-01 5.026470493888236524e-01
9.455680251121520996e-01 4.266084874967620011e-01
9.485139846801757812e-01 5.785232722680297979e-01
9.577760100364685059e-01 9.544743996138022046e-01
9.778400063514709473e-01 1.803533196116100079e+00
9.837070107460021973e-01 3.077657390347832145e-01
9.845780134201049805e-01 2.945308584659365736e-01
9.859790205955505371e-01 2.691764828391031150e-01
9.957029819488525391e-01 3.000078417100531802e-01
1.000910043716430664e+00 1.575968668626603231e+00
1.003059983253479004e+00 3.058281283987976940e-01
1.006399989128112793e+00 1.130338121608944757e+00
1.014639973640441895e+00 7.827662477853647438e-01
1.016190052032470703e+00 1.896250579649936929e+00
1.026710033416748047e+00 1.571594460565965967e+00
1.034500002861022949e+00 1.236887302638845360e-01
1.038689970970153809e+00 9.181380376681155253e-01
1.044600009918212891e+00 6.996796266808854581e-01
1.055840015411376953e+00 5.039423092070516308e-01
1.059849977493286133e+00 2.515815962132079142e-01
1.061159968376159668e+00 2.628882419568847606e-01
1.077909946441650391e+00 5.575641462964577022e-02
1.078469991683959961e+00 1.626235095545675247e+00
1.086030006408691406e+00 2.125319684856510072e-01
1.094820022583007812e+00 6.864672775859910203e-01
1.097859978675842285e+00 2.241319694712192723e-01
1.103809952735900879e+00 1.002022401940666149e-02
1.103850007057189941e+00 3.245344375811938242e-01
1.124690055847167969e+00 1.018360544466622164e+00
1.125049948692321777e+00 4.882029260439997298e-01
1.127719998359680176e+00 2.542367359968391582e+00
1.135130047798156738e+00 3.016996038620158860e-01
1.150820016860961914e+00 1.618759838445059107e-01
1.161409974098205566e+00 4.269355942084164801e-01
1.168990015983581543e+00 3.087470991397906275e-02
1.181710004806518555e+00 1.595096107093579296e-01
1.183040022850036621e+00 1.754045522394580336e+00
1.187299966812133789e+00 8.708327238958626371e-01
1.187399983406066895e+00 9.046867063780507090e-01
1.187649965286254883e+00 1.729153072447858319e+00
1.188199996948242188e+00 2.322043121788757603e+00
1.194599986076354980e+00 9.005987338317645863e-01
1.198300004005432129e+00 1.572696574677763526e-01
1.218309998512268066e+00 1.628881887908259163e+00
1.223230004310607910e+00 1.962257773967939767e-01
1.225340008735656738e+00 2.016222828681888402e-01
1.231580018997192383e+00 1.412326041808277255e+00
1.235530018806457520e+00 1.258866628915348840e-01
1.238219976425170898e+00 2.030963701829989532e+00
1.245569944381713867e+00 1.135216317231699357e+00
1.251749992370605469e+00 3.062576001452257390e-01
1.260879993438720703e+00 2.366560296962625098e-01
1.268769979476928711e+00 1.960842910514412341e-01
1.271440029144287109e+00 3.789711273001634129e-01
1.294160008430480957e+00 9.404803160810439877e-01
1.300189971923828125e+00 8.730051708443500313e-01
1.302250027656555176e+00 8.404854250332274290e-01
1.302960038185119629e+00 1.440571825699349162e+00
1.305209994316101074e+00 6.661343458002300100e-02
1.310349941253662109e+00 1.779067402919149721e-01
1.311859965324401855e+00 1.815400622018521704e+00
1.313050031661987305e+00 3.588642668806314440e-01
1.315999984741210938e+00 3.803341070061098117e-01
1.317899942398071289e+00 2.334512010649656966e-01
1.319499969482421875e+00 1.323567133328729106e+00
1.327559947967529297e+00 3.722703988128368002e-01
1.332119941711425781e+00 6.397355744274492162e-01
1.335019946098327637e+00 8.730953274875856429e-02
1.343000054359436035e+00 9.254531783237901488e-01
1.344859957695007324e+00 1.391587663810408826e-01
1.361340045928955078e+00 8.858698263692839081e-01
1.368229985237121582e+00 5.774916102317669830e-01
1.374390006065368652e+00 9.105880288264053268e-01
1.375309944152832031e+00 4.004417403390206909e-01
1.385669946670532227e+00 8.415747374786974877e-02
1.396649956703186035e+00 3.898225208125323527e-02
1.399160027503967285e+00 4.265384009634849427e-01
1.399250030517578125e+00 1.451419503011559087e+00
1.407050013542175293e+00 1.032977956047649748e+00
1.410099983215332031e+00 1.599252091666367170e-01
1.437150001525878906e+00 1.543604604140791370e+00
1.438330054283142090e+00 1.887047653934720848e-01
1.442579984664916992e+00 4.746135188961049800e-01
1.447299957275390625e+00 1.287603056461644524e+00
1.458760023117065430e+00 6.830772032638151581e-01
1.459740042686462402e+00 1.832460426315363877e+00
1.460010051727294922e+00 8.876040908510611782e-01
1.463050007820129395e+00 1.201450366816360527e+00
1.466789960861206055e+00 1.206593587612707630e+00
1.472290039062500000e+00 6.482647330754212067e-01
1.472970008850097656e+00 4.532230725882819278e-01
1.473670005798339844e+00 1.246902197898477199e-01
1.480450034141540527e+00 4.663807713288353057e-02
1.488260030746459961e+00 7.725399594216534327e-01
1.497679948806762695e+00 1.020912137211333892e+00
1.500270009040832520e+00 9.288367772555358171e-01
1.508139967918395996e+00 5.238442271104091219e-01
1.509770035743713379e+00 1.897053719547924233e-01
1.510759949684143066e+00 1.726934775716504777e+00
1.519510030746459961e+00 2.762916143064588770e-01
1.520380020141601562e+00 4.759613705775494474e-01
1.527400016784667969e+00 1.142926490175715903e+00
1.542400002479553223e+00 1.219524805705533677e+00
1.554139971733093262e+00 1.489283349591972172e+00
1.554509997367858887e+00 3.636881475109313477e+00
1.555179953575134277e+00 1.133229185154180918e+00
1.558769941329956055e+00 1.329252878296787621e+00
1.560320019721984863e+00 6.933155487194749000e-02
1.560879945755004883e+00 1.538410709158450906e+00
1.570140004158020020e+00 2.544945448827632406e-01
1.574120044708251953e+00 1.595477055428701774e-01
1.599230051040649414e+00 8.804634067778135398e-01
1.609920024871826172e+00 9.225198236579548183e-01
1.610489964485168457e+00 6.714169036459511908e-01
1.612380027770996094e+00 2.288661038187514707e-01
1.614920020103454590e+00 1.916938532030656894e+00
1.620149970054626465e+00 3.067970702975506697e-02
1.623589992523193359e+00 5.317865781547689297e-01
1.629320025444030762e+00 1.988675287999058128e+00
1.640769958496093750e+00 1.225792917155136053e+00
1.651510000228881836e+00 8.351088318696642254e-01
1.653640031814575195e+00 7.785728993235401241e-01
1.656069993972778320e+00 2.772723602803640608e-01
1.666990041732788086e+00 8.150507989703130451e-02
1.678089976310729980e+00 2.112625878467574991e-02
1.681480050086975098e+00 2.270140482530753623e+00
1.684059977531433105e+00 1.261350249182791317e-01
1.685099959373474121e+00 3.605773099331360809e-01
1.698639988899230957e+00 4.799591976445146124e-01
1.711949944496154785e+00 1.295463568976596758e+00
1.713739991188049316e+00 7.344566400076812940e-02
1.716969966888427734e+00 3.978303341591411108e-02
1.720080018043518066e+00 5.409259634240940473e-01
1.724130034446716309e+00 3.277460544866526715e-01
1.725559949874877930e+00 2.912788356094374365e+00
1.739989995956420898e+00 4.661973822438923998e-01
1.746150016784667969e+00 4.702024139566404748e-01
1.746760010719299316e+00 4.863143572037501028e-01
1.756700038909912109e+00 1.229776400661092950e+00
1.758069992065429688e+00 4.482735580758850369e-01
1.758209943771362305e+00 3.751590436641600301e-01
1.773679971694946289e+00 9.590636098810072507e-01
1.777950048446655273e+00 8.343461695106608733e-01
1.778290033340454102e+00 9.984860298986706351e-01
1.779800057411193848e+00 5.051982531335861282e-01
1.789809942245483398e+00 1.345985052164075935e+00
1.792780041694641113e+00 2.764039007044874485e-01
1.795729994773864746e+00 1.309807174146081277e+00
1.796509981155395508e+00 1.457819915875480543e+00
1.796949982643127441e+00 1.628088534926571962e-01
1.809370040893554688e+00 8.748377972195875429e-01
1.809589982032775879e+00 9.119636302908500358e-01
1.814210057258605957e+00 1.577102652565398611e-01
1.832129955291748047e+00 2.624897805154014385e+00
1.835809946060180664e+00 2.059642584926623110e-01
1.842069983482360840e+00 6.253669034064719412e-01
1.873239994049072266e+00 2.431875991137189552e-01
1.873749971389770508e+00 1.428198968579848849e+00
1.875329971313476562e+00 1.867568105495178266e+00
1.879340052604675293e+00 1.071433677304000076e+00
1.886399984359741211e+00 2.319572732385862535e-01
1.891080021858215332e+00 7.512764047699960201e-02
1.895439982414245605e+00 9.887869709949184682e-02
1.900089979171752930e+00 3.785039462058521487e-01
1.900769948959350586e+00 2.307867955999231835e-01
1.902379989624023438e+00 2.410350842767011725e-01
1.903190016746520996e+00 5.727614013089465245e-02
1.907240033149719238e+00 6.265736101932375401e-01
1.915820002555847168e+00 4.864848914899988497e-01
1.918249964714050293e+00 3.784630200982263548e-01
1.920850038528442383e+00 1.844684594075920447e-01
1.927080035209655762e+00 1.098462386116409728e-01
1.930080056190490723e+00 7.744476661400896411e-01
1.932540059089660645e+00 2.427522407136414873e-01
1.948670029640197754e+00 8.782122484588843481e-01
1.948770046234130859e+00 4.814754441960995557e-01
1.954020023345947266e+00 8.969057219681628723e-01
1.965399980545043945e+00 1.157581283045602261e+00
1.967679977416992188e+00 6.206793922181147449e-01
1.988369941711425781e+00 4.821893775758188116e-01
1.992959976196289062e+00 1.828685903501918064e+00
1.999909996986389160e+00 4.685545020913481351e-01
2.002579927444458008e+00 1.724270251886258709e+00
2.003540039062500000e+00 2.809813888889050926e+00
2.008990049362182617e+00 3.808964182180480940e-01
2.022530078887939453e+00 3.027888246240106190e-02
2.027070045471191406e+00 1.974709618885386875e-02
2.027610063552856445e+00 4.329523158799040705e-01
2.040529966354370117e+00 1.578821098684827784e-01
2.049370050430297852e+00 2.149510174439020760e-01
2.058700084686279297e+00 1.739633931103295172e-01
2.062340021133422852e+00 1.131141547202010461e-01
2.062639951705932617e+00 1.081771756791131689e-01
2.077539920806884766e+00 6.930235626542504690e-01
2.093630075454711914e+00 1.272766031361870720e+00
2.093899965286254883e+00 9.389664659096172983e-01
2.123019933700561523e+00 7.384526109266937866e-01
2.123420000076293945e+00 7.853196253684245620e-02
2.158849954605102539e+00 1.983158797867406453e-01
2.165119886398315430e+00 6.589066654158484693e-02
2.166340112686157227e+00 2.296822631458016184e-01
2.168620109558105469e+00 9.331076155202823186e-01
2.170550107955932617e+00 6.747250218047208259e-01
2.181060075759887695e+00 1.617538320398278717e+00
2.181879997253417969e+00 7.706422228739103764e-01
2.185990095138549805e+00 2.215182189807291813e-01
2.186759948730468750e+00 6.476021483889080055e-02
2.201230049133300781e+00 6.757944065974951231e-01
2.216399908065795898e+00 1.147229204563028904e-01
2.218899965286254883e+00 4.238307416888228291e-02
2.222490072250366211e+00 1.381141256848778531e-01
2.224550008773803711e+00 4.209070862955247017e-01
2.226180076599121094e+00 5.940837161283041984e-02
2.228660106658935547e+00 1.091747852555698117e-01
2.232229948043823242e+00 3.419297678631184889e-02
2.232949972152709961e+00 8.623621879857182315e-02
2.234960079193115234e+00 9.656317929054625271e-02
2.245539903640747070e+00 5.084533949543336775e-03
2.248869895935058594e+00 8.215540653161088613e-01
2.251070022583007812e+00 2.983208645246609447e-01
2.262860059738159180e+00 3.248909037156871848e-02
2.263309955596923828e+00 9.438254192977055812e-01
2.263679981231689453e+00 3.011229470365579114e-02
2.288089990615844727e+00 3.089131751472806164e-01
2.291779994964599609e+00 1.018175003078304330e+00
2.295850038528442383e+00 8.705147898299679943e-01
2.299999952316284180e+00 4.626046190153341731e-01
2.320430040359497070e+00 6.143506780657623789e-01
2.333329916000366211e+00 5.566225679414462529e-02
2.334259986877441406e+00 8.846444995619975882e-02
2.339699983596801758e+00 2.577712752902559801e-02
2.340199947357177734e+00 6.750188070013259101e-02
2.345629930496215820e+00 9.988726406183729978e-01
2.354010105133056641e+00 8.168752672139296678e-01
2.358069896697998047e+00 2.361145031821511586e-01
2.361550092697143555e+00 9.319510612627571189e-02
2.366549968719482422e+00 5.847566122672374217e-02
2.379790067672729492e+00 1.531141845788945632e+00
2.384089946746826172e+00 3.409866628565834668e-01
2.387229919433593750e+00 3.999360160984523072e-01
2.388750076293945312e+00 7.394494244529723447e-03
2.390290021896362305e+00 3.822960526762200772e-02
2.391580104827880859e+00 4.956091900582987320e-02
2.393860101699829102e+00 1.678049648701280747e-02
2.394340038299560547e+00 6.299573666646027803e-01
2.395839929580688477e+00 6.810794302573736081e-02
2.399490118026733398e+00 6.972978895113604580e-02
2.403259992599487305e+00 3.477797361259719888e-02
2.405329942703247070e+00 1.804475263630310744e-01
2.414259910583496094e+00 7.680661779047423532e-02
2.418679952621459961e+00 3.520379558688905841e-01
2.419559955596923828e+00 1.533250249772179497e-01
2.424870014190673828e+00 1.156908408489384227e-01
2.440900087356567383e+00 5.040581334733498092e-02
2.445889949798583984e+00 9.000187909338261960e-01
2.450010061264038086e+00 2.382238215760585087e-01
2.467220067977905273e+00 9.713905148562880232e-01
2.479039907455444336e+00 1.243170605443912197e-01
2.487979888916015625e+00 1.218056696551819001e-02
2.492280006408691406e+00 1.296319221719664239e-01
2.496540069580078125e+00 1.262626539532214209e-01
2.509000062942504883e+00 7.762888771419883260e-02
2.510560035705566406e+00 1.022831997038996965e+00
2.531389951705932617e+00 7.402530445263750813e-01
2.542749881744384766e+00 8.651252099567927623e-01
2.556910037994384766e+00 2.404471646688941533e-01
2.558109998703002930e+00 5.735221212741589136e-01
2.563040018081665039e+00 9.213395674002363700e-01
2.564680099487304688e+00 3.366645012271118342e-01
2.567939996719360352e+00 4.649662776609134879e-02
2.570189952850341797e+00 3.451172615944584909e-01
2.585269927978515625e+00 7.228330647231032136e-02
2.587419986724853516e+00 9.091718825365614765e-02
2.589080095291137695e+00 2.517728810364308276e-02
2.596960067749023438e+00 1.323828438758920756e+00
2.623909950256347656e+00 8.121916614968817394e-02
2.625910043716430664e+00 3.926277301788404228e-02
2.628979921340942383e+00 6.584749277742212026e-02
2.634119987487792969e+00 1.102496083663844356e-01
2.637320041656494141e+00 3.793464584237939835e-02
2.637850046157836914e+00 5.219363648133908823e-02
2.642620086669921875e+00 6.550355945859028806e-01
2.643290042877197266e+00 4.603726726801861402e-02
2.647700071334838867e+00 7.073254187624997691e-01
2.647910118103027344e+00 9.832467037181424896e-02
2.648149967193603516e+00 1.420030526112553981e-01
2.653719902038574219e+00 8.173407007848118577e-02
2.657449960708618164e+00 1.891973011628926837e-01
2.663280010223388672e+00 1.199951593225454805e-01
2.670819997787475586e+00 2.029886626130384883e-02
2.670919895172119141e+00 2.149773622891622549e-01
2.702310085296630859e+00 6.277525597762562137e-01
2.739109992980957031e+00 2.304659036373422620e-01
2.753129959106445312e+00 7.817128506450043979e-02
2.753340005874633789e+00 1.381097392311387562e-01
2.757910013198852539e+00 3.302842973232553714e-01
2.767290115356445312e+00 1.279605547650950192e-01
2.773649930953979492e+00 2.273367559416192285e-02
2.774810075759887695e+00 1.642052273145672703e-01
2.787729978561401367e+00 7.859698134306911110e-02
2.805190086364746094e+00 1.170910142296291756e+00
2.808710098266601562e+00 7.530365786341940149e-02
2.809099912643432617e+00 3.364428680567796426e-02
2.810859918594360352e+00 5.906317763886408390e-01
2.816940069198608398e+00 6.983518456324444568e-01
2.827300071716308594e+00 7.338020064848435609e-02
2.831059932708740234e+00 6.996889059830589952e-01
2.833230018615722656e+00 5.817289062505235503e-02
2.833820104598999023e+00 9.883197319773842637e-02
2.834820032119750977e+00 3.147280871712502398e-02
2.834830045700073242e+00 1.734630286731745630e-01
2.835720062255859375e+00 9.321684777785612178e-03
2.842240095138549805e+00 4.317859068183507038e-02
2.842319965362548828e+00 1.239327179628422065e-01
2.852339982986450195e+00 1.972179178660277143e-01
2.863980054855346680e+00 1.347184367450955655e-01
2.869590044021606445e+00 3.634085510155805193e-02
2.873769998550415039e+00 9.297251741224879518e-02
2.877199888229370117e+00 1.310099144925065129e-01
2.877710103988647461e+00 7.840642101079785264e-02
2.879620075225830078e+00 8.839384457907560610e-02
2.885360002517700195e+00 1.164263055670451963e-01
2.885950088500976562e+00 3.593776457863018942e-02
2.895750045776367188e+00 9.571815157028143450e-02
2.912349939346313477e+00 9.755392663693469857e-02
2.926239967346191406e+00 5.994529233671014312e-01
2.929790019989013672e+00 2.065177678615231494e-01
2.934629917144775391e+00 7.106970435625430127e-02
2.936009883880615234e+00 7.560287607862092862e-02
2.937239885330200195e+00 6.158244167790824508e-02
2.958479881286621094e+00 1.517776865553667753e-01
2.976939916610717773e+00 8.160713249101318734e-02
2.978480100631713867e+00 8.833078012677902935e-02
2.988100051879882812e+00 4.576725337814432915e-02
2.993779897689819336e+00 1.013188649571899053e-01
3.004019975662231445e+00 1.410549583996545675e-01
3.008889913558959961e+00 1.887062184303032186e-01
3.011600017547607422e+00 4.270627347010801794e-02
3.016789913177490234e+00 2.798341631209696478e-01
3.021490097045898438e+00 6.826178219106485145e-02
3.022360086441040039e+00 4.351006222072323348e-02
3.025320053100585938e+00 1.957989765827294892e-01
3.032160043716430664e+00 2.177345906255611085e-01
3.034470081329345703e+00 2.299266275588867092e-01
3.034960031509399414e+00 2.620201422495249122e-01
3.036159992218017578e+00 4.348822284581761732e-02
3.036279916763305664e+00 4.116422696556027577e-02
3.037729978561401367e+00 2.262784191554093050e-01
3.041480064392089844e+00 4.295045315392680418e-01
3.047410011291503906e+00 1.271869711100349076e-01
3.048229932785034180e+00 6.987239087586015474e-02
3.049979925155639648e+00 6.142025698356590180e-02
3.053770065307617188e+00 1.232979801820684451e-01
3.055530071258544922e+00 5.683077144421836563e-02
3.059710025787353516e+00 7.389419656370430078e-02
3.067559957504272461e+00 2.642446025315813296e-01
3.163990020751953125e+00 2.526617596881664540e-01
3.176440000534057617e+00 2.345023828661108728e-02
3.182980060577392578e+00 1.409212308691244475e-01
3.188560009002685547e+00 6.936562664434849090e-02
3.204610109329223633e+00 3.364796390663815639e-02
3.206330060958862305e+00 4.741268000780506087e-02
3.213380098342895508e+00 1.710385013710285507e-01
3.228329896926879883e+00 3.384829926957024643e-02
3.231260061264038086e+00 5.063168867878412027e-02
3.235599994659423828e+00 5.438867161756081453e-02
3.239850044250488281e+00 8.003964332459174991e-02
3.244430065155029297e+00 5.656911977094535721e-02
3.253050088882446289e+00 3.712808217406004391e-02
3.261320114135742188e+00 7.617721985280340169e-02
3.261950016021728516e+00 2.944695454065265894e-02
3.263570070266723633e+00 3.425489474649611593e-02
3.264879941940307617e+00 6.554682370352861442e-02
3.266849994659423828e+00 3.073336227772941256e-02
3.270819902420043945e+00 4.668842264471665532e-02
3.271780014038085938e+00 1.053714458775146211e-02
3.273169994354248047e+00 3.270614862570475623e-02
3.276639938354492188e+00 6.826925728603575050e-02
3.278769969940185547e+00 1.359440460478995027e-01
3.282969951629638672e+00 6.745308281093628788e-02
3.284359931945800781e+00 3.873457016358047150e-02
3.284790039062500000e+00 4.390012413339358655e-02
3.285969972610473633e+00 5.195580182870394165e-02
3.289560079574584961e+00 7.099716018768134629e-02
3.292579889297485352e+00 9.463525392184073820e-03
3.293970108032226562e+00 3.470619456963261462e-02
3.297810077667236328e+00 1.087719823625263871e-01
3.300539970397949219e+00 2.195738236312005931e-02
3.356509923934936523e+00 5.380969927397361713e-02
3.357899904251098633e+00 3.126998509485509614e-02
3.368149995803833008e+00 4.049574149397194150e-02
3.369829893112182617e+00 4.805168824594287930e-02
3.371900081634521484e+00 5.134514645711432679e-02
3.381010055541992188e+00 5.625020397728089372e-02
3.386929988861083984e+00 3.276032994051332470e-02
3.395109891891479492e+00 2.716410779165179951e-02
3.398509979248046875e+00 1.959715637560378865e-01
3.407360076904296875e+00 6.382307318445806441e-03
3.408730030059814453e+00 3.587250069211363884e-02
3.410259962081909180e+00 4.458759168466379375e-02
3.410949945449829102e+00 5.591455369204944431e-02
3.414089918136596680e+00 2.193694071495612685e-01
3.417490005493164062e+00 5.847987434633736270e-02
3.419310092926025391e+00 4.822010986202068805e-02
3.421839952468872070e+00 2.556939720995764914e-02
3.423949956893920898e+00 2.605235046622587231e-02
3.429160118103027344e+00 3.262256568500965931e-02
3.430939912796020508e+00 6.471912676650488916e-02
3.432559967041015625e+00 7.618024823027579398e-03
3.432919979095458984e+00 2.271066738720452921e-02
3.433039903640747070e+00 2.167525183733031227e-02
3.442709922790527344e+00 2.753031306679370321e-02
3.445590019226074219e+00 6.235456325848161285e-02
3.445640087127685547e+00 3.140381519250358411e-02
3.447619915008544922e+00 3.090362225554215553e-02
3.461199998855590820e+00 1.144664857939439589e-01
3.486380100250244141e+00 3.638702043801086278e-02
3.509670019149780273e+00 3.134470512810848264e-02
3.518670082092285156e+00 3.611831680016799884e-02
3.522399902343750000e+00 9.048855705669675564e-02
3.526329994201660156e+00 4.398781921189757332e-02
3.530430078506469727e+00 7.217562927158720221e-02
3.530889987945556641e+00 6.712786275331497632e-02
3.537820100784301758e+00 1.156997825869607865e-01
3.599750041961669922e+00 5.079362330192876973e-02
3.609220027923583984e+00 8.101814632961651386e-02
3.613450050354003906e+00 3.561636456132374201e-02
3.613480091094970703e+00 2.285063066478058152e-02
3.616090059280395508e+00 1.720922068577068476e-01
3.620290040969848633e+00 1.233605384585924891e-01
3.621040105819702148e+00 7.303802462355094005e-02
3.624030113220214844e+00 1.104518472037771953e-01
3.624769926071166992e+00 8.974504239417392670e-02
3.625109910964965820e+00 1.304565665288554277e-01
3.631030082702636719e+00 5.821142880357466076e-02
3.644619941711425781e+00 3.395464162483838311e-02
3.645950078964233398e+00 1.100467389675689606e-01
3.647200107574462891e+00 6.542050199183752079e-02
3.651839971542358398e+00 4.585014225973570168e-02
3.652820110321044922e+00 3.035351731844764325e-02
3.653359889984130859e+00 3.973818165380844925e-02
3.656729936599731445e+00 2.447434844800532028e-02
3.657040119171142578e+00 1.271990752936638380e-01
3.661679983139038086e+00 3.628634942687494758e-02
3.663019895553588867e+00 2.291044622230160518e-02
3.672600030899047852e+00 1.979033894134673288e-01
3.673939943313598633e+00 2.143950971879698686e-01
3.697479963302612305e+00 8.668036624887244523e-02
3.768470048904418945e+00 1.701637064688795165e-01
3.770210027694702148e+00 7.127479544649346910e-02
3.791039943695068359e+00 9.855201395184462476e-02
3.792150020599365234e+00 4.022613905598496770e-02
3.793879985809326172e+00 6.273873738303285819e-02
3.794670104980468750e+00 6.941912560006832655e-02
3.803760051727294922e+00 5.249962041671736579e-02
3.815969944000244141e+00 1.463197462702606547e-02
3.817300081253051758e+00 2.839951329885714304e-01
3.824359893798828125e+00 1.712694110325677088e-01
3.831510066986083984e+00 2.851469450069274436e-02
3.833389997482299805e+00 1.013230750197988833e-01
3.842639923095703125e+00 8.275327697976565811e-02
3.843430042266845703e+00 1.715106526080859700e-02
3.850630044937133789e+00 5.018533162640038958e-02
3.854340076446533203e+00 2.494255589228482756e-02
3.855449914932250977e+00 2.511342423496557008e-02
3.859159946441650391e+00 1.799503271933135945e-02
3.860929965972900391e+00 9.113838728059182881e-02
3.863100051879882812e+00 3.656006570506620257e-02
3.863879919052124023e+00 2.782853509093675265e-02
3.866470098495483398e+00 1.452723734819208294e-02
3.872750043869018555e+00 1.378123262565876805e-01
3.876470088958740234e+00 1.811227108106809244e-02
3.876729965209960938e+00 8.199407039002640230e-02
3.881409883499145508e+00 6.053186840538993252e-02
3.882149934768676758e+00 2.499881805416102540e-02
3.884130001068115234e+00 3.934130260988789873e-02
3.884870052337646484e+00 4.154204943363768582e-02
3.887190103530883789e+00 3.783774676812261262e-02
3.896090030670166016e+00 9.126721696219453062e-02
3.907449960708618164e+00 1.753647101753422199e-01
3.908720016479492188e+00 5.953145209721080050e-02
3.931809902191162109e+00 1.117011447501928961e-02
3.942320108413696289e+00 5.791900825016670779e-02
3.958349943161010742e+00 2.259384639389820995e-02
3.961319923400878906e+00 1.295587962166028576e-02
3.979409933090209961e+00 1.181956558530467827e-01
3.991420030593872070e+00 1.255658395875803857e-01
3.996249914169311523e+00 4.982215838937989472e-02
4.001989841461181641e+00 4.019025984374199195e-02
4.006929874420166016e+00 2.489846986364913084e-02
4.008590221405029297e+00 1.546941848625666902e-02
4.013259887695312500e+00 3.718180954643984792e-02
4.014949798583984375e+00 5.356270501228146269e-02
4.015900135040283203e+00 2.464782101625515032e-01
4.017459869384765625e+00 4.438130634305499644e-02
4.018980026245117188e+00 4.563112846647304072e-02
4.019100189208984375e+00 3.870312545686396821e-02
4.022880077362060547e+00 6.648891545566112948e-02
4.025690078735351562e+00 1.823224100949829424e-02
4.028679847717285156e+00 1.788577740286581841e-01
4.030069828033447266e+00 8.227181907908169556e-02
4.033750057220458984e+00 3.379495763561318061e-02
4.034510135650634766e+00 3.689503074320868437e-02
4.034669876098632812e+00 6.842207078847281632e-02
4.042250156402587891e+00 2.547447803679424999e-02
4.050300121307373047e+00 6.165158674582287002e-02
4.050839900970458984e+00 7.925191538792426826e-02
4.062540054321289062e+00 3.186337121298711550e-02
4.067240238189697266e+00 8.980517069907514860e-02
4.067420005798339844e+00 1.213524083741775866e-01
4.073050022125244141e+00 8.719187170734499226e-02
4.075660228729248047e+00 5.397860488774630650e-02
4.088850021362304688e+00 1.141541761875925348e-01
4.091479778289794922e+00 1.040306420361495066e-01
4.108399868011474609e+00 8.798609170513778388e-02
4.131490230560302734e+00 1.066528863855729231e-01
4.192719936370849609e+00 9.801913688875606157e-02
4.207260131835937500e+00 1.502026910353131475e-02
4.208330154418945312e+00 7.197306400527155035e-02
4.222970008850097656e+00 2.606826840679959401e-01
4.223609924316406250e+00 4.650767803855049981e-02
4.225299835205078125e+00 6.062267693165657167e-02
4.229800224304199219e+00 1.960609101943052157e-01
4.231480121612548828e+00 1.694288443130226585e-01
4.231500148773193359e+00 2.581303619233710905e-02
4.235159873962402344e+00 3.016358201206554256e-03
4.236120223999023438e+00 4.154005394104639398e-02
4.238870143890380859e+00 5.693996382215820579e-02
4.241909980773925781e+00 3.249770416941316631e-02
4.243360042572021484e+00 8.881162453006510860e-02
4.248770236968994141e+00 1.893298897231828620e-02
4.250569820404052734e+00 9.252643053468963263e-02
4.252069950103759766e+00 2.980067707809712363e-02
4.252140045166015625e+00 2.928466068357005181e-01
4.257549762725830078e+00 1.302002408421444879e-01
4.257820129394531250e+00 1.426986854052788023e-01
4.260789871215820312e+00 1.729200216414853164e-01
4.261390209197998047e+00 3.279734734858626849e-02
4.266069889068603516e+00 4.258746611433369272e-02
4.272940158843994141e+00 3.788926671850594702e-02
4.332029819488525391e+00 2.231901281744572973e-01
4.342999935150146484e+00 8.771967958182400049e-02
4.346809864044189453e+00 7.416501222835938933e-02
4.357429981231689453e+00 4.497145179638400991e-02
4.363210201263427734e+00 2.115578683550137576e-02
4.367199897766113281e+00 6.239970507400477429e-02
4.379990100860595703e+00 7.412063223527207145e-02
4.420909881591796875e+00 1.540234347494399622e-02
4.428249835968017578e+00 6.199311093463047428e-02
4.433489799499511719e+00 1.345482909941479455e-01
4.434010028839111328e+00 4.842259516717516837e-02
4.439310073852539062e+00 1.640469328304001648e-02
4.442729949951171875e+00 4.785631617042662711e-02
4.443019866943359375e+00 2.377558347225201124e-02
4.443140029907226562e+00 6.885226143472397697e-02
4.445429801940917969e+00 2.235718388651597444e-01
4.446599960327148438e+00 3.380413670866131565e-02
4.446710109710693359e+00 1.228900651830637791e-01
4.455210208892822266e+00 1.670001305796123270e-02
4.456779956817626953e+00 1.352556601493256905e-01
4.458660125732421875e+00 5.380557959753175246e-02
4.461259841918945312e+00 9.056743752867331410e-02
4.461669921875000000e+00 4.526612227502050528e-02
4.462250232696533203e+00 3.918991242343551618e-02
4.463669776916503906e+00 3.939742931531130254e-02
4.466589927673339844e+00 9.077114753358100918e-02
4.469480037689208984e+00 1.874197537581047748e-02
4.473420143127441406e+00 2.100078669638969289e-02
4.474190235137939453e+00 9.812681476293644289e-02
4.477280139923095703e+00 5.434789595855170352e-02
4.480879783630371094e+00 3.201766768011662934e-02
4.488890171051025391e+00 3.290353435872164084e-02
4.497570037841796875e+00 9.454912646347053695e-02
4.508430004119873047e+00 3.648175990672952035e-02
4.508940219879150391e+00 1.751858367791070403e-02
4.548580169677734375e+00 5.112077010076837569e-02
4.562970161437988281e+00 7.420412067272247336e-02
4.565740108489990234e+00 8.612465022834060735e-02
4.581719875335693359e+00 3.183173015831079755e-02
4.584980010986328125e+00 7.982698670079746428e-02
4.585239887237548828e+00 6.554231860299189472e-02
4.587950229644775391e+00 3.172769361732695470e-02
4.590519905090332031e+00 5.551228513169500361e-02
4.595829963684082031e+00 2.673240587251175804e-02
4.596610069274902344e+00 4.745074643219952121e-02
4.596909999847412109e+00 5.010783727288870004e-02
4.599699974060058594e+00 3.040839960969281275e-02
4.604159832000732422e+00 1.156710276794987585e-01
4.605599880218505859e+00 7.241218945156333020e-02
4.608640193939208984e+00 2.988607800867792291e-02
4.611360073089599609e+00 7.578711566930537713e-02
4.614409923553466797e+00 5.338786881641821580e-02
4.616069793701171875e+00 1.929413391052702681e-02
4.618289947509765625e+00 2.183052822521219447e-02
4.618889808654785156e+00 3.909308020048228582e-02
4.627540111541748047e+00 1.082626118240024721e-01
4.628880023956298828e+00 7.757262036077818002e-02
4.630690097808837891e+00 4.069058740238362670e-02
4.646749973297119141e+00 1.620701722707670323e-01
4.649869918823242188e+00 4.446519172766471434e-02
4.649879932403564453e+00 6.450510554278719721e-02
4.664179801940917969e+00 4.958591116000415910e-02
4.666399955749511719e+00 9.634431517186231586e-02
4.668580055236816406e+00 1.712588378349890750e-01
4.669209957122802734e+00 1.539747239197318818e-01
4.682189941406250000e+00 1.671488900634345853e-01
4.686279773712158203e+00 6.251176407606078012e-02
4.733469963073730469e+00 4.736341503843230494e-01
4.784389972686767578e+00 1.917403707529425627e-01
4.798349857330322266e+00 6.217587713828234136e-02
4.802010059356689453e+00 4.733170561165758045e-02
4.802149772644042969e+00 8.849897661896251322e-02
4.802370071411132812e+00 5.304409084530095631e-02
4.807750225067138672e+00 1.774965338440264440e-01
4.818510055541992188e+00 7.151154606460907726e-02
4.822549819946289062e+00 7.285517492606201351e-02
4.824289798736572266e+00 1.433877696873513685e-01
4.826839923858642578e+00 6.670126311949604869e-02
4.827089786529541016e+00 1.216950765387731642e-01
4.829370021820068359e+00 2.367422639629185588e-01
4.833509922027587891e+00 2.255507890296462592e-02
4.834939956665039062e+00 1.074394591902385135e-02
4.837719917297363281e+00 2.894313056828985362e-02
4.840310096740722656e+00 6.030872422405148675e-02
4.842460155487060547e+00 8.036008016197924986e-02
4.842609882354736328e+00 2.829201756354639621e-02
4.843989849090576172e+00 7.482979503806855281e-02
4.844580173492431641e+00 3.221209233115293613e-01
4.848070144653320312e+00 8.685651357415673235e-02
4.870960235595703125e+00 7.100355249647169464e-02
4.875919818878173828e+00 6.484699205418187340e-02
4.877799987792968750e+00 5.012770667103387534e-02
4.930240154266357422e+00 1.127294620979596984e-01
4.933849811553955078e+00 1.219646045120156563e-01
4.937489986419677734e+00 2.094777013820788361e-02
4.942420005798339844e+00 1.218536848697258576e-02
4.953269958496093750e+00 1.649871941524209615e-02
4.957640171051025391e+00 9.354694329754258131e-02
4.977260112762451172e+00 9.372294085564100707e-02
4.996769905090332031e+00 7.893225393964377334e-02
4.997960090637207031e+00 4.669453434317819007e-02
5.007830142974853516e+00 4.152135620922378645e-02
5.008259773254394531e+00 7.224373533289697724e-02
5.025129795074462891e+00 2.774144376715310251e-02
5.028779983520507812e+00 2.615564166640938978e-02
5.032269954681396484e+00 3.492002516654479222e-02
5.032649993896484375e+00 4.589719415453542839e-02
5.038609981536865234e+00 1.101625468214489575e-02
5.039979934692382812e+00 1.245825036355748539e-01
5.041959762573242188e+00 1.743029647969440710e-02
5.044889926910400391e+00 3.888338003268210913e-02
5.047629833221435547e+00 1.404639585370221488e-01
5.048999786376953125e+00 3.561200622229106910e-02
5.055039882659912109e+00 1.119830621214720490e-01
5.058519840240478516e+00 8.967624139000782146e-02
5.059750080108642578e+00 2.589873170338449077e-02
5.060910224914550781e+00 6.144374875381040102e-01
5.061150074005126953e+00 6.058048036611480419e-02
5.065800189971923828e+00 5.194043833764564605e-02
5.074850082397460938e+00 6.274408807260695164e-02
5.084559917449951172e+00 7.436421060761955193e-02
5.084720134735107422e+00 1.461848514907113095e-02
5.086209774017333984e+00 8.843212263531155526e-02
5.090909957885742188e+00 1.363984227441697172e-01
5.101540088653564453e+00 3.081875508703531968e-02
5.104609966278076172e+00 1.439095826786357391e-01
5.110420227050781250e+00 2.896417230234392681e-01
5.156690120697021484e+00 4.438064482759569718e-02
5.169499874114990234e+00 2.328289557568834212e-02
5.169970035552978516e+00 2.701193457424973243e-02
5.172830104827880859e+00 1.279893794501313006e-02
5.175270080566406250e+00 1.951104259517180695e-02
5.177700042724609375e+00 2.844603941250010981e-02
5.185619831085205078e+00 6.093835091588085673e-01
5.187329769134521484e+00 9.168042066603054874e-02
5.194230079650878906e+00 1.292214394423537860e-01
5.195469856262207031e+00 5.611397831457749091e-02
5.196790218353271484e+00 2.953459489629228080e-02
5.201529979705810547e+00 1.059172270851269915e-01
5.206049919128417969e+00 4.270780761292847227e-02
5.206840038299560547e+00 2.766162793772726503e-02
5.210340023040771484e+00 8.822657208657078143e-02
5.211510181427001953e+00 1.785114591325928368e-01
5.213250160217285156e+00 9.137085125511540395e-02
5.213840007781982422e+00 5.258989578508923429e-02
5.214330196380615234e+00 1.204251424644530929e-02
5.215579986572265625e+00 3.842954401951310245e-02
5.216199874877929688e+00 2.006031247256846173e-01
5.216810226440429688e+00 5.763644426907129498e-02
5.221330165863037109e+00 2.579484894802636791e-02
5.223020076751708984e+00 3.229087705486761994e-02
5.242400169372558594e+00 7.239546669678909030e-02
5.247399806976318359e+00 1.251159525974307740e-01
5.260890007019042969e+00 4.293077864820065148e-01
5.271349906921386719e+00 1.680661388193919192e-01
5.272960186004638672e+00 1.591519570184318499e-01
5.273530006408691406e+00 1.321485859208422486e-01
5.275809764862060547e+00 1.609749809678325677e-02
5.291480064392089844e+00 3.254904395212878110e-01
5.296740055084228516e+00 2.255970537040472360e-02
5.390960216522216797e+00 3.983262009964791961e-01
5.397699832916259766e+00 1.177612008926694348e-01
5.403250217437744141e+00 4.887031455691017573e-02
5.404389858245849609e+00 4.783220714901759846e-02
5.410079956054687500e+00 1.955599541432726657e-02
5.410729885101318359e+00 1.243403132411147888e-02
5.412390232086181641e+00 2.553205538159594029e-02
5.415339946746826172e+00 6.062572614642620233e-02
5.418600082397460938e+00 1.946739004615311852e-01
5.419139862060546875e+00 1.914226691782594178e-02
5.420199871063232422e+00 5.842992965571951192e-02
5.424180030822753906e+00 2.595643282415875386e-01
5.425320148468017578e+00 5.889566558396753387e-02
5.427390098571777344e+00 7.567921079149966812e-02
5.430580139160156250e+00 7.488015174070475344e-02
5.434929847717285156e+00 3.385393031872296898e-02
5.439780235290527344e+00 1.199764490141672912e-01
5.441349983215332031e+00 4.263117568730027257e-02
5.447979927062988281e+00 2.947523137683910263e-02
5.450829982757568359e+00 1.954108047903001591e-02
5.450890064239501953e+00 3.434903391978015585e-02
5.457039833068847656e+00 3.273755465241258711e-01
5.457689762115478516e+00 4.781571987196918394e-02
5.459290027618408203e+00 1.016838788658369075e-01
5.525740146636962891e+00 1.370964325056446553e-01
5.535150051116943359e+00 8.078655691219202573e-02
5.549970149993896484e+00 4.739943075902486314e-02
5.551159858703613281e+00 1.099009487422999004e-01
5.554319858551025391e+00 9.687697401574787981e-02
5.554629802703857422e+00 1.982191939135239181e-02
5.562009811401367188e+00 1.668502658739306754e-01
5.562160015106201172e+00 4.770062848570747610e-02
5.610849857330322266e+00 3.755380227067835891e-02
5.618840217590332031e+00 3.339307940554984977e-02
5.620210170745849609e+00 5.554070357078513126e-02
5.620910167694091797e+00 1.110380938372759058e-01
5.623099803924560547e+00 1.695080871171458503e-01
5.628739833831787109e+00 8.909710084707342381e-02
5.631420135498046875e+00 1.388368235677015471e-02
5.633339881896972656e+00 1.238293383499595723e-01
5.639400005340576172e+00 4.321055171581424104e-02
5.643099784851074219e+00 3.871318183410280001e-02
5.643889904022216797e+00 1.443518961791414312e-01
5.644680023193359375e+00 3.884991408013550862e-02
5.646140098571777344e+00 2.307427179672057529e-02
5.646820068359375000e+00 4.532221242088287083e-02
5.650499820709228516e+00 6.627877517799164730e-02
5.652850151062011719e+00 3.187644575169047007e-02
5.654220104217529297e+00 7.898315079691450857e-02
5.661759853363037109e+00 4.339836802029737456e-02
5.663559913635253906e+00 6.280878163434044925e-02
5.664340019226074219e+00 9.263998329626002559e-02
5.671529769897460938e+00 4.368584130148928796e-02
5.671830177307128906e+00 5.733866780373358257e-02
5.683060169219970703e+00 6.099013042287751429e-02
5.684259891510009766e+00 3.765385978577941856e-02
5.698939800262451172e+00 9.313660137335716405e-02
5.703070163726806641e+00 5.661878793893908995e-02
5.715129852294921875e+00 9.324202097845055159e-02
5.731349945068359375e+00 8.999994997186547274e-02
5.753600120544433594e+00 2.081182025098612942e-02
5.764880180358886719e+00 1.997432143200758570e-01
5.778329849243164062e+00 6.481995822470333624e-02
5.781189918518066406e+00 5.169187122486332969e-02
5.782330036163330078e+00 1.502215257698560069e-01
5.787399768829345703e+00 8.396440085347132987e-02
5.791920185089111328e+00 2.996037081693661563e-02
5.792829990386962891e+00 6.322321707799208323e-02
5.793240070343017578e+00 1.414276643487982765e-02
5.794239997863769531e+00 2.112300063116410997e-02
5.797770023345947266e+00 4.999144220344189579e-03
5.802639961242675781e+00 5.061476653260394559e-02
5.803450107574462891e+00 7.949788769759826013e-02
5.803709983825683594e+00 1.121968837142059833e-01
5.806089878082275391e+00 2.871668251875871269e-01
5.806159973144531250e+00 6.757134087154105517e-02
5.806670188903808594e+00 3.815341336022175234e-02
5.808450222015380859e+00 1.503447401869982547e-01
5.813640117645263672e+00 7.318028660644046446e-02
5.816669940948486328e+00 3.929591325962525361e-02
5.820930004119873047e+00 1.910735475409867934e-01
5.820990085601806641e+00 3.543408623151186876e-02
5.821829795837402344e+00 1.007281020954516187e-01
5.844490051269531250e+00 1.126604955356527438e-01
5.862549781799316406e+00 2.264989860589814996e-01
5.863220214843750000e+00 3.467397710636839492e-02
5.865859985351562500e+00 4.936663853979133404e-02
5.873579978942871094e+00 1.325759011282442723e-01
5.883200168609619141e+00 2.138569301090220143e-01
5.887969970703125000e+00 8.759136431311466409e-02
5.908559799194335938e+00 1.692770769863624625e-01
5.915249824523925781e+00 2.453890687930547765e-01
5.977920055389404297e+00 1.344936229874139910e-01
5.991439819335937500e+00 4.490859476560377095e-02
5.991580009460449219e+00 8.597585460432062565e-02
5.992219924926757812e+00 5.238629327039059924e-02
5.996150016784667969e+00 7.147966806871218493e-02
5.999609947204589844e+00 2.203903949281663111e-01
6.003540039062500000e+00 8.822794153673073347e-02
6.008550167083740234e+00 2.729577976627998309e-02
6.011010169982910156e+00 6.991835348933124472e-02
6.011229991912841797e+00 5.701927936164974398e-02
6.012489795684814453e+00 3.939360737762870879e-01
6.017499923706054688e+00 1.974484706782121402e-01
6.020349979400634766e+00 6.349601405658628073e-02
6.020440101623535156e+00 1.784794601888470555e-01
6.020619869232177734e+00 6.963556122532393866e-02
6.020899772644042969e+00 1.297245189582705016e-01
6.022309780120849609e+00 2.986953201590151694e-02
6.027279853820800781e+00 4.189589975037770475e-02
6.031939983367919922e+00 7.082282031987158222e-02
6.033919811248779297e+00 2.327105020797555213e-01
6.037020206451416016e+00 4.093383824991019687e-02
6.039879798889160156e+00 3.058631267995099920e-02
6.039939880371093750e+00 2.981884243382163652e-02
6.040440082550048828e+00 4.791531522741704352e-02
6.120110034942626953e+00 8.360477415126922607e-02
6.160369873046875000e+00 1.308214950061129533e-01
6.160439968109130859e+00 1.585320965811010951e-01
6.161119937896728516e+00 4.941510530124824940e-02
6.169990062713623047e+00 4.264389893886177257e-02
6.171619892120361328e+00 1.047190881598239892e-01
6.172820091247558594e+00 1.014001718866325008e-01
6.177179813385009766e+00 4.553313632375214498e-02
6.182419776916503906e+00 4.141362230560396984e-01
6.199200153350830078e+00 1.408726560793949201e-01
6.206930160522460938e+00 9.041377948082184035e-02
6.215610027313232422e+00 4.190423370360892019e-02
6.215970039367675781e+00 9.751796605938062301e-02
6.220139980316162109e+00 6.035622822650409114e-02
6.222169876098632812e+00 8.764449075837747738e-02
6.224199771881103516e+00 1.038745407651665287e-01
6.231460094451904297e+00 3.536474570965369296e-02
6.231810092926025391e+00 3.362157888223946123e-02
6.232160091400146484e+00 7.327354165353364146e-02
6.233359813690185547e+00 3.152796319677683701e-02
6.233469963073730469e+00 5.054569638127231340e-02
6.233749866485595703e+00 9.471994541103503362e-01
6.238120079040527344e+00 6.207641601425310102e-02
6.241839885711669922e+00 2.326909835521489070e-02
6.242269992828369141e+00 3.394151916697998872e-02
6.243500232696533203e+00 3.835083124165704349e-02
6.244110107421875000e+00 2.841847043446847632e-02
6.246399879455566406e+00 3.992635614851270526e-02
6.257100105285644531e+00 6.433786700944665871e-02
6.259029865264892578e+00 2.010976911656937177e-02
6.260179996490478516e+00 8.887011954352597165e-02
6.260819911956787109e+00 6.673119643250807753e-01
6.278069972991943359e+00 8.297862499036873229e-02
6.330259799957275391e+00 1.931728719271335465e-02
6.343959808349609375e+00 5.162306739727988425e-02
6.351759910583496094e+00 8.239348283683657626e-02
6.354640007019042969e+00 8.911396115843185639e-02
6.357309818267822266e+00 2.113325469414161634e-02
6.358240127563476562e+00 7.181925313321244064e-02
6.367400169372558594e+00 3.623951780913770016e-02
6.370059967041015625e+00 1.163153818979872078e-01
6.370170116424560547e+00 9.302531006360262311e-02
6.370240211486816406e+00 5.700663975160372154e-02
6.373889923095703125e+00 4.344904852438755821e-02
6.374209880828857422e+00 3.421536365160894599e-02
6.375329971313476562e+00 4.593905802168768426e-02
6.375979900360107422e+00 2.088335311502741709e-01
6.380340099334716797e+00 1.028059555875636757e-02
6.380980014801025391e+00 1.569414160937379066e-01
6.387839794158935547e+00 1.040146644880685610e-02
6.388219833374023438e+00 7.331159794075271796e-02
6.390989780426025391e+00 6.838033949797511779e-02
6.398980140686035156e+00 4.188501286243438010e-02
6.405560016632080078e+00 6.553479774949762249e-02
6.415679931640625000e+00 2.863616398989731610e-02
6.416049957275390625e+00 7.508139115700512844e-02
6.416739940643310547e+00 2.524046149155343560e-02
6.417779922485351562e+00 9.259909137041801019e-02
6.420320034027099609e+00 3.009287508569989666e-02
6.441959857940673828e+00 3.351470438879584207e-02
6.447850227355957031e+00 8.106816733310662215e-02
6.451600074768066406e+00 1.121009734593940987e-01
6.466989994049072266e+00 3.233033251046171785e-02
6.473750114440917969e+00 9.717714129380335131e-02
6.480400085449218750e+00 2.334109437656384234e-02
6.492229938507080078e+00 7.196239819669714155e-02
6.503809928894042969e+00 8.278097445368955143e-02
6.504720211029052734e+00 7.093236321343213135e-02
6.558020114898681641e+00 1.106067670883768839e-01
6.568759918212890625e+00 1.283423656395365209e-01
6.584599971771240234e+00 6.958055507824792429e-02
6.585899829864501953e+00 3.232569821086201528e-02
6.597179889678955078e+00 6.532824406153342478e-02
6.599559783935546875e+00 1.426320783087955436e-02
6.601739883422851562e+00 6.101788321886892491e-02
6.606989860534667969e+00 7.284155203749524687e-02
6.610499858856201172e+00 1.015337972119908228e-01
6.612569808959960938e+00 4.401006159061419953e-02
6.612880229949951172e+00 1.146072576731736736e-01
6.613230228424072266e+00 1.058494887044402616e-01
6.613599777221679688e+00 1.688322724628341376e-01
6.613910198211669922e+00 5.937167050174266963e-02
6.615560054779052734e+00 4.227101736171273022e-02
6.616489887237548828e+00 6.577628540760201148e-02
6.619430065155029297e+00 3.028001915811310840e-01
6.621610164642333984e+00 3.738344829594866109e-02
6.627890110015869141e+00 5.364070311217357390e-02
6.629000186920166016e+00 7.627417891991677620e-03
6.630000114440917969e+00 8.377298122206708331e-02
6.638860225677490234e+00 2.129146350679296529e-02
6.662680149078369141e+00 7.474013115442224020e-02
6.679520130157470703e+00 9.709694904190714626e-02
6.718389987945556641e+00 1.010818098085810995e-01
6.719439983367919922e+00 8.136273822200279504e-02
6.747290134429931641e+00 8.644899650668336211e-02
6.750229835510253906e+00 5.525327413748772065e-02
6.762050151824951172e+00 1.611603827421565979e-02
6.773139953613281250e+00 2.275823051987840157e-02
6.785940170288085938e+00 1.513246277087700320e-01
6.790810108184814453e+00 1.851896945894098145e-01
6.797689914703369141e+00 7.906783049483173675e-02
6.802080154418945312e+00 4.588793455618716405e-02
6.804629802703857422e+00 7.941863155232985194e-02
6.805900096893310547e+00 1.105966897452038133e-01
6.810639858245849609e+00 7.674691226472810102e-02
6.812320232391357422e+00 1.115442367730849899e-01
6.819550037384033203e+00 7.769767583566125624e-02
6.821630001068115234e+00 1.533268709677842838e-02
6.827350139617919922e+00 1.198344452263572640e-01
6.827710151672363281e+00 1.324033783408449377e-02
6.832089900970458984e+00 1.284372309810612733e-01
6.834730148315429688e+00 5.206335110511115666e-02
6.836530208587646484e+00 2.209868938777179714e-01
6.839089870452880859e+00 3.628685785028638866e-02
6.842160224914550781e+00 1.147911573653723483e-01
6.842700004577636719e+00 1.038260339363200058e-01
6.845059871673583984e+00 1.626343277498527307e-01
6.845960140228271484e+00 1.577867477221970433e-02
6.849249839782714844e+00 1.078851755302730198e-01
6.859300136566162109e+00 9.380351461938293833e-02
6.867179870605468750e+00 2.632844980616785152e-02
6.867229938507080078e+00 9.314570356287185660e-02
6.870729923248291016e+00 3.896699526806523400e-02
6.872409820556640625e+00 7.642403715269963094e-02
6.889820098876953125e+00 4.270482514271310703e-02
6.893549919128417969e+00 6.209719661492198173e-02
6.895549774169921875e+00 3.977397792185571185e-02
6.909120082855224609e+00 1.354286738393830347e-01
6.916110038757324219e+00 1.888075604845972089e-01
6.944640159606933594e+00 4.588937491908895439e-02
6.945159912109375000e+00 1.301401599386283262e-02
6.957019805908203125e+00 6.711947815414924523e-02
6.959010124206542969e+00 2.655161588433358096e-03
6.962580204010009766e+00 2.607130518295280308e-01
6.972519874572753906e+00 8.923098995264663880e-02
6.977910041809082031e+00 4.193813658355726587e-02
6.978240013122558594e+00 5.900189092463053314e-02
6.984300136566162109e+00 3.407392709577167916e-02
6.984829902648925781e+00 7.850184118898119456e-02
6.990290164947509766e+00 1.364530711183919165e-01
6.991970062255859375e+00 2.797684205120402195e-02
6.994190216064453125e+00 2.402257312549614665e-02
6.997069835662841797e+00 1.063224775075781031e-01
7.000239849090576172e+00 1.423098062777215789e-01
7.006480216979980469e+00 4.922791073392554506e-02
7.008840084075927734e+00 1.169447353752056488e-02
7.009399890899658203e+00 1.208239236973523145e-01
7.009689807891845703e+00 9.565326999935272467e-02
7.012080192565917969e+00 5.736782182576145167e-02
7.022900104522705078e+00 6.902349350663017358e-02
7.026730060577392578e+00 7.110916480062373646e-02
7.027359962463378906e+00 1.476094067247187558e-01
7.030330181121826172e+00 9.136576675015198323e-02
7.030539989471435547e+00 2.396734524682120684e-02
7.037129878997802734e+00 1.451247057587465583e-01
7.037429809570312500e+00 2.268469373137891321e-01
7.057769775390625000e+00 6.318560535092462849e-02
7.059189796447753906e+00 7.379333775341058443e-02
7.069980144500732422e+00 1.125023367326046381e-01
7.075970172882080078e+00 4.101992464912599529e-02
7.140729904174804688e+00 1.222853432253842576e-01
7.146780014038085938e+00 6.647846032634099900e-02
7.162990093231201172e+00 2.133455094245386985e-01
7.170549869537353516e+00 6.886636830193568204e-02
7.171669960021972656e+00 1.269574819084685335e-01
7.183400154113769531e+00 1.975352237701677449e-02
7.193850040435791016e+00 2.841124727776362865e-02
7.195020198822021484e+00 4.786248423118426298e-02
7.200220108032226562e+00 4.019761975445312191e-02
7.202099800109863281e+00 1.482393391144516404e-01
7.205570220947265625e+00 5.920263162942174945e-02
7.212409973144531250e+00 1.434030425606540315e-01
7.216929912567138672e+00 2.597406978775892647e-02
7.218120098114013672e+00 6.491837649822616851e-02
7.224239826202392578e+00 8.527743014589152237e-02
7.234720230102539062e+00 3.064077223149103829e-02
7.235660076141357422e+00 2.424198636582064470e-02
7.237400054931640625e+00 8.149712212059453953e-02
7.237539768218994141e+00 8.698572954905384180e-02
7.237790107727050781e+00 1.257224577558234690e-01
7.244170188903808594e+00 8.845765274496962538e-02
7.246220111846923828e+00 5.558684582961790493e-02
7.252779960632324219e+00 2.583718840966906655e-02
7.263529777526855469e+00 8.035539288759335763e-02
7.299900054931640625e+00 2.421271635939968858e-01
7.317880153656005859e+00 1.689516376487854299e-01
7.327420234680175781e+00 9.583296417025014002e-02
7.328209877014160156e+00 5.536812766555720966e-02
7.337709903717041016e+00 2.573493148917694873e-01
7.342939853668212891e+00 2.253710503138739440e-01
7.350279808044433594e+00 5.554330650148848331e-02
7.365910053253173828e+00 4.712668927289363069e-02
7.375140190124511719e+00 5.308461899584848709e-02
7.380829811096191406e+00 3.677464547666949024e-02
7.385220050811767578e+00 4.160628727396480792e-02
7.397190093994140625e+00 5.203452350196876609e-03
7.398290157318115234e+00 4.863618748846814527e-02
7.399230003356933594e+00 3.761311222903818696e-01
7.400040149688720703e+00 1.368836123998090903e-01
7.403890132904052734e+00 3.920172662329411417e-01
7.408259868621826172e+00 1.008517072191315728e-01
7.419660091400146484e+00 4.907912456471756613e-02
7.420450210571289062e+00 1.253676531520191671e-02
7.426290035247802734e+00 1.061001866422035117e-01
7.431509971618652344e+00 6.081601907848196292e-02
7.434279918670654297e+00 1.580730783112982429e-01
7.434669971466064453e+00 5.368710239549518565e-02
7.439080238342285156e+00 8.964995858910742785e-03
7.446539878845214844e+00 6.086496459361742661e-02
7.447589874267578125e+00 2.749898811359019479e-02
7.448919773101806641e+00 2.563097409585397557e-01
7.452660083770751953e+00 8.738777788112161993e-02
7.455830097198486328e+00 3.185644233556630955e-02
7.466720104217529297e+00 5.757673358097510630e-02
7.487259864807128906e+00 2.459632959843299771e-02
7.488049983978271484e+00 9.696969416801873298e-02
7.489029884338378906e+00 2.525587951954061730e-02
7.491950035095214844e+00 1.559086879911651680e-01
7.499730110168457031e+00 5.348002232449711180e-02
7.500979900360107422e+00 2.433431222276276340e-02
7.527949810028076172e+00 1.132438555619847825e-01
7.529109954833984375e+00 4.069774315516119789e-02
7.543910026550292969e+00 4.534721160795257555e-02
7.546420097351074219e+00 8.038149919588130632e-02
7.548590183258056641e+00 3.359238862152403443e-02
7.552999973297119141e+00 1.123133712735321643e-01
7.558030128479003906e+00 6.485602671804685526e-02
7.565219879150390625e+00 2.825680671408133809e-02
7.565370082855224609e+00 6.311119474106717531e-02
7.565639972686767578e+00 1.787858099574213960e-02
7.567669868469238281e+00 2.098337960246598327e-02
7.570580005645751953e+00 4.242482290525541322e-02
7.575699806213378906e+00 3.234356018096735258e-02
7.579170227050781250e+00 2.113436911178456432e-02
7.586030006408691406e+00 8.822436815940361277e-02
7.592420101165771484e+00 3.435689361298585598e-02
7.602129936218261719e+00 9.063145430872146524e-02
7.605599880218505859e+00 1.346924647562910138e-01
7.609819889068603516e+00 6.722519829502662803e-02
7.610449790954589844e+00 5.735528060008326240e-02
7.610990047454833984e+00 9.326699668249954778e-02
7.612659931182861328e+00 1.494972041122726303e-01
7.620930194854736328e+00 2.313113867138191504e-01
7.621500015258789062e+00 4.601376576072070679e-02
7.630010128021240234e+00 1.366240746831903774e-02
7.637450218200683594e+00 1.010275427368143852e-01
7.647970199584960938e+00 1.064516307889761260e-01
7.663010120391845703e+00 9.244953753527686280e-02
7.664750099182128906e+00 1.732283909368434183e-01
7.666530132293701172e+00 1.249951460282986149e-01
7.667399883270263672e+00 2.395858940300623630e-01
7.683579921722412109e+00 1.441425266932039595e-01
7.744699954986572266e+00 5.253236582427058682e-02
7.755239963531494141e+00 4.970290244761587511e-02
7.761290073394775391e+00 3.249649477369132566e-01
7.770180225372314453e+00 1.738539178351877768e-01
7.770430088043212891e+00 1.273965283442783369e-01
7.777289867401123047e+00 1.380543752255140866e-01
7.783090114593505859e+00 1.811188094926770298e-01
7.783770084381103516e+00 2.834447247945331982e-02
7.784589767456054688e+00 5.741946694752151151e-03
7.784639835357666016e+00 1.149193040799320192e-01
7.787119865417480469e+00 3.019345886990367975e-02
7.787970066070556641e+00 1.035971386679842982e-01
7.791500091552734375e+00 2.568131395518875870e-02
7.792500019073486328e+00 5.429578226826266979e-02
7.797860145568847656e+00 6.580302639097716788e-02
7.799059867858886719e+00 1.068604861263492134e-01
7.800670146942138672e+00 3.174556875271938861e-02
7.805759906768798828e+00 6.784897690232184753e-02
7.812530040740966797e+00 4.662851833282576075e-02
7.813700199127197266e+00 1.331884748251198347e-01
7.814909934997558594e+00 3.554108133832421107e-02
7.817679882049560547e+00 3.845632933262291969e-02
7.825379848480224609e+00 2.457496349909652489e-01
7.830800056457519531e+00 2.408441110107027022e-02
7.901279926300048828e+00 9.198130079341909626e-02
7.903120040893554688e+00 7.126404357713866933e-02
7.922269821166992188e+00 8.099922644545953787e-02
7.927700042724609375e+00 4.783238355191954394e-02
7.931049823760986328e+00 3.961575179535634095e-02
7.935699939727783203e+00 1.026421904418554215e-02
7.953750133514404297e+00 1.580438118342579468e-02
7.966859817504882812e+00 8.830652682600516334e-02
7.980249881744384766e+00 2.167647172582564674e-01
7.993400096893310547e+00 1.206658078874806549e-02
7.994500160217285156e+00 4.371478873629192075e-02
7.998330116271972656e+00 2.455725631326998240e-02
7.999090194702148438e+00 3.572095675017351868e-02
7.999390125274658203e+00 4.337279551595554089e-02
8.000040054321289062e+00 7.925819073546930271e-02
8.003709793090820312e+00 4.692285453902608067e-02
8.006609916687011719e+00 5.080336377730752806e-02
8.009699821472167969e+00 2.171791109303556136e-02
8.009920120239257812e+00 6.228118701576924182e-02
8.011509895324707031e+00 6.001427742336204463e-02
8.017740249633789062e+00 3.911494559202360888e-02
8.017990112304687500e+00 6.601087773938388303e-02
8.025699615478515625e+00 6.422928948257376758e-02
8.029669761657714844e+00 8.408565062978287652e-02
8.032560348510742188e+00 4.894609492323691302e-02
8.037460327148437500e+00 5.465166624714733884e-02
8.038049697875976562e+00 7.306075160208568009e-02
8.038069725036621094e+00 2.423526984882719976e-02
8.042249679565429688e+00 1.836473355661447093e-02
8.045729637145996094e+00 4.055714379391389679e-02
8.048919677734375000e+00 3.333933471657352099e-02
8.052319526672363281e+00 9.564775396698145526e-02
8.054820060729980469e+00 2.384727268393834615e-02
8.064080238342285156e+00 1.117160111406181183e-02
8.073679924011230469e+00 8.067988887809394993e-02
8.083769798278808594e+00 3.496955484035756817e-02
8.114370346069335938e+00 5.577072284679680109e-02
8.136659622192382812e+00 5.532375618048187421e-02
8.138400077819824219e+00 2.775463586778528086e-02
8.138979911804199219e+00 9.878702062881419832e-02
8.139080047607421875e+00 1.320954639085259071e-02
8.145219802856445312e+00 6.618755310974686057e-02
8.161270141601562500e+00 2.464658774630751684e-02
8.165439605712890625e+00 7.947194754788949878e-02
8.168459892272949219e+00 4.006847467176968824e-02
8.172610282897949219e+00 1.624649985122541551e-01
8.173049926757812500e+00 5.059533145324284636e-02
8.177849769592285156e+00 7.190895760639164080e-02
8.177920341491699219e+00 5.943944956542972224e-02
8.178569793701171875e+00 3.502188119542922612e-02
8.183070182800292969e+00 1.362960236992815169e-02
8.183609962463378906e+00 7.993300848510029311e-02
8.186770439147949219e+00 7.430997633659811030e-02
8.189330101013183594e+00 2.999734905774449623e-02
8.190179824829101562e+00 8.271179572556849879e-02
8.193079948425292969e+00 4.954419763651576186e-02
8.195139884948730469e+00 1.910720184256785997e-02
8.195340156555175781e+00 1.249127422732470016e-01
8.200289726257324219e+00 3.163107130941889000e-02
8.205459594726562500e+00 7.198381739216705433e-02
8.207509994506835938e+00 8.296052793332578390e-02
8.209910392761230469e+00 8.150752116073718689e-02
8.220780372619628906e+00 4.017181027473763766e-02
8.221260070800781250e+00 6.761114786512259500e-02
8.228899955749511719e+00 1.310665627493783347e-01
8.231329917907714844e+00 4.619024856470131668e-02
8.251509666442871094e+00 1.678059592197571614e-01
8.260169982910156250e+00 2.752370897817528195e-01
8.331489562988281250e+00 1.560181944313699665e-01
8.354319572448730469e+00 6.626083384810757537e-02
8.364219665527343750e+00 3.333012565323657805e-02
8.365289688110351562e+00 5.225233448976232542e-02
8.367170333862304688e+00 3.385482830581657693e-02
8.381669998168945312e+00 6.245795546056219505e-02
8.384229660034179688e+00 1.309475255166228647e-01
8.385419845581054688e+00 1.043260952540596698e-01
8.386529922485351562e+00 5.639802807228802561e-02
8.393549919128417969e+00 6.854697191519336374e-02
8.395719528198242188e+00 1.013619928557834282e-01
8.396490097045898438e+00 1.585979018578850819e-01
8.399310111999511719e+00 2.521346619082182397e-02
8.400899887084960938e+00 7.904992608616746852e-02
8.401209831237792969e+00 8.224491520537892397e-02
8.401749610900878906e+00 8.021243284335420609e-02
8.402170181274414062e+00 5.310096090703526200e-02
8.405619621276855469e+00 4.118842726265964371e-02
8.409319877624511719e+00 4.800170656163397359e-02
8.414099693298339844e+00 2.742917586677708769e-02
8.415889739990234375e+00 1.173086492163160077e-01
8.417510032653808594e+00 4.914189744342202515e-02
8.430450439453125000e+00 9.455611194908732087e-02
8.433190345764160156e+00 7.974556499318707914e-02
8.494770050048828125e+00 2.312520417742108259e-01
8.497090339660644531e+00 2.064486271153658792e-01
8.507120132446289062e+00 1.052342428415179165e-01
8.523119926452636719e+00 3.720149940208707096e-02
8.528100013732910156e+00 8.493476699742549818e-02
8.528220176696777344e+00 1.043967369935028117e-01
8.537770271301269531e+00 2.145302656679258860e-02
8.538800239562988281e+00 1.157035080410546979e-01
8.565290451049804688e+00 2.017409747219201244e-01
8.569689750671386719e+00 2.551821136997077799e-01
8.580189704895019531e+00 7.519997367527758714e-02
8.591919898986816406e+00 1.170886434047397756e-01
8.593330383300781250e+00 4.852264655198622323e-02
8.594840049743652344e+00 2.447721227021122659e-02
8.598130226135253906e+00 1.122838476349076325e-01
8.598759651184082031e+00 3.242108991244695149e-02
8.605919837951660156e+00 5.013096833321409318e-02
8.606559753417968750e+00 7.239581741144039510e-03
8.606650352478027344e+00 1.009962045746221407e-02
8.607899665832519531e+00 6.349612794127197646e-02
8.609319686889648438e+00 2.247997876559103547e-01
8.614190101623535156e+00 3.920814466285895555e-02
8.616299629211425781e+00 4.481989405821281552e-02
8.619919776916503906e+00 2.239550993014805536e-01
8.620340347290039062e+00 2.815731011054588284e-02
8.623600006103515625e+00 2.300526065915088902e-01
8.628230094909667969e+00 3.828939669821811859e-02
8.631159782409667969e+00 3.288873143508486141e-02
8.632840156555175781e+00 5.897197520982763730e-02
8.635410308837890625e+00 9.659926376412653060e-02
8.663419723510742188e+00 7.640601718656910013e-02
8.666029930114746094e+00 8.439865371705325761e-03
8.679229736328125000e+00 2.796109575904096034e-02
8.689299583435058594e+00 5.822510788699931938e-02
8.689310073852539062e+00 3.928744807937217809e-02
8.717080116271972656e+00 9.919569723951843221e-02
8.722169876098632812e+00 7.290587870174414231e-02
8.730839729309082031e+00 3.833889530759380937e-02
8.741270065307617188e+00 9.472654871964621137e-02
8.743900299072265625e+00 1.964765434619421269e-02
8.747799873352050781e+00 2.040971057327602839e-02
8.753120422363281250e+00 1.770835297389937446e-02
8.753689765930175781e+00 4.193632400792902948e-02
8.754529953002929688e+00 1.145500528881247468e-02
8.756600379943847656e+00 9.494035590091713661e-02
8.758500099182128906e+00 2.974173426193128106e-02
8.758839607238769531e+00 1.941755351735763996e-02
8.764590263366699219e+00 1.714949900473927702e-01
8.765000343322753906e+00 3.892473583865084519e-02
8.766369819641113281e+00 9.350470720990022855e-02
8.767970085144042969e+00 6.206635418498559348e-02
8.773850440979003906e+00 9.343586447548696272e-02
8.774200439453125000e+00 7.567877142463294397e-03
8.775259971618652344e+00 1.819061637012571106e-02
8.776000022888183594e+00 6.379810111240197257e-02
8.781800270080566406e+00 1.224146078569306323e-01
8.782600402832031250e+00 1.002041840940015305e-01
8.789279937744140625e+00 9.073256697575118879e-02
8.799830436706542969e+00 2.183004531127554285e-02
8.801159858703613281e+00 6.201294541916372444e-02
8.811759948730468750e+00 6.776169411765325945e-02
8.812729835510253906e+00 1.303912117718738495e-01
8.813730239868164062e+00 4.044886701581425215e-02
8.827019691467285156e+00 3.954510115033747775e-02
8.843759536743164062e+00 4.996694049475115806e-02
8.860699653625488281e+00 4.339523132293197222e-02
8.864339828491210938e+00 1.214365291052427742e-01
8.871279716491699219e+00 8.540140956421123086e-02
8.936840057373046875e+00 6.444852606589968058e-02
8.951519966125488281e+00 1.978482613382940014e-01
8.956089973449707031e+00 1.664740723150814547e-02
8.964019775390625000e+00 1.153183047869089789e-01
8.970009803771972656e+00 1.478015689915303937e-02
8.970350265502929688e+00 9.625050820875535873e-02
8.970959663391113281e+00 7.267816437273713626e-02
8.972149848937988281e+00 1.074789042169740222e-01
8.977459907531738281e+00 5.740629778911978537e-02
8.979840278625488281e+00 6.096351704407290684e-02
8.981060028076171875e+00 3.963612658857185861e-02
8.984080314636230469e+00 9.597668208456283656e-02
8.984160423278808594e+00 2.685798784663565031e-01
8.990380287170410156e+00 1.856171511934467111e-01
8.992219924926757812e+00 1.813812435521566790e-01
8.993809700012207031e+00 3.145668016935578015e-02
8.995759963989257812e+00 2.149098811750722038e-01
8.996600151062011719e+00 8.283601431252000935e-02
8.998760223388671875e+00 3.634646747577887499e-02
9.000100135803222656e+00 1.376253827342430736e-01
9.008899688720703125e+00 7.831226775061420065e-02
9.017080307006835938e+00 7.538094813904432090e-02
9.026499748229980469e+00 9.933288762571876318e-02
9.028269767761230469e+00 1.057275030573290725e-01
9.088299751281738281e+00 6.578155447677543066e-02
9.095210075378417969e+00 6.037689741054629022e-02
9.097510337829589844e+00 8.730521767013635359e-02
9.104450225830078125e+00 3.731121751519727581e-01
9.130829811096191406e+00 8.803829996403833569e-02
9.140640258789062500e+00 3.097215203316335333e-02
9.142729759216308594e+00 1.105998024824977749e-01
9.157170295715332031e+00 1.013589591456395961e-01
9.163960456848144531e+00 4.656470583417531006e-02
9.168749809265136719e+00 5.190071373725638759e-01
9.174119949340820312e+00 2.840367606549431059e-02
9.179400444030761719e+00 5.467293683954770750e-02
9.181619644165039062e+00 1.744874405295269645e-02
9.181699752807617188e+00 2.370902020840812141e-02
9.187569618225097656e+00 7.916980560432661240e-02
9.190609931945800781e+00 6.885802797124078445e-02
9.192259788513183594e+00 2.744343125496050972e-01
9.195770263671875000e+00 3.287966688422921252e-02
9.202019691467285156e+00 6.953816187887754130e-02
9.206910133361816406e+00 3.908026870707332484e-02
9.208999633789062500e+00 3.773805079407126922e-02
9.210009574890136719e+00 3.689319768716724235e-02
9.210200309753417969e+00 5.715805580619405524e-02
9.217269897460937500e+00 1.377730525945397230e-02
9.218580245971679688e+00 7.867076804479418428e-02
9.220479965209960938e+00 7.156100131244565177e-02
9.224840164184570312e+00 5.883366018771110650e-02
9.226759910583496094e+00 6.281501521164949142e-02
9.227709770202636719e+00 6.518857095449728800e-02
9.229510307312011719e+00 4.606612169429428333e-02
9.234649658203125000e+00 1.466196098991592311e-01
9.237250328063964844e+00 5.081113432355944398e-02
9.253549575805664062e+00 8.927453572635329904e-02
9.263879776000976562e+00 8.909936564161028902e-03
9.274129867553710938e+00 4.961912198344867186e-02
9.310409545898437500e+00 8.002569060106709542e-02
9.318039894104003906e+00 1.839167321443447439e-02
9.319140434265136719e+00 4.032121071171502341e-02
9.336620330810546875e+00 1.322402913067794589e-02
9.337269783020019531e+00 4.503815916445130102e-02
9.339340209960937500e+00 2.199429973752858869e-02
9.341389656066894531e+00 1.603080276110339583e-02
9.343870162963867188e+00 1.881667412546966789e-01
9.347720146179199219e+00 5.587549856240928842e-02
9.351929664611816406e+00 1.395491554059104591e-02
9.357089996337890625e+00 1.010239518060123687e-01
9.358519554138183594e+00 1.003513357457957028e-01
9.359160423278808594e+00 5.407206418565496664e-02
9.360150337219238281e+00 2.481985979023073816e-02
9.360639572143554688e+00 9.415327799590547664e-02
9.362250328063964844e+00 4.797371011074826747e-02
9.363519668579101562e+00 1.173504880229370578e-01
9.367739677429199219e+00 2.144939617692680905e-02
9.371270179748535156e+00 3.437019039999730102e-02
9.372400283813476562e+00 3.149227738053790582e-02
9.378709793090820312e+00 4.073996892505943324e-02
9.381480216979980469e+00 1.151206177783570539e-01
9.388360023498535156e+00 4.672276620633483701e-02
9.399849891662597656e+00 1.422077547199440684e-01
9.423789978027343750e+00 2.121082926471910546e-01
9.423879623413085938e+00 2.807966589549303754e-02
9.425390243530273438e+00 3.515697494771115594e-01
9.432310104370117188e+00 1.871286167055203828e-02
9.432559967041015625e+00 1.700705641658927514e-01
9.437199592590332031e+00 6.254635760545906864e-02
9.438489913940429688e+00 1.114131278474617959e-01
9.438770294189453125e+00 8.351393487398059423e-02
9.451399803161621094e+00 2.630023342352907564e-02
9.542929649353027344e+00 3.508837739700421815e-02
9.550700187683105469e+00 8.425992238747466445e-02
9.552020072937011719e+00 6.871908168016835350e-02
9.552109718322753906e+00 2.674944033644489905e-02
9.556859970092773438e+00 3.076067287281256113e-02
9.559410095214843750e+00 7.418214528022369636e-02
9.570579528808593750e+00 1.233175279086776294e-01
9.573730468750000000e+00 6.409322596187533305e-02
9.573800086975097656e+00 1.162424372823525481e-01
9.574049949645996094e+00 5.567405036177922040e-02
9.574640274047851562e+00 7.737069134323937281e-02
9.581270217895507812e+00 3.801889915497826816e-02
9.581500053405761719e+00 8.771160958383210360e-02
9.581999778747558594e+00 3.696955932036462278e-02
9.584480285644531250e+00 4.886104760012021514e-02
9.588080406188964844e+00 2.260203812140038071e-02
9.588780403137207031e+00 6.823476607629461177e-02
9.590069770812988281e+00 1.097705471340719302e-01
9.592749595642089844e+00 1.603119437449788409e-01
9.593569755554199219e+00 3.126936661405768647e-02
9.607310295104980469e+00 2.192042790962577675e-02
9.611149787902832031e+00 5.772038065363144926e-02
9.613369941711425781e+00 5.935440258794446970e-03
9.628780364990234375e+00 2.550320210087357875e-01
9.697919845581054688e+00 4.407180515397963183e-01
9.699139595031738281e+00 1.055880135767521405e-01
9.700149536132812500e+00 6.995485179670013487e-02
9.711529731750488281e+00 4.037472510373316115e-02
9.716090202331542969e+00 2.319841260462349175e-02
9.734760284423828125e+00 1.298960502329912781e-01
9.734869956970214844e+00 1.355526172944864216e-01
9.750060081481933594e+00 4.133444240330205743e-02
9.770359992980957031e+00 1.880453960824786941e-01
9.782190322875976562e+00 2.156663561296950915e-02
9.782549858093261719e+00 1.405129416342901505e-01
9.782810211181640625e+00 2.903220418428152302e-02
9.784600257873535156e+00 7.944457173581245812e-02
9.787289619445800781e+00 5.249168153609589521e-02
9.787810325622558594e+00 3.117187087117191391e-01
9.790289878845214844e+00 1.824223709562745530e-02
9.791629791259765625e+00 1.303096403508779422e-01
9.792269706726074219e+00 2.405944538662472265e-01
9.793180465698242188e+00 1.054559094689108550e-01
9.793250083923339844e+00 6.344706452957024623e-02
9.794489860534667969e+00 5.337507544854359215e-02
9.800450325012207031e+00 5.544332726859096949e-02
9.804080009460449219e+00 6.549605308914478730e-02
9.805789947509765625e+00 6.148005752071448310e-02
9.811059951782226562e+00 1.027561529537695389e-02
9.811829566955566406e+00 1.597340854341867122e-01
9.814849853515625000e+00 6.112315926368148966e-02
9.815039634704589844e+00 8.763895882957745131e-02
9.817489624023437500e+00 7.600452042792842089e-02
9.824549674987792969e+00 9.391075757193792506e-02
9.824760437011718750e+00 2.964841280729595824e-02
9.842069625854492188e+00 2.220655156806002409e-02
9.871279716491699219e+00 3.438300295529438805e-02
9.873390197753906250e+00 3.723801619663729551e-02
9.889080047607421875e+00 8.102661174659590848e-02
9.896180152893066406e+00 2.980361762240705745e-02
9.918450355529785156e+00 9.436220751951032715e-02
9.922369956970214844e+00 4.563696219194719739e-02
9.924160003662109375e+00 1.496636991131217176e-01
9.926679611206054688e+00 2.701790197834455162e-02
9.938150405883789062e+00 4.722476491963102652e-02
9.942790031433105469e+00 2.187523141647364916e-02
9.943929672241210938e+00 4.428523825528116187e-02
9.945549964904785156e+00 1.016494196873133672e-02
9.948940277099609375e+00 1.071996868993420893e-01
9.950240135192871094e+00 4.674094768346923751e-02
9.950779914855957031e+00 4.224686621516900165e-02
9.954290390014648438e+00 3.699060236777230309e-02
9.958189964294433594e+00 1.439667447523117205e-01
9.961079597473144531e+00 3.089429528601041891e-02
9.964340209960937500e+00 8.679882315187005537e-02
9.964639663696289062e+00 6.759058712546452130e-02
9.969940185546875000e+00 4.149314557961818889e-02
9.970439910888671875e+00 2.930525239957354477e-02
9.977589607238769531e+00 1.525093332159158654e-01
9.988820075988769531e+00 7.367869525771950090e-02
9.991720199584960938e+00 5.280614150195653278e-02
9.991729736328125000e+00 7.569421560673957050e-02
9.999070167541503906e+00 2.360854195776179720e-02
1.002180004119873047e+01 7.863193999104740872e-02
1.002320003509521484e+01 4.076705353771051255e-02
1.002550029754638672e+01 7.941526809681888344e-02
1.002659988403320312e+01 3.575263074104705063e-02
1.003100013732910156e+01 2.648612447406672316e-02
1.003359985351562500e+01 1.559606453188908115e-01
1.004109954833984375e+01 5.143928518029668162e-02
1.004349994659423828e+01 5.997537841699096539e-02
1.005860042572021484e+01 1.926349547092473524e-01
1.011089992523193359e+01 2.659401780755284855e-02
1.013580036163330078e+01 2.104892408213666077e-01
1.014439964294433594e+01 1.936720069390414356e-01
1.014789962768554688e+01 6.780536642270179604e-02
1.015120029449462891e+01 1.977451182887814685e-01
1.015359973907470703e+01 2.558557871461613134e-02
1.015520000457763672e+01 1.140787950705314802e-01
1.016199970245361328e+01 2.243194641433820039e-02
1.016240024566650391e+01 1.317714108371611237e-01
1.016769981384277344e+01 6.194545985894281404e-02
1.017150020599365234e+01 1.699622072050699928e-01
1.017450046539306641e+01 3.658963347576411895e-02
1.017660045623779297e+01 1.404185538759404606e-01
1.018379974365234375e+01 5.086974540612036050e-02
1.018430042266845703e+01 7.807877423757346447e-02
1.018630027770996094e+01 1.944910081113564171e-01
1.018999958038330078e+01 3.321542332574743406e-01
1.019629955291748047e+01 3.940018724830458841e-02
1.020180034637451172e+01 4.183569827670548941e-02
1.020510005950927734e+01 3.623792114744476406e-02
1.020829963684082031e+01 2.449444801773224822e-01
1.020909976959228516e+01 3.481262582035284797e-02
1.021179962158203125e+01 3.339770728754625634e-02
1.023400020599365234e+01 1.964519770640666685e-01
1.028660011291503906e+01 9.335358445261949800e-01
1.028890037536621094e+01 5.368743720919195717e-01
1.030119991302490234e+01 4.582271787890856984e-01
1.030420017242431641e+01 6.545948831632172893e-02
1.030589962005615234e+01 9.464413917769888551e-02
1.030959987640380859e+01 8.107287911216366494e-01
1.032849979400634766e+01 1.575238569735991634e-01
1.033810043334960938e+01 2.342778006063315488e-01
1.033829975128173828e+01 7.782815928370478975e-02
1.034329986572265625e+01 6.809051200309412799e-01
1.035939979553222656e+01 6.470934274433348676e-01
1.037119960784912109e+01 6.248768421784973714e-01
1.037339973449707031e+01 1.483568901905887305e-01
1.037699985504150391e+01 2.925865606232944116e-01
1.038210010528564453e+01 1.957751594201905809e-01
1.038479995727539062e+01 2.339940360444492107e-01
1.038819980621337891e+01 5.095126344717950673e-01
1.038899993896484375e+01 6.433325089342857572e-02
1.039249992370605469e+01 1.669722962490495233e-01
1.039509963989257812e+01 8.101404676342088829e-02
1.039809989929199219e+01 2.498426088873792750e-01
1.041040039062500000e+01 2.722539892847037901e-01
1.041090011596679688e+01 1.951706726806741732e-01
1.041219997406005859e+01 1.782018708376343352e-01
1.041219997406005859e+01 2.853940836411975046e-01
1.041619968414306641e+01 1.187996852941886949e+00
1.041860008239746094e+01 2.674327268867279228e-01
1.041889953613281250e+01 6.436676449227393682e-02
1.042049980163574219e+01 5.871112149816551939e-01
1.042109966278076172e+01 6.896218057002129198e-02
1.042259979248046875e+01 4.578650166640022001e-02
1.042590045928955078e+01 1.007268463831082705e+00
1.043060016632080078e+01 1.135544387723152054e-01
1.043109989166259766e+01 3.193602510635383807e-01
1.043220043182373047e+01 2.853710077516265486e-01
1.044600009918212891e+01 5.927595455907590932e-02
1.045499992370605469e+01 9.495747823202935756e-01
1.047490024566650391e+01 6.759502185076339265e-01
1.048799991607666016e+01 1.149692866473224440e+00
1.049069976806640625e+01 3.182637580577563630e-01
1.050739955902099609e+01 1.023020950007017760e+00
1.051200008392333984e+01 7.725861798144231796e-02
1.051410007476806641e+01 3.337181333244259029e-01
1.051749992370605469e+01 1.925477354083401649e-01
1.052180004119873047e+01 4.409884525550128442e-01
1.052359962463378906e+01 8.185785771661986399e-01
1.052470016479492188e+01 1.260739056136866154e-01
1.052799987792968750e+01 2.213545716475642799e-01
1.053339958190917969e+01 2.718006431252866784e-01
1.053419971466064453e+01 2.304004290642095581e-02
1.053779983520507812e+01 4.593394347707579484e-01
1.054319953918457031e+01 6.228712271899505826e-01
1.054629993438720703e+01 7.456039798129818763e-01
1.054720020294189453e+01 1.705820525401102739e-02
1.054969978332519531e+01 8.368877479274013931e-01
1.055000019073486328e+01 7.683694823893960635e-01
1.055879974365234375e+01 3.580230172752994489e-01
1.056750011444091797e+01 2.818230190229986318e-02
1.057190036773681641e+01 7.279177565127049887e-02
1.057530021667480469e+01 1.632215183980646744e-02
1.058290004730224609e+01 2.320701895959700195e-02
1.058409976959228516e+01 4.036253052181958123e-02
1.067199993133544922e+01 3.351457129244414523e-02
1.067500019073486328e+01 4.196833489037881115e-01
1.067710018157958984e+01 5.968689013062578042e-01
1.070370006561279297e+01 1.063936849504407978e-01
1.073289966583251953e+01 1.018894448718250106e-01
1.077750015258789062e+01 4.428072223397611085e-02
1.238689994812011719e+01 2.795905649894437749e-03
