3.747659921646118164e-01 1.866696512325988488e-01
4.267649948596954346e-01 2.884455619634854751e-01
4.410159885883331299e-01 1.174425485477602837e+00
4.474940001964569092e-01 5.305457146354677911e-02
4.640949964523315430e-01 4.906095896417128621e-02
4.847249984741210938e-01 2.216122273936670106e-01
5.042979717254638672e-01 1.813324618474504088e-02
5.586599707603454590e-01 5.940533057053621890e-01
5.756250023841857910e-01 7.932118968924180002e-01
5.836740136146545410e-01 3.542603719372303117e-02
5.843610167503356934e-01 1.724137117305607259e+00
5.869079828262329102e-01 5.466929061627873176e-01
5.870779752731323242e-01 7.658866885307389349e-01
6.020280122756958008e-01 1.125397605171886362e+00
6.182129979133605957e-01 1.245263954458922240e-01
6.290910243988037109e-01 1.190601562732183982e+00
6.429579854011535645e-01 1.120309267629227667e+00
6.548470258712768555e-01 3.034555086812158464e-01
6.580200195312500000e-01 1.488582332563145871e-01
6.582779884338378906e-01 1.215088936782446227e+00
6.585739850997924805e-01 3.145202527534670667e-01
6.613320112228393555e-01 3.299066090134010476e-02
6.710950136184692383e-01 4.005530809814841775e-01
6.912540197372436523e-01 1.284759318889750757e-01
6.931080222129821777e-01 4.995660002077644268e-01
6.946480274200439453e-01 3.959824867837535844e-01
6.976780295372009277e-01 1.792538416920502531e+00
6.992859840393066406e-01 8.157498629047165162e-01
7.003499865531921387e-01 1.110795242750453715e+00
7.230979800224304199e-01 6.937353994956537706e-01
7.234519720077514648e-01 2.965943578211244769e-01
7.235509753227233887e-01 1.273138985603545992e+00
7.320880293846130371e-01 5.639364447697480243e-01
7.377049922943115234e-01 7.878832778697968386e-01
7.412289977073669434e-01 6.673416624540525754e-01
7.437149882316589355e-01 3.263877346110766742e-01
7.486019730567932129e-01 5.724678104522528538e-02
7.632030248641967773e-01 8.831747989414797662e-01
7.652260065078735352e-01 6.360906357529340083e-01
7.653959989547729492e-01 5.741212119798604352e-01
7.754420042037963867e-01 1.113823557844017875e+00
7.756659984588623047e-01 6.571767031617071764e-01
7.824910283088684082e-01 1.436061415538947283e+00
7.839829921722412109e-01 3.048477489239058702e-01
7.880179882049560547e-01 4.528915178559180243e-01
7.968279719352722168e-01 1.571645226892350311e-01
8.001959919929504395e-01 1.981081433647656098e+00
8.015869855880737305e-01 6.723578586237044519e-01
8.039979934692382812e-01 1.311271935525595067e+00
8.102399706840515137e-01 1.316566882352792622e-01
8.130720257759094238e-01 2.780794199477829576e-01
8.176839947700500488e-01 1.532778224242865583e+00
8.297550082206726074e-01 1.988335772221174080e+00
8.334469795227050781e-01 8.907314551061571439e-01
8.347619771957397461e-01 1.932356859762900836e+00
8.408619761466979980e-01 5.342869726798556984e-01
8.514339923858642578e-01 1.261533648932308793e+00
8.529080152511596680e-01 1.157413045490533143e+00
8.555930256843566895e-01 4.495937796602683667e-01
8.584989905357360840e-01 4.985946856334815269e-01
8.619239926338195801e-01 7.533972380219351450e-01
8.731619715690612793e-01 4.088007325369877321e-01
9.036740064620971680e-01 3.748790006127018959e+00
9.038220047950744629e-01 9.080845302236948413e-01
9.046360254287719727e-01 1.452492331908235901e+00
9.083039760589599609e-01 2.171407212121136965e+00
9.150639772415161133e-01 3.882419221334290071e-01
9.272170066833496094e-01 2.360249900974580761e+00
9.278529882431030273e-01 1.648404915047191333e+00
9.483630061149597168e-01 1.994682668953698057e+00
9.521239995956420898e-01 5.713577458804369735e-01
9.539189934730529785e-01 4.088225781991756236e+00
9.549790024757385254e-01 2.179998736652200897e+00
9.779869914054870605e-01 1.998487310356117930e-01
9.833120107650756836e-01 3.866025310672235871e-01
9.870700240135192871e-01 1.418469012814557839e+00
9.898700118064880371e-01 3.103605525067228976e-01
9.916380047798156738e-01 8.853384673628029722e-01
9.995290040969848633e-01 2.219819776476704976e-01
1.007339954376220703e+00 3.974588434793598357e-01
1.009250044822692871e+00 1.583206925852346458e+00
1.011430025100708008e+00 1.181152264139409436e+00
1.011880040168762207e+00 1.064942557854718475e+00
1.016749978065490723e+00 7.366325048074614523e-01
1.018589973449707031e+00 2.292897536169910655e+00
1.020370006561279297e+00 1.576182355855498374e+00
1.021090030670166016e+00 1.078926260857735242e+00
1.023059964179992676e+00 1.846703484841960341e+00
1.025239944458007812e+00 8.797166277143876334e-01
1.031039953231811523e+00 9.135124910111480645e-01
1.031810045242309570e+00 6.749478700622317806e-01
1.034719944000244141e+00 1.484293167941588720e+00
1.042109966278076172e+00 6.767146653880695695e-01
1.042799949645996094e+00 8.558410093858810352e-01
1.042860031127929688e+00 1.062240804572422315e+00
1.054340004920959473e+00 3.485399162513295179e-01
1.057899951934814453e+00 2.116309577303452816e+00
1.060619950294494629e+00 1.084979460644800886e+00
1.075270056724548340e+00 1.493062736795440326e+00
1.077530026435852051e+00 2.233925083525008404e+00
1.090510010719299316e+00 6.238516644508230735e-01
1.097159981727600098e+00 8.585042138786940225e-01
1.106240034103393555e+00 1.271491089038311095e+00
1.112810015678405762e+00 1.149085260142666431e+00
1.113039970397949219e+00 1.276727922089746059e+00
1.117769956588745117e+00 1.684833485552644561e+00
1.124539971351623535e+00 7.353499572987607369e-01
1.128659963607788086e+00 7.650338530391639358e-01
1.129570007324218750e+00 1.399191943856048503e+00
1.135939955711364746e+00 1.772988814199297769e+00
1.148390054702758789e+00 1.047436912842944823e+00
1.149580001831054688e+00 9.432974227934896039e-01
1.151460051536560059e+00 1.282212308717668670e+00
1.157899975776672363e+00 1.621697253542839334e+00
1.168560028076171875e+00 4.267631949840613448e-01
1.183249950408935547e+00 2.482888367791777628e-01
1.203220009803771973e+00 3.067770584590480132e-01
1.204839944839477539e+00 1.147686874783522493e+00
1.207249999046325684e+00 5.591083314516486213e-01
1.213750004768371582e+00 6.291946697399569688e-01
1.219619989395141602e+00 1.873560724915137587e+00
1.223219990730285645e+00 3.076056898238521686e+00
1.230399966239929199e+00 1.159275054383438031e+00
1.234850049018859863e+00 1.157500536620482828e-01
1.236220002174377441e+00 2.185299149662510931e+00
1.238409996032714844e+00 4.872118340146376902e-01
1.242429971694946289e+00 8.787898939320823999e-01
1.246189951896667480e+00 1.561757999770689298e-01
1.246799945831298828e+00 4.283042594886212195e-01
1.248849987983703613e+00 3.678378589647207098e-01
1.256479978561401367e+00 1.400147671472399491e+00
1.261590003967285156e+00 4.096800630727746029e-01
1.273319959640502930e+00 2.158266509093818841e-01
1.276749968528747559e+00 2.239578877485503272e-01
1.291090011596679688e+00 1.677590439037511372e+00
1.295300006866455078e+00 6.213919092861992510e-01
1.304720044136047363e+00 1.326928567629884537e+00
1.307829976081848145e+00 1.032221614393247000e+00
1.327219963073730469e+00 1.920946894944894900e+00
1.336019992828369141e+00 6.691347995068031018e-01
1.336089968681335449e+00 9.752079630753351935e-01
1.346140027046203613e+00 5.924628023376311559e-01
1.357759952545166016e+00 2.222124448661791096e-01
1.361590027809143066e+00 3.575978826733061111e-01
1.375849962234497070e+00 9.077451112313544845e-01
1.375880002975463867e+00 1.572711223514959289e-01
1.376309990882873535e+00 9.721066917173256661e-01
1.385920047760009766e+00 5.251227232923895150e-01
1.386520028114318848e+00 1.141630782537857991e+00
1.393300056457519531e+00 5.954777679174494409e-01
1.395619988441467285e+00 2.166433810421628248e-01
1.399880051612854004e+00 7.408294206819480976e-02
1.400020003318786621e+00 2.178130302062253332e-01
1.400220036506652832e+00 1.452053493837639930e+00
1.406599998474121094e+00 1.400171772927076397e+00
1.410779953002929688e+00 7.223941781320121214e-01
1.411579966545104980e+00 8.593078288357656191e-01
1.419219970703125000e+00 4.814125649097862336e-01
1.421679973602294922e+00 1.446778934344064904e+00
1.429540038108825684e+00 2.476517612124088608e+00
1.432700037956237793e+00 2.758632935242840145e-01
1.441179990768432617e+00 2.019471233955875966e-01
1.441570043563842773e+00 1.758905663891692450e+00
1.443519949913024902e+00 6.998338103259511556e-01
1.451679944992065430e+00 2.196310870857923758e-01
1.455189943313598633e+00 1.263023027307944579e-01
1.463940024375915527e+00 9.014050977915111229e-01
1.470870018005371094e+00 9.481733572690428380e-01
1.470880031585693359e+00 4.216826679225281760e-01
1.474979996681213379e+00 2.075804099031582084e-01
1.476390004158020020e+00 1.275379173376802067e+00
1.478950023651123047e+00 1.005989497572052471e+00
1.484240055084228516e+00 6.659685993493774658e-02
1.485149979591369629e+00 5.993668929201770856e-01
1.489719986915588379e+00 9.827386737596122135e-01
1.490579962730407715e+00 6.130362955255014290e-01
1.504920005798339844e+00 4.391836075355364799e-01
1.505020022392272949e+00 3.682451417157514006e-01
1.517429947853088379e+00 1.397134262577189867e-01
1.518939971923828125e+00 9.177714511282776544e-02
1.524690032005310059e+00 7.475212864398929069e-01
1.526020050048828125e+00 4.813098930792720775e-01
1.535599946975708008e+00 1.229709197766534645e+00
1.551319956779479980e+00 1.125898613147304550e+00
1.558400034904479980e+00 7.341083275040374279e-01
1.565780043601989746e+00 1.952936585120976565e+00
1.567540049552917480e+00 4.806835719696240794e-01
1.567620038986206055e+00 7.453693812455466361e-01
1.569100022315979004e+00 3.310353027972079420e-01
1.573459982872009277e+00 3.426982130917525238e-01
1.585440039634704590e+00 3.437718079235151936e-01
1.591140031814575195e+00 5.649449149183163321e-01
1.595190048217773438e+00 9.638263573864838119e-01
1.612959980964660645e+00 8.788273534138772991e-01
1.618330001831054688e+00 1.036383426472707175e-01
1.626809954643249512e+00 3.593613752067468803e-01
1.630779981613159180e+00 3.654967497658224707e-01
1.634009957313537598e+00 1.177090925759823214e+00
1.644109964370727539e+00 8.720160807253861668e-01
1.650020003318786621e+00 6.158790832471672944e-02
1.660599946975708008e+00 7.507322240293908822e-01
1.663900017738342285e+00 2.985854613889477593e-01
1.675019979476928711e+00 1.069680008881683242e-01
1.676460027694702148e+00 4.650231120529830231e-01
1.676779985427856445e+00 4.413724752085977920e-01
1.687190055847167969e+00 2.208750564379535208e-01
1.695500016212463379e+00 1.741260572831316411e+00
1.701050043106079102e+00 1.395766963663251037e+00
1.701670050621032715e+00 1.329161702519086496e+00
1.704049944877624512e+00 7.481788628911603123e-01
1.705189943313598633e+00 1.427914828604247788e+00
1.709759950637817383e+00 7.724149805406227420e-02
1.724380016326904297e+00 1.125486746478646383e-01
1.730649948120117188e+00 1.892115216679356449e-01
1.731060028076171875e+00 9.710101337446168657e-01
1.732030034065246582e+00 7.067752377726743696e-01
1.733260035514831543e+00 9.629266545042475256e-01
1.738070011138916016e+00 1.747514475351620855e-01
1.739830017089843750e+00 1.566061167802576204e+00
1.745890021324157715e+00 1.045847473675013184e+00
1.750270009040832520e+00 2.207669295863735892e-01
1.751389980316162109e+00 3.329215651756021188e-01
1.761860013008117676e+00 1.434529064471470050e-01
1.763120055198669434e+00 8.009742716730268441e-02
1.766229987144470215e+00 4.236312076477197763e-01
1.768650054931640625e+00 1.114370459576613515e+00
1.782439947128295898e+00 5.812325680198608957e-01
1.793220043182373047e+00 6.035586353428360473e-01
1.795429944992065430e+00 1.281506847069288302e+00
1.800490021705627441e+00 2.967047958120908602e-01
1.806409955024719238e+00 1.999625787396185128e+00
1.818789958953857422e+00 3.252835748512672986e-01
1.834710001945495605e+00 8.323953830817871768e-01
1.838770031929016113e+00 2.368725983391410050e+00
1.839969992637634277e+00 2.981677214824653976e-01
1.841910004615783691e+00 9.650582653061529070e-01
1.843430042266845703e+00 2.498537070638174873e-01
1.844069957733154297e+00 1.015925955075674736e+00
1.847620010375976562e+00 4.039553250443896348e-01
1.856230020523071289e+00 1.049287513894223478e+00
1.856400012969970703e+00 1.201661198667188124e+00
1.861099958419799805e+00 2.076026542332120250e+00
1.869689941406250000e+00 1.043939725294587895e+00
1.887619972229003906e+00 2.786026047200396150e-01
1.890220046043395996e+00 1.666091335311124855e+00
1.896589994430541992e+00 1.149596264306491422e+00
1.903650045394897461e+00 5.805678380159480234e-01
1.904590010643005371e+00 1.767936034571168324e+00
1.910549998283386230e+00 1.608127274289684605e+00
1.912179946899414062e+00 7.439508632459526094e-01
1.913210034370422363e+00 2.971597017725039702e+00
1.919430017471313477e+00 2.157116938434775477e+00
1.926249980926513672e+00 1.742279860616986031e+00
1.931429982185363770e+00 1.114217373616964490e+00
1.939520001411437988e+00 1.501280988014541462e+00
1.943770051002502441e+00 8.427088732528962289e-01
1.945140004158020020e+00 4.539177629571221062e-01
1.957159996032714844e+00 2.125653390205487714e+00
1.962329983711242676e+00 6.991568751513084212e-01
1.962990045547485352e+00 9.228200324920718955e-01
1.966210007667541504e+00 1.734149770987453820e+00
1.977059960365295410e+00 1.024332887320573010e-01
1.981930017471313477e+00 1.301446511693516328e+00
1.981999993324279785e+00 2.184377334144762095e+00
2.000250101089477539e+00 6.961383183563282229e-01
2.004590034484863281e+00 6.113177135122145334e-01
2.008699893951416016e+00 2.758438601188323069e+00
2.023849964141845703e+00 7.944793419555971070e-01
2.028419971466064453e+00 1.992027765772414472e-01
2.032160043716430664e+00 2.832010432668285116e+00
2.034780025482177734e+00 1.776100991483842151e+00
2.044820070266723633e+00 2.639891546490175323e+00
2.047950029373168945e+00 1.102682807247951535e+00
2.048170089721679688e+00 2.497460251369035156e+00
2.048389911651611328e+00 2.078511853417106536e+00
2.052589893341064453e+00 7.447499649512123732e-01
2.052949905395507812e+00 1.179498064490941633e+00
2.056240081787109375e+00 8.326731807218656911e-01
2.063290119171142578e+00 6.599274187912034240e-01
2.063669919967651367e+00 2.469980443097464118e+00
2.075850009918212891e+00 3.270808374487784720e-01
2.079169988632202148e+00 1.348309206181235620e+00
2.085760116577148438e+00 7.431918443513209072e-01
2.097019910812377930e+00 1.310956978070705992e+00
2.099469900131225586e+00 5.527325822274292699e-01
2.099539995193481445e+00 5.387507325697975524e-01
2.100029945373535156e+00 2.290726351711366071e+00
2.100950002670288086e+00 2.661748915056420639e+00
2.104559898376464844e+00 1.854841000673316032e+00
2.107860088348388672e+00 1.508234812236745936e+00
2.110660076141357422e+00 2.120799786087477767e-01
2.122189998626708984e+00 2.364060663399427664e+00
2.133749961853027344e+00 1.245167618970445922e+00
2.141809940338134766e+00 1.631829968423191835e+00
2.146300077438354492e+00 1.935522946391860621e+00
2.156049966812133789e+00 2.202577249896037426e+00
2.159899950027465820e+00 7.780957832890670334e-01
2.170130014419555664e+00 1.197618208621700875e+00
2.175090074539184570e+00 9.304079289052744617e-01
2.185309886932373047e+00 9.092700808101201737e-01
2.195139884948730469e+00 1.713208051336541970e+00
2.208450078964233398e+00 1.271329385253158417e+00
2.214869976043701172e+00 1.427995765532801720e+00
2.221729993820190430e+00 9.845144397100987765e-01
2.222549915313720703e+00 1.383717328710932559e+00
2.228620052337646484e+00 1.760151278246128825e+00
2.231970071792602539e+00 2.361925018327317438e-01
2.235860109329223633e+00 1.003738166884675431e+00
2.237570047378540039e+00 3.392852271879006620e-01
2.237760066986083984e+00 2.416137162827726170e-01
2.244129896163940430e+00 8.503352268518227230e-01
2.251689910888671875e+00 1.973844124528885968e-01
2.252480030059814453e+00 1.877538003066331784e+00
2.264980077743530273e+00 1.254323524481993912e+00
2.266289949417114258e+00 1.264960039977461870e+00
2.267879962921142578e+00 6.836886744703551955e-01
2.268160104751586914e+00 1.511123445384754849e+00
2.274719953536987305e+00 6.584873376797428790e-01
2.277450084686279297e+00 5.712376237393027578e-01
2.291100025177001953e+00 7.743563535917976637e-01
2.292659997940063477e+00 2.565897565039076955e+00
2.293519973754882812e+00 5.231075678456939548e-02
2.296469926834106445e+00 3.732455446855287295e+00
2.299249887466430664e+00 7.262991539003554875e-01
2.302629947662353516e+00 1.134366135035419498e+00
2.311140060424804688e+00 8.732439268735253668e-01
2.318459987640380859e+00 2.282980082829086488e+00
2.323329925537109375e+00 7.851565245363372192e-01
2.336400032043457031e+00 2.629177600841243301e+00
2.337539911270141602e+00 1.757078582698228475e+00
2.337759971618652344e+00 1.299580342417434586e+00
2.353140115737915039e+00 1.495236544049471927e-01
2.363199949264526367e+00 3.988582687390039849e-01
2.371030092239379883e+00 2.683742088509416313e+00
2.371779918670654297e+00 1.810806395559848125e+00
2.380140066146850586e+00 4.762304801600460991e-01
2.392070055007934570e+00 1.031300628866325397e-01
2.392460107803344727e+00 2.919255796271549297e-01
2.395629882812500000e+00 6.874169968251155893e-01
2.402620077133178711e+00 4.006122994716750374e-01
2.408960103988647461e+00 3.767952857142422562e-01
2.409770011901855469e+00 2.458853620426446895e-01
2.411580085754394531e+00 1.658297255117718028e-01
2.414799928665161133e+00 1.254340314578474280e-01
2.425570011138916016e+00 1.762858883476217553e+00
2.431790113449096680e+00 9.966114109362451956e-02
2.436949968338012695e+00 4.996830511538924435e-01
2.442810058593750000e+00 1.307502555621263829e+00
2.445440053939819336e+00 3.094929818105781605e-01
2.445499897003173828e+00 9.711446799780787398e-02
2.446140050888061523e+00 6.550684328880009843e-01
2.452850103378295898e+00 1.184942221180178779e+00
2.453340053558349609e+00 3.948410543619549906e-01
2.467910051345825195e+00 8.797449159426462550e-02
2.479429960250854492e+00 1.274139129555841743e+00
2.483309984207153320e+00 4.426135300564572050e-01
2.484149932861328125e+00 2.973622766379962479e-01
2.487529993057250977e+00 8.273662140629769457e-01
2.492059946060180664e+00 1.476926227242774392e-01
2.492219924926757812e+00 3.329335187011887159e-02
2.515209913253784180e+00 5.212153758383343272e-01
2.517149925231933594e+00 1.017664567455662944e-01
2.522439956665039062e+00 8.979044174460936167e-01
2.525419950485229492e+00 4.725514925707172131e-01
2.527179956436157227e+00 7.085654941430109544e-01
2.538219928741455078e+00 1.285351003430223737e-01
2.546260118484497070e+00 1.517335232026003622e-01
2.553590059280395508e+00 1.295167960955447839e-01
2.568170070648193359e+00 1.066769030992827383e-01
2.597399950027465820e+00 2.282703649429482784e-01
2.602339982986450195e+00 7.218820510269452484e-01
2.605380058288574219e+00 1.300473244570153897e+00
2.605959892272949219e+00 4.329348098288858526e-02
2.609030008316040039e+00 8.727281592016122858e-01
2.616739988327026367e+00 9.318848694935943922e-01
2.622509956359863281e+00 1.686953378006851856e-01
2.624340057373046875e+00 9.744948040825126556e-01
2.626790046691894531e+00 8.498595024100580320e-01
2.646539926528930664e+00 7.961875232451032236e-02
2.647200107574462891e+00 6.710792361659221328e-01
2.656719923019409180e+00 1.178979745145656982e-01
2.659080028533935547e+00 8.256700917872465684e-02
2.659399986267089844e+00 1.892915677469084457e-01
2.660429954528808594e+00 1.111763356332318847e-02
2.665689945220947266e+00 4.401072301904538908e-01
2.673670053482055664e+00 4.172753026754437156e-01
2.674020051956176758e+00 3.341351842357283553e-01
2.676170110702514648e+00 1.280399997801696110e-01
2.687589883804321289e+00 7.381678835859280252e-02
2.690690040588378906e+00 1.445608349363628253e+00
2.697449922561645508e+00 9.243286150567533443e-01
2.702389955520629883e+00 1.174417646845829610e+00
2.728300094604492188e+00 1.702953512597662755e-01
2.744640111923217773e+00 7.064275406430862991e-02
2.760720014572143555e+00 1.490516183992809385e-01
2.762739896774291992e+00 8.681514718149117849e-02
2.774420022964477539e+00 8.164671388220285930e-01
2.797319889068603516e+00 8.159230193588933033e-02
2.817369937896728516e+00 6.073203960947420876e-02
2.818969964981079102e+00 1.040318985306087907e-01
2.825850009918212891e+00 6.397226512390391528e-02
2.832710027694702148e+00 3.185032090209838906e-01
2.844290018081665039e+00 2.047012162776516431e-01
2.850250005722045898e+00 1.360333946356915846e-01
2.851749897003173828e+00 1.113924793466205126e-01
2.852200031280517578e+00 1.436010891451585114e-01
2.853100061416625977e+00 5.655917392581829434e-02
2.853620052337646484e+00 1.485504493854889474e-01
2.856420040130615234e+00 2.908216489467361707e-02
2.858079910278320312e+00 4.967217586364199716e-02
2.868259906768798828e+00 1.389821078350027272e-01
2.869009971618652344e+00 7.193798038646639359e-01
2.869999885559082031e+00 4.419711040283250125e-02
2.872390031814575195e+00 1.063049926972504423e-02
2.874330043792724609e+00 7.699652123172971707e-02
2.876060009002685547e+00 1.771033447117866672e-02
2.876569986343383789e+00 2.801352734487420892e-02
2.878930091857910156e+00 1.630371160915028705e-01
2.879050016403198242e+00 9.612538851224430303e-01
2.880170106887817383e+00 4.528293088803679589e-02
2.886889934539794922e+00 5.078279823562583534e-02
2.892129898071289062e+00 5.991136175714047163e-02
2.892159938812255859e+00 4.924243889179247963e-02
2.895669937133789062e+00 4.737640335199144737e-02
2.896189928054809570e+00 1.271009905843032417e-01
2.919019937515258789e+00 7.662370092080718065e-01
2.926939964294433594e+00 5.624947937212849275e-02
2.931289911270141602e+00 1.562248992918113810e-01
2.939830064773559570e+00 3.996069108672861692e-02
2.965729951858520508e+00 5.260840494603750278e-02
2.971829891204833984e+00 1.610265120876216982e-01
2.976130008697509766e+00 1.202561962664957518e-01
2.984950065612792969e+00 6.647587966159828055e-01
2.986639976501464844e+00 5.819104352078629389e-02
2.997220039367675781e+00 7.752756393826266273e-03
2.997279882431030273e+00 1.350336487283180543e-02
2.999249935150146484e+00 5.641274230935466177e-02
3.002579927444458008e+00 1.034705170356274406e+00
3.009660005569458008e+00 5.461512031026770353e-02
3.013520002365112305e+00 1.457366883247500702e-02
3.013609886169433594e+00 5.803194592678397740e-02
3.013770103454589844e+00 7.363675300300086268e-02
3.014280080795288086e+00 7.513484179014999487e-02
3.016860008239746094e+00 6.981383410271344014e-02
3.019439935684204102e+00 6.424637104052828562e-02
3.040869951248168945e+00 7.610887711968865321e-02
3.044059991836547852e+00 1.159872857666011808e-01
3.045469999313354492e+00 5.683570049706089533e-02
3.053740024566650391e+00 1.324123352450300439e-01
3.061229944229125977e+00 1.169391585505371728e-01
3.066709995269775391e+00 9.283221649975506584e-02
3.067029953002929688e+00 5.835971742795372647e-02
3.074419975280761719e+00 3.926608088120430579e-02
3.076590061187744141e+00 1.769075811229691708e-01
3.083559989929199219e+00 7.634751973788526935e-02
3.089679956436157227e+00 7.479157010424766772e-02
3.093509912490844727e+00 1.158635878456211327e-01
3.095619916915893555e+00 1.301967843294953298e-01
3.101219892501831055e+00 2.347728614949189385e-01
3.125190019607543945e+00 1.990799718074379721e-01
3.134569883346557617e+00 3.035043908371667376e-01
3.170860052108764648e+00 7.187927259195521501e-02
3.191540002822875977e+00 2.026067086012220964e-01
3.197360038757324219e+00 1.228945523218628461e-01
3.202600002288818359e+00 2.787159123521448442e-02
3.207649946212768555e+00 2.672279552191069718e-01
3.215359926223754883e+00 1.316931996285456707e-01
3.220419883728027344e+00 7.557837506875793310e-02
3.221950054168701172e+00 2.181742881347235874e-01
3.222429990768432617e+00 1.530958802891454751e-01
3.224610090255737305e+00 3.333362177489180428e-02
3.226599931716918945e+00 1.323575724181814094e-02
3.228830099105834961e+00 5.573987177744606919e-02
3.231280088424682617e+00 4.006941128702885824e-02
3.234009981155395508e+00 1.914917577833342432e-01
3.243439912796020508e+00 2.797492416407385690e-02
3.245800018310546875e+00 1.126446607910659703e-01
3.247720003128051758e+00 1.183568690483486063e-01
3.251159906387329102e+00 1.328369167567646780e-01
3.256789922714233398e+00 9.034729533023870551e-02
3.260910034179687500e+00 7.478255492541668881e-02
3.262840032577514648e+00 1.299902539613454477e-01
3.268239974975585938e+00 3.817155032749380839e-02
3.279880046844482422e+00 1.428213146888309693e-01
3.287120103836059570e+00 6.892047990884231368e-02
3.347100019454956055e+00 1.370406959780336442e-01
3.347589969635009766e+00 1.139884101171538128e-01
3.355950117111206055e+00 2.910189622999651698e-02
3.364190101623535156e+00 6.309473924408058598e-02
3.384010076522827148e+00 4.334084293337733818e-02
3.384140014648437500e+00 2.746029218006069278e-02
3.388679981231689453e+00 3.000045006017627858e-02
3.405940055847167969e+00 2.667997354357368178e-02
3.420059919357299805e+00 1.519577360774297115e-01
3.420809984207153320e+00 6.959652203663149739e-02
3.429179906845092773e+00 8.291974802966335656e-02
3.434819936752319336e+00 1.734163653313889469e-02
3.435750007629394531e+00 2.490954579175041692e-02
3.438800096511840820e+00 1.698135278921656180e-02
3.439169883728027344e+00 1.810813750802539590e-02
3.442260026931762695e+00 1.078045621927355285e-01
3.451930046081542969e+00 1.811045893569739051e-02
3.454499959945678711e+00 6.414019038721618937e-02
3.454659938812255859e+00 3.764801489789358635e-02
3.454689979553222656e+00 4.200306491975224626e-02
3.455739974975585938e+00 2.076892028942806390e-01
3.455749988555908203e+00 1.311617915936959429e-02
3.459170103073120117e+00 1.250770944010480556e-02
3.466049909591674805e+00 7.050647238144218398e-02
3.476150035858154297e+00 7.496430507528334397e-02
3.482719898223876953e+00 6.316601482318737748e-01
3.487580060958862305e+00 6.242788392860432883e-02
3.488820075988769531e+00 2.164972686643567429e-02
3.495899915695190430e+00 1.433801864671986441e-02
3.495980024337768555e+00 6.041740956258819795e-01
3.498889923095703125e+00 6.589989124016254474e-02
3.502510070800781250e+00 6.350735874605133169e-02
3.506700038909912109e+00 7.964021576219759702e-02
3.507339954376220703e+00 8.244786260981057380e-02
3.535069942474365234e+00 2.901251950037336824e-02
3.537359952926635742e+00 5.370183068509198909e-02
3.542789936065673828e+00 1.154333992501224877e-02
3.563509941101074219e+00 9.270393743409202636e-02
3.569499969482421875e+00 2.637586697705736338e-02
3.580369949340820312e+00 3.131485792253713152e-02
3.585920095443725586e+00 3.488659051416363732e-02
3.589099884033203125e+00 8.004451085514636965e-02
3.590569972991943359e+00 3.240402330707078948e-02
3.592519998550415039e+00 1.415841025873013082e-01
3.601959943771362305e+00 6.049005141784735695e-02
3.602530002593994141e+00 1.445835755750204780e-02
3.604020118713378906e+00 3.487356432886352942e-02
3.608599901199340820e+00 9.164886950829928547e-02
3.610919952392578125e+00 1.174654814511147394e-01
3.614180088043212891e+00 1.546712256828260412e-01
3.616519927978515625e+00 7.324834885579292743e-02
3.620349884033203125e+00 1.389663200697094370e-01
3.627690076828002930e+00 3.716952328765309177e-02
3.634200096130371094e+00 2.781224506796721799e-02
3.634599924087524414e+00 3.202291761287521243e-01
3.634649991989135742e+00 1.185302721971882162e-01
3.642669916152954102e+00 2.858019568172355876e-02
3.649199962615966797e+00 9.167106334453174743e-02
3.650019884109497070e+00 2.646079189512877683e-01
3.652120113372802734e+00 7.831450879010436184e-02
3.654289960861206055e+00 8.936854905301098995e-02
3.656549930572509766e+00 1.496023132949695633e-01
3.656759977340698242e+00 3.745333501663797859e-01
3.673799991607666016e+00 3.424581498925973605e-02
3.678129911422729492e+00 9.631188254224339051e-02
3.702689886093139648e+00 6.106503880507430787e-02
3.704829931259155273e+00 2.501241413355184684e-01
3.705410003662109375e+00 1.694814475431101197e-01
3.783240079879760742e+00 7.073745740651915526e-01
3.797879934310913086e+00 7.943618822708738147e-02
3.799730062484741211e+00 3.919167890049324310e-02
3.811460018157958984e+00 5.624984246849117353e-01
3.813009977340698242e+00 1.716944755906789008e-02
3.813580036163330078e+00 8.329518989797890516e-02
3.813730001449584961e+00 4.900875389863031117e-02
3.814169883728027344e+00 3.770266049878816944e-02
3.814909934997558594e+00 6.063403620261481608e-02
3.819279909133911133e+00 8.018985849146884060e-02
3.821690082550048828e+00 4.443365607378444437e-01
3.826240062713623047e+00 5.966777770203175735e-02
3.827529907226562500e+00 1.992605635214964380e-02
3.830960035324096680e+00 1.131366479362823189e-02
3.831010103225708008e+00 9.491086694550179836e-02
3.832149982452392578e+00 5.937266528672123511e-02
3.844710111618041992e+00 5.638160970882138273e-02
3.848069906234741211e+00 4.281727468251302071e-02
3.856559991836547852e+00 2.444794484710390570e-01
3.857079982757568359e+00 4.629583814314350981e-02
3.857850074768066406e+00 2.781151061998233809e-01
3.862440109252929688e+00 6.225384509107129150e-02
3.869440078735351562e+00 1.521416200053021250e-01
3.886600017547607422e+00 8.252497051820896490e-02
3.944279909133911133e+00 9.222161820833736645e-02
3.951339960098266602e+00 1.359011745958407791e-01
3.952569961547851562e+00 1.615229360787516499e-01
3.959229946136474609e+00 4.958823237701050213e-02
3.965229988098144531e+00 1.643151741067571878e-02
3.967250108718872070e+00 5.414055660034795825e-02
3.968519926071166992e+00 4.326977342551852068e-02
3.979199886322021484e+00 7.789486522026317639e-02
4.014180183410644531e+00 5.332738824769738678e-02
4.026319980621337891e+00 1.245341403773372602e-01
4.026569843292236328e+00 1.392634824965917686e-02
4.030799865722656250e+00 7.367243510500473547e-02
4.030869960784912109e+00 3.483005548556517006e-02
4.040380001068115234e+00 3.787801047564913481e-02
4.040559768676757812e+00 8.498447209331146113e-02
4.043139934539794922e+00 7.709363324559539987e-02
4.047200202941894531e+00 4.062968149920816174e-02
4.048379898071289062e+00 4.071871806161989071e-02
4.048840045928955078e+00 1.162197877245884498e-01
4.051770210266113281e+00 8.829615971664786511e-02
4.053559780120849609e+00 7.586210384971106557e-02
4.055459976196289062e+00 5.083062914130748872e-02
4.058619976043701172e+00 2.617173530017532709e-02
4.060259819030761719e+00 2.928622460331173696e-02
4.062089920043945312e+00 3.072178485276954446e-02
4.062290191650390625e+00 1.926153200290778300e-02
4.066720008850097656e+00 1.885399391361202923e-02
4.070779800415039062e+00 3.963565243868842625e-02
4.071909904479980469e+00 1.567405193248981241e-02
4.084229946136474609e+00 2.929374466741788835e-02
4.086540222167968750e+00 7.211547311646054892e-02
4.102729797363281250e+00 4.588205707033202879e-02
4.106329917907714844e+00 8.250915976552342102e-02
4.124939918518066406e+00 1.386098010082240269e-02
4.125949859619140625e+00 9.625785132751713685e-03
4.142879962921142578e+00 6.160240136503016689e-02
4.149340152740478516e+00 5.097979806302840866e-02
4.161389827728271484e+00 3.642586693349317284e-02
4.177740097045898438e+00 1.873304463296447397e-01
4.180659770965576172e+00 4.483716998465617914e-02
4.188230037689208984e+00 4.802414235214556154e-02
4.196819782257080078e+00 1.252838804215714585e-01
4.197529792785644531e+00 1.429677409591243731e-01
4.198659896850585938e+00 8.501605360056732619e-02
4.200210094451904297e+00 7.646958380940088729e-02
4.202159881591796875e+00 9.674197759798153218e-02
4.204319953918457031e+00 4.504973153008205722e-02
4.208529949188232422e+00 2.714637823646897097e-01
4.209070205688476562e+00 2.303330213684438160e-02
4.210110187530517578e+00 4.482001243261289625e-02
4.211510181427001953e+00 1.591915707141062231e-01
4.212140083312988281e+00 4.684312680078507596e-02
4.215650081634521484e+00 1.140969077953368493e-01
4.218389987945556641e+00 7.712361259450213093e-03
4.224130153656005859e+00 3.703175772353076850e-02
4.228149890899658203e+00 5.648534703086882658e-02
4.230529785156250000e+00 2.739857843837470788e-02
4.231309890747070312e+00 4.404194272072214922e-02
4.231929779052734375e+00 4.360000403455606410e-02
4.232220172882080078e+00 5.554957496543686674e-02
4.254730224609375000e+00 9.248207006810663100e-02
4.269989967346191406e+00 2.127159047754745291e-02
4.279419898986816406e+00 5.346443278058987669e-02
4.291450023651123047e+00 9.448645943864075747e-02
4.299369812011718750e+00 1.380165132365356873e-01
4.300119876861572266e+00 5.622193190535876989e-02
4.308030128479003906e+00 8.143629078048585102e-02
4.309040069580078125e+00 9.041886544284995220e-02
4.382939815521240234e+00 1.260332754820270573e-01
4.388390064239501953e+00 8.883363250402087630e-02
4.397419929504394531e+00 7.204287232579960343e-02
4.398570060729980469e+00 1.478306332583637916e-01
4.400350093841552734e+00 8.346839601857419799e-02
4.407639980316162109e+00 1.368101410603672907e-01
4.408170223236083984e+00 3.004535435137418650e-02
4.408370018005371094e+00 1.467016638402790160e-02
4.412020206451416016e+00 6.272330915861885903e-02
4.413159847259521484e+00 9.818449539659290792e-02
4.417510032653808594e+00 2.787423646263438581e-02
4.420569896697998047e+00 7.471447787039624255e-02
4.427549839019775391e+00 1.856906615925915105e-01
4.431059837341308594e+00 4.228649566618442740e-02
4.431690216064453125e+00 6.019382813438029639e-02
4.435190200805664062e+00 2.546326194435366008e-01
4.438449859619140625e+00 1.131044686239466093e-02
4.439060211181640625e+00 1.470376280389930901e-01
4.441999912261962891e+00 4.257924622586133079e-02
4.443799972534179688e+00 7.417508212054203798e-02
4.444489955902099609e+00 1.108876603869869554e-01
4.445509910583496094e+00 6.800423192392283933e-02
4.457729816436767578e+00 3.366203920844415554e-02
4.458370208740234375e+00 4.544502774670643175e-02
4.525700092315673828e+00 1.141679905974436610e-01
4.545279979705810547e+00 1.951769855667507270e-01
4.551869869232177734e+00 1.866688333069765060e-01
4.569670200347900391e+00 7.014860013567443542e-02
4.569729804992675781e+00 7.328001518424942518e-02
4.571499824523925781e+00 1.119671928405256700e-01
4.580019950866699219e+00 4.950091505736388398e-02
4.580570220947265625e+00 7.582047005724525113e-02
4.588469982147216797e+00 1.228993338805105390e-01
4.604290008544921875e+00 4.153123434893266075e-02
4.614820003509521484e+00 7.558713895404577110e-02
4.615940093994140625e+00 8.154312993974628665e-02
4.623640060424804688e+00 5.207287433159670659e-02
4.625969886779785156e+00 6.762107897306239568e-02
4.629620075225830078e+00 1.083643528355626023e-01
4.629980087280273438e+00 7.533134655166547067e-02
4.631169795989990234e+00 7.410995379289787854e-02
4.632140159606933594e+00 8.352308194985057221e-02
4.632329940795898438e+00 5.930296452858715289e-02
4.636459827423095703e+00 7.070307960095349731e-02
4.640779972076416016e+00 7.983177247821184042e-02
4.640950202941894531e+00 1.309538709699620274e-01
4.644360065460205078e+00 1.453618494914670767e-01
4.645559787750244141e+00 1.034470148393505651e-01
4.649740219116210938e+00 4.613356136043211125e-02
4.650000095367431641e+00 4.202095932380356391e-02
4.650849819183349609e+00 1.053367142417442441e-02
4.652130126953125000e+00 3.642793294204623583e-02
4.659999847412109375e+00 2.862242990653586505e-02
4.680210113525390625e+00 5.405578359253826459e-02
4.689980030059814453e+00 1.129707061795482692e-01
4.697010040283203125e+00 8.042921345053639925e-02
4.703859806060791016e+00 2.343371791657700848e-02
4.722030162811279297e+00 2.987592392960875670e-02
4.733349800109863281e+00 3.226984296006665809e-03
4.736380100250244141e+00 6.375903748048807052e-02
4.743299961090087891e+00 1.641007140301525280e-01
4.756740093231201172e+00 9.664475866607333265e-02
4.764400005340576172e+00 1.264074864268382170e-01
4.769470214843750000e+00 1.661322509153641824e-01
4.770140171051025391e+00 3.181811128608150185e-02
4.774559974670410156e+00 9.102351688845428113e-02
4.776549816131591797e+00 2.568061205106819331e-02
4.779359817504882812e+00 6.217729479338669762e-02
4.784180164337158203e+00 1.637337125845271524e-02
4.784880161285400391e+00 1.170147931711343070e-01
4.785299777984619141e+00 1.641673158693516058e-02
4.785840034484863281e+00 1.942069363788222897e-02
4.793119907379150391e+00 7.305743092630516411e-02
4.793940067291259766e+00 3.534113613532528092e-02
4.794449806213378906e+00 2.507596599854156408e-02
4.799809932708740234e+00 1.287484863551179581e-01
4.800479888916015625e+00 1.150197434659027025e-02
4.800980091094970703e+00 1.255549622582001479e-01
4.803020000457763672e+00 3.241341532416300297e-02
4.808819770812988281e+00 1.262181530958636499e-01
4.811180114746093750e+00 5.464863426286809683e-02
4.813280105590820312e+00 1.162503868742496838e-01
4.835360050201416016e+00 2.980312399829833370e-02
4.844560146331787109e+00 4.243370377984030661e-02
4.856780052185058594e+00 1.039427817233449514e-01
4.872879981994628906e+00 4.346550490772804060e-02
4.874129772186279297e+00 1.882196606448423848e-01
4.883999824523925781e+00 8.373131231614391878e-02
4.885069847106933594e+00 8.648382830072492977e-02
4.890480041503906250e+00 4.102995953867401291e-02
4.894780158996582031e+00 8.272639816880608676e-02
4.931099891662597656e+00 1.243170649392340565e-01
4.945940017700195312e+00 1.074566996191714530e-01
4.963669776916503906e+00 8.136447677122218836e-02
4.967500209808349609e+00 1.502241620116618603e-01
4.971439838409423828e+00 3.722609865797112116e-02
4.973460197448730469e+00 2.585939742757004806e-02
4.996620178222656250e+00 9.354634703978111088e-02
5.005119800567626953e+00 8.555296955748660503e-02
5.006869792938232422e+00 1.868206162664282910e-01
5.008430004119873047e+00 1.563507422384073295e-02
5.009689807891845703e+00 4.944594199291806047e-02
5.010330200195312500e+00 1.579147757111759032e-01
5.012159824371337891e+00 3.503367969764514811e-01
5.013090133666992188e+00 4.095258688336019665e-02
5.025859832763671875e+00 1.335331859546014799e-01
5.026110172271728516e+00 8.036228288595367864e-02
5.029769897460937500e+00 1.132710028249341999e-01
5.030550003051757812e+00 2.043938487488596301e-01
5.030620098114013672e+00 1.294892553430270488e-01
5.031710147857666016e+00 1.216741896763920069e-02
5.035860061645507812e+00 4.377143817257516528e-02
5.036039829254150391e+00 7.144624581543680686e-02
5.037539958953857422e+00 6.163559806890160642e-02
5.049550056457519531e+00 3.773887781936616226e-02
5.058450222015380859e+00 1.943622393529348402e-01
5.103710174560546875e+00 1.828587361361341812e-01
5.148399829864501953e+00 1.092510725571229496e-01
5.152619838714599609e+00 3.188407386284969336e-02
5.156990051269531250e+00 4.066914349142163043e-02
5.175499916076660156e+00 3.954903909564874698e-02
5.177100181579589844e+00 2.225226398784850568e-02
5.184519767761230469e+00 1.102535746554591800e-01
5.184909820556640625e+00 5.301842666298162837e-02
5.190330028533935547e+00 1.726513979528823337e-02
5.193290233612060547e+00 1.271982942355399382e-01
5.200829982757568359e+00 1.195907375686558610e-01
5.202290058135986328e+00 1.362866065255857184e-01
5.211009979248046875e+00 5.661618572407696448e-02
5.211780071258544922e+00 1.052649689739341698e-01
5.212120056152343750e+00 1.768658459227882562e-01
5.215300083160400391e+00 1.095717604648447224e-01
5.221220016479492188e+00 3.005864513804989979e-02
5.224860191345214844e+00 2.692761254967377185e-02
5.226580142974853516e+00 3.806674455468891244e-02
5.229579925537109375e+00 1.110184710705299782e-01
5.229740142822265625e+00 3.785181241749781961e-02
5.233540058135986328e+00 4.217579879103444673e-02
5.237770080566406250e+00 1.583924564694950687e-01
5.239039897918701172e+00 5.799985396853141878e-02
5.240019798278808594e+00 1.039261650397316772e-01
5.243619918823242188e+00 1.240287005736746967e-01
5.250299930572509766e+00 2.935749300311488175e-02
5.251880168914794922e+00 3.475319055546891023e-02
5.255559921264648438e+00 5.935306468420298992e-02
5.259200096130371094e+00 5.401806092274641369e-02
5.274630069732666016e+00 1.139734259032516295e-01
5.275070190429687500e+00 3.005751551289084778e-02
5.289289951324462891e+00 9.245791287938912029e-02
5.295479774475097656e+00 9.598793316143906795e-02
5.302010059356689453e+00 7.738434006798076970e-02
5.307819843292236328e+00 4.535652555921639018e-02
5.324130058288574219e+00 3.889321593543982464e-02
5.338679790496826172e+00 2.185378923316340372e-02
5.346560001373291016e+00 5.701163849417097834e-02
5.348490238189697266e+00 4.187556423584437582e-02
5.353370189666748047e+00 2.995795672034805984e-02
5.359139919281005859e+00 1.881446041349783826e-02
5.362870216369628906e+00 1.112021191625682005e-02
5.366099834442138672e+00 3.521968947458224697e-02
5.366610050201416016e+00 2.697723884181868308e-03
5.368340015411376953e+00 8.655254510294092818e-02
5.369050025939941406e+00 4.562434333717947654e-02
5.377930164337158203e+00 7.146494312520609848e-02
5.379879951477050781e+00 5.010534604386464308e-02
5.379940032958984375e+00 3.450670872844641135e-02
5.380030155181884766e+00 1.452335099546810636e-02
5.380899906158447266e+00 3.618538966362644382e-02
5.389699935913085938e+00 8.424541316825963355e-02
5.390530109405517578e+00 1.127090805484216862e-01
5.392509937286376953e+00 8.696973961346493587e-02
5.393469810485839844e+00 1.967550177473710929e-02
5.393529891967773438e+00 1.821145200377714546e-01
5.397250175476074219e+00 2.363039732513867036e-02
5.399390220642089844e+00 9.382463216786969540e-02
5.425789833068847656e+00 3.145925360361949696e-01
5.437019824981689453e+00 3.801706774270546124e-02
5.450520038604736328e+00 2.211794381184614688e-01
5.459280014038085938e+00 3.130498766287349854e-02
5.462399959564208984e+00 7.934420190065102907e-02
5.471220016479492188e+00 8.779085456384802533e-02
5.482520103454589844e+00 1.582486335238769970e-01
5.492489814758300781e+00 1.458654911745122518e-01
5.497360229492187500e+00 3.185401079516538281e-01
5.558549880981445312e+00 1.349963509800314321e-01
5.578599929809570312e+00 1.552241027123737183e-01
5.578919887542724609e+00 6.878289140752730235e-02
5.581019878387451172e+00 1.524910763177367984e-02
5.581170082092285156e+00 1.604527675781294849e-02
5.581739902496337891e+00 4.443123653342341550e-02
5.588659763336181641e+00 9.197831516577674449e-02
5.592959880828857422e+00 1.807656422944212138e-02
5.596360206604003906e+00 5.438579370419376058e-02
5.598299980163574219e+00 4.341668967444486243e-02
5.598710060119628906e+00 3.279306364686100650e-02
5.602330207824707031e+00 5.528776386756515532e-02
5.605450153350830078e+00 5.487838726668550077e-02
5.608650207519531250e+00 2.566657301848972172e-02
5.612309932708740234e+00 4.008583084240333744e-02
5.612490177154541016e+00 3.484007699016623133e-02
5.615079879760742188e+00 3.291194636643947347e-02
5.616169929504394531e+00 4.807397664648775659e-02
5.617119789123535156e+00 3.016803469779807262e-02
5.621409893035888672e+00 5.213942770578208069e-02
5.625969886779785156e+00 2.556802555541838259e-02
5.628620147705078125e+00 1.187365384550932434e-01
5.632579803466796875e+00 4.028164076913725439e-02
5.653850078582763672e+00 7.949410516903107626e-02
5.705309867858886719e+00 2.226436985673667657e-01
5.730549812316894531e+00 1.075520343177775451e-01
5.733880043029785156e+00 5.641801366901324361e-02
5.747879981994628906e+00 1.085225599668481269e-02
5.748919963836669922e+00 5.668711655608869165e-02
5.753689765930175781e+00 7.065580766126910994e-02
5.758840084075927734e+00 6.530788448893763698e-02
5.761499881744384766e+00 7.752082596777654100e-02
5.782509803771972656e+00 2.027282921953058037e-01
5.786769866943359375e+00 3.081922180804294240e-02
5.792220115661621094e+00 4.915573258165967796e-01
5.810279846191406250e+00 1.182550904845351691e-01
5.811500072479248047e+00 3.037502216456242424e-02
5.815790176391601562e+00 2.207673151611504875e-02
5.816080093383789062e+00 3.852451923826356872e-02
5.816549777984619141e+00 2.284313973327989702e-02
5.816830158233642578e+00 2.230032617127883088e-01
5.817420005798339844e+00 7.455370314842058900e-03
5.818560123443603516e+00 2.747977516178296692e-02
5.825270175933837891e+00 4.366842425747671785e-02
5.826459884643554688e+00 2.849460196405267237e-02
5.826479911804199219e+00 1.226498683544586937e-01
5.833610057830810547e+00 1.897695654983419869e-02
5.835239887237548828e+00 2.957790584568102329e-03
5.835519790649414062e+00 4.499649923128407059e-02
5.838250160217285156e+00 6.740523965368992731e-02
5.839320182800292969e+00 8.030373826862295950e-01
5.840960025787353516e+00 1.483117991292451920e-01
5.842020034790039062e+00 1.703533606270126455e-01
5.842569828033447266e+00 1.595471631830247192e-02
5.854149818420410156e+00 7.235638131012486762e-02
5.856900215148925781e+00 3.181759480492257763e-02
5.890279769897460938e+00 3.138767529650673960e-02
5.891679763793945312e+00 5.168450134045685651e-01
5.897059917449951172e+00 2.131821178055171712e-02
5.912479877471923828e+00 9.664465786653593515e-03
5.925059795379638672e+00 2.555093373801564302e-02
5.932750225067138672e+00 6.798051579959793478e-02
5.933430194854736328e+00 8.381581389167054585e-02
5.955220222473144531e+00 2.204852139194060645e-02
5.964280128479003906e+00 2.969741621813088428e-01
5.966189861297607422e+00 2.428310904510855642e-02
5.966440200805664062e+00 2.704860853110776370e-02
5.969860076904296875e+00 3.343513579954965776e-03
5.970839977264404297e+00 1.009122828604561289e-01
5.972760200500488281e+00 3.238046347902360372e-02
5.976099967956542969e+00 1.600714781286121935e-01
5.977869987487792969e+00 7.561698790719131869e-02
5.978919982910156250e+00 1.295492195386211132e-01
5.980040073394775391e+00 4.576161611886066238e-02
5.980209827423095703e+00 5.403707860577022792e-02
5.991149902343750000e+00 7.296643955274473292e-02
5.992050170898437500e+00 3.500533719819892697e-02
5.992730140686035156e+00 5.278739520069727215e-02
5.993639945983886719e+00 9.174385731078336936e-02
5.996900081634521484e+00 3.452834981589498337e-02
5.997069835662841797e+00 1.283587603063899296e-01
6.000170230865478516e+00 8.520541360258156172e-02
6.024630069732666016e+00 1.993623420986611883e-01
6.025909900665283203e+00 7.415931953215754158e-02
6.026700019836425781e+00 8.301659158245976167e-02
6.045499801635742188e+00 5.543471263333726862e-02
6.053150177001953125e+00 2.782217649044843588e-01
6.054069995880126953e+00 1.013664927312980940e-01
6.055610179901123047e+00 3.636918521374011420e-02
6.055759906768798828e+00 2.009884453633046797e-01
6.058730125427246094e+00 2.751592567806179779e-02
6.062379837036132812e+00 8.811602133516115154e-02
6.140669822692871094e+00 5.023308948316257405e-02
6.161019802093505859e+00 9.402507581707759271e-03
6.162759780883789062e+00 9.433106864157975169e-02
6.164150238037109375e+00 3.008281290195658278e-02
6.164830207824707031e+00 7.631840770126323281e-02
6.166140079498291016e+00 5.062557977747701721e-02
6.172530174255371094e+00 6.356664360202733677e-02
6.173789978027343750e+00 5.114737574386623437e-02
6.181089878082275391e+00 4.879161116130623782e-02
6.186629772186279297e+00 4.043514395184445720e-02
6.192599773406982422e+00 7.282366037086390742e-02
6.193870067596435547e+00 4.324946483903337191e-02
6.196060180664062500e+00 2.106449379288290458e-01
6.199580192565917969e+00 2.531628958284105058e-01
6.200689792633056641e+00 1.258129735097532897e-01
6.200819969177246094e+00 5.164780988007926232e-02
6.211299896240234375e+00 6.833451715346969269e-02
6.215620040893554688e+00 5.645044763487098993e-02
6.215899944305419922e+00 1.107382550831715051e-01
6.216300010681152344e+00 2.742343492621229784e-02
6.217189788818359375e+00 2.032378040924925078e-01
6.219409942626953125e+00 5.449606761912451774e-02
6.228610038757324219e+00 5.134644852315029678e-02
6.229609966278076172e+00 2.059336621755961105e-01
6.300759792327880859e+00 1.109730247888419952e-01
6.318260192871093750e+00 3.212593853360908025e-02
6.321829795837402344e+00 1.944598028426909042e-01
6.322939872741699219e+00 1.419176659814799513e-01
6.324679851531982422e+00 9.584890255105417423e-02
6.331520080566406250e+00 7.412024400397186630e-02
6.340240001678466797e+00 8.684201169567280776e-02
6.354499816894531250e+00 1.555500751384422120e-01
6.357920169830322266e+00 7.359628761801316477e-02
6.371990203857421875e+00 4.810674788925687478e-02
6.386370182037353516e+00 5.957709030226807784e-02
6.390089988708496094e+00 5.599551639118710566e-02
6.390629768371582031e+00 4.416229044275554044e-02
6.397769927978515625e+00 5.591892889752019674e-02
6.399240016937255859e+00 9.659670860872954234e-02
6.403130054473876953e+00 1.306308928987004736e-01
6.406040191650390625e+00 2.988808748148714597e-02
6.410480022430419922e+00 1.025772835262546423e-01
6.410999774932861328e+00 1.104998468674424916e-01
6.412280082702636719e+00 2.169437259647955668e-02
6.412380218505859375e+00 4.274248443997142460e-02
6.416289806365966797e+00 4.411761271923425598e-02
6.418049812316894531e+00 4.317269635973646630e-02
6.418149948120117188e+00 7.710457649383055390e-02
6.421450138092041016e+00 5.033233778064338110e-02
6.421599864959716797e+00 2.087661237525790733e-02
6.426790237426757812e+00 3.487951839698092554e-02
6.430540084838867188e+00 1.371198630243775085e-01
6.433609962463378906e+00 8.495957793885745846e-02
6.434760093688964844e+00 3.404922227045948518e-02
6.446750164031982422e+00 5.136700897218213907e-02
6.447710037231445312e+00 1.269509800276715228e-01
6.475220203399658203e+00 2.208858004913782230e-02
6.477379798889160156e+00 1.199833547666820377e-02
6.512199878692626953e+00 2.851318544768840710e-02
6.517610073089599609e+00 3.599044757750791135e-02
6.520810127258300781e+00 6.744808983991748552e-02
6.522389888763427734e+00 1.499064024384004212e-01
6.523640155792236328e+00 5.561607449936875613e-02
6.525380134582519531e+00 3.061128823288222431e-02
6.528969764709472656e+00 2.952466718979170762e-02
6.543719768524169922e+00 1.713698233853775538e-02
6.549479961395263672e+00 1.631226887531867994e-02
6.555819988250732422e+00 4.602431230376152760e-02
6.559110164642333984e+00 6.596790230784120579e-02
6.561110019683837891e+00 6.516802417247939683e-02
6.561930179595947266e+00 8.299572905620465624e-02
6.563129901885986328e+00 1.673436850939398202e-01
6.563189983367919922e+00 3.206551690544753169e-02
6.567329883575439453e+00 7.116155860867479088e-02
6.569590091705322266e+00 2.478875531571183427e-02
6.572110176086425781e+00 7.088684714454185354e-02
6.577239990234375000e+00 5.321892535964837384e-02
6.580450057983398438e+00 8.071917297679162204e-03
6.581409931182861328e+00 4.596601626882386438e-02
6.581930160522460938e+00 2.906219894045738300e-02
6.591420173645019531e+00 1.982694770117546246e-01
6.594639778137207031e+00 3.572004876852649669e-02
6.601480007171630859e+00 1.151231070068884366e-01
6.616640090942382812e+00 3.894483773945618676e-02
6.620059967041015625e+00 1.023100726693531859e-01
6.626249790191650391e+00 4.448625818516827035e-02
6.630780220031738281e+00 4.588947109172404615e-02
6.637000083923339844e+00 2.645125778283189538e-02
6.653840065002441406e+00 2.500621106000305849e-01
6.653999805450439453e+00 8.614222164781980273e-02
6.668069839477539062e+00 3.487941209138423204e-01
6.672699928283691406e+00 1.290253601930215210e-01
6.750339984893798828e+00 1.018746702369627832e-01
6.758540153503417969e+00 8.895377242294258413e-02
6.760459899902343750e+00 8.164003914771637838e-02
6.763380050659179688e+00 5.143484039169817640e-02
6.766290187835693359e+00 3.195442898167560192e-02
6.766329765319824219e+00 1.918675447357033326e-01
6.771550178527832031e+00 4.582252221865372455e-02
6.775330066680908203e+00 3.613542647785488587e-02
6.776100158691406250e+00 2.630131877739146778e-02
6.780310153961181641e+00 5.439567475651887335e-02
6.781839847564697266e+00 3.052263450661622801e-02
6.784039974212646484e+00 5.229500634116385216e-02
6.784749984741210938e+00 1.595574813252549976e-02
6.786109924316406250e+00 1.691167451796584675e-01
6.788109779357910156e+00 3.488076708506740453e-02
6.788479804992675781e+00 2.827386883208762511e-02
6.788829803466796875e+00 1.765154733894896133e-01
6.789050102233886719e+00 4.975819377838777702e-02
6.789879798889160156e+00 1.516482633321303286e-01
6.793429851531982422e+00 2.835796536183396443e-02
6.796520233154296875e+00 7.226507566371477564e-02
6.802509784698486328e+00 1.709342411687642463e-02
6.820990085601806641e+00 1.101719016059973660e-01
6.821969985961914062e+00 1.345775827289223958e-01
6.893099784851074219e+00 1.503029857120948831e-01
6.898479938507080078e+00 1.644440434788781991e-01
6.914199829101562500e+00 7.528751976567006621e-02
6.927509784698486328e+00 3.261036501014901168e-01
6.928120136260986328e+00 7.436458327264092172e-02
6.935480117797851562e+00 1.668634649307669526e-01
6.955170154571533203e+00 2.688721793588652251e-02
6.965290069580078125e+00 4.224608713723961018e-02
6.965760231018066406e+00 5.468200190464643506e-02
6.968400001525878906e+00 6.694472059566214384e-02
6.976819992065429688e+00 4.408828945899162521e-02
6.978630065917968750e+00 1.049012090888083587e-01
6.980189800262451172e+00 6.107983514865106267e-02
6.989150047302246094e+00 4.492622019984051501e-02
6.995069980621337891e+00 1.157894761597129119e-01
6.995910167694091797e+00 1.768385253768270937e-01
6.998789787292480469e+00 2.393658689197936812e-02
6.999080181121826172e+00 1.596572523884809691e-01
7.008890151977539062e+00 8.805392308857979550e-03
7.009389877319335938e+00 1.667170022257993128e-02
7.010459899902343750e+00 3.177012056224072512e-02
7.011290073394775391e+00 7.537220889263837598e-02
7.013350009918212891e+00 9.995194555327067965e-02
7.013989925384521484e+00 5.378893134564430301e-02
7.018539905548095703e+00 2.773854816697149742e-02
7.022500038146972656e+00 1.574649543255089712e-02
7.029669761657714844e+00 1.593362286240482817e-01
7.036260128021240234e+00 9.814877745168058831e-02
7.038559913635253906e+00 5.961919062890529419e-01
7.041440010070800781e+00 5.042642905607978843e-02
7.042319774627685547e+00 5.204474013223692880e-02
7.042459964752197266e+00 1.565012313534609040e-02
7.087289810180664062e+00 2.923159217915621139e-02
7.096310138702392578e+00 2.014396972636699548e-02
7.097060203552246094e+00 4.353435965581221173e-02
7.114870071411132812e+00 6.793832942477544268e-02
7.115109920501708984e+00 6.423112143504410010e-02
7.119420051574707031e+00 7.745187461703701912e-03
7.124330043792724609e+00 3.577604702229261746e-02
7.128749847412109375e+00 5.902635848346612923e-02
7.133560180664062500e+00 1.775839878458934998e-02
7.139410018920898438e+00 6.122336113553444870e-02
7.140349864959716797e+00 5.414079534924859383e-02
7.145130157470703125e+00 1.341514833301775400e-01
7.146049976348876953e+00 5.058239128323605699e-02
7.153260231018066406e+00 6.463820980936721416e-02
7.153439998626708984e+00 7.189524677296206534e-02
7.158070087432861328e+00 1.287153840158892781e-01
7.158820152282714844e+00 3.046676550997023947e-02
7.159369945526123047e+00 2.425605083461651601e-02
7.160510063171386719e+00 2.516536868331852722e-02
7.160880088806152344e+00 3.405193220130585674e-01
7.163099765777587891e+00 4.954338004190469297e-02
7.169680118560791016e+00 4.115930579066872513e-02
7.172649860382080078e+00 4.325789248025052602e-02
7.180260181427001953e+00 4.581288655848500535e-02
7.187580108642578125e+00 3.723417486105160684e-02
7.188230037689208984e+00 8.031223251867012150e-03
7.190750122070312500e+00 1.146570198199497181e-01
7.205689907073974609e+00 1.095961607132174692e-01
7.216289997100830078e+00 1.038038598899616340e-02
7.237750053405761719e+00 1.049706491326336671e-01
7.238190174102783203e+00 1.591357852137575135e-01
7.255589962005615234e+00 1.329025269113689456e-01
7.258019924163818359e+00 5.345542186920885369e-02
7.259250164031982422e+00 1.044460147496909380e-01
7.259930133819580078e+00 1.307295276068548562e-01
7.262330055236816406e+00 4.124261126493913854e-02
7.305809974670410156e+00 7.098784895478598145e-01
7.324989795684814453e+00 1.544932818512241846e-01
7.327169895172119141e+00 2.234005372221800623e-02
7.336599826812744141e+00 2.201305444533237232e-02
7.340499877929687500e+00 9.257224629880785038e-02
7.359469890594482422e+00 1.014018407988519777e-01
7.359970092773437500e+00 3.609435368203194744e-02
7.361330032348632812e+00 8.626818689912200966e-02
7.361839771270751953e+00 1.580236954377575442e-01
7.370240211486816406e+00 4.710831248934747167e-02
7.374609947204589844e+00 6.473509580863534563e-02
7.376070022583007812e+00 2.065486522411744824e-02
7.379129886627197266e+00 2.431822290193837166e-01
7.379670143127441406e+00 1.561498690578927429e-01
7.381669998168945312e+00 5.477050615985094850e-02
7.388659954071044922e+00 3.020911304531778696e-02
7.389309883117675781e+00 3.441224636807280191e-02
7.392819881439208984e+00 9.125696732015713131e-02
7.396649837493896484e+00 1.289661950499572107e-01
7.400730133056640625e+00 2.228750330217272452e-02
7.401909828186035156e+00 2.332729099338530510e-01
7.408239841461181641e+00 1.182233416894951511e-01
7.423679828643798828e+00 3.827892200537407613e-02
7.424759864807128906e+00 8.946414511073251530e-02
7.476659774780273438e+00 3.265485788084542262e-01
7.508470058441162109e+00 7.495943932713551583e-02
7.509880065917968750e+00 5.825263903121579573e-02
7.519839763641357422e+00 2.215557014824256349e-02
7.520989894866943359e+00 2.989444460574715301e-02
7.523739814758300781e+00 1.125542875227620587e-01
7.532390117645263672e+00 5.898316186245028403e-02
7.532879829406738281e+00 1.180366882660946470e-01
7.548570156097412109e+00 6.232996816119114325e-02
7.557300090789794922e+00 1.021296011705394996e-01
7.558629989624023438e+00 4.305999972668918263e-02
7.564660072326660156e+00 7.096359227164936168e-02
7.574279785156250000e+00 5.197909141547237682e-02
7.577869892120361328e+00 1.116492205580879027e-01
7.581120014190673828e+00 1.000071132361135887e-02
7.584099769592285156e+00 1.078326121935067536e-02
7.585639953613281250e+00 2.089242285395976478e-02
7.586689949035644531e+00 1.241675824442513010e-01
7.590449810028076172e+00 7.242319851042652856e-02
7.594220161437988281e+00 5.822024048271934316e-02
7.597219944000244141e+00 1.197136670105147654e-01
7.601049900054931641e+00 1.213795517179614702e-01
7.601210117340087891e+00 8.550550639187902424e-02
7.602960109710693359e+00 2.198241947507370009e-01
7.603169918060302734e+00 3.052885555341668111e-02
7.613830089569091797e+00 5.736842232733829761e-02
7.614520072937011719e+00 2.957833691023251110e-02
7.617060184478759766e+00 7.331853281165777447e-02
7.617070198059082031e+00 3.914722693467015402e-02
7.633450031280517578e+00 4.002434516991049129e-02
7.633570194244384766e+00 4.500771166927926975e-02
7.636789798736572266e+00 9.703020066586481862e-02
7.641190052032470703e+00 1.855071822016788607e-01
7.668869972229003906e+00 9.353008347371079279e-02
7.675300121307373047e+00 2.103040581241370083e-02
7.675650119781494141e+00 7.521009324658213535e-02
7.677269935607910156e+00 8.769970893086066754e-02
7.682799816131591797e+00 4.322621930972414539e-02
7.687670230865478516e+00 4.453597796259320396e-02
7.702859878540039062e+00 3.074843306903596307e-01
7.709330081939697266e+00 8.061011413939621340e-02
7.716430187225341797e+00 1.226955910774048392e-01
7.730150222778320312e+00 2.050980582945096178e-02
7.735909938812255859e+00 9.865304983283285090e-02
7.737279891967773438e+00 1.494346914597678988e-01
7.738180160522460938e+00 5.799071576085378099e-02
7.738669872283935547e+00 1.343590619976303413e-01
7.738900184631347656e+00 9.350952114865768161e-02
7.743790149688720703e+00 2.010185140746449314e-02
7.750219821929931641e+00 1.222549611022679117e-01
7.750510215759277344e+00 3.624528385261881203e-02
7.755710124969482422e+00 3.025972666012799114e-02
7.758729934692382812e+00 1.577989894315888209e-01
7.759890079498291016e+00 1.160141773215399436e-01
7.766709804534912109e+00 8.764270108581874441e-02
7.777800083160400391e+00 5.623798719949366642e-01
7.778090000152587891e+00 1.551015344001298035e-01
7.789700031280517578e+00 6.859330791833330443e-02
7.791950225830078125e+00 1.011521987603349604e-01
7.795839786529541016e+00 7.959688685332551306e-02
7.805359840393066406e+00 7.711859982890839627e-02
7.834179878234863281e+00 1.755093114590745018e-01
7.834969997406005859e+00 1.185232077818140911e-01
7.839560031890869141e+00 6.897114488626690521e-02
7.840929985046386719e+00 2.746674222356816353e-01
7.842350006103515625e+00 3.852543410369023702e-01
7.845449924468994141e+00 5.024747471829802553e-02
7.847499847412109375e+00 7.096692755036106137e-02
7.916920185089111328e+00 7.306991584941106843e-02
7.929500102996826172e+00 8.720058839396460648e-02
7.938220024108886719e+00 1.096514567828487802e-01
7.938519954681396484e+00 5.705488889267546632e-02
7.939139842987060547e+00 6.899959300730144907e-02
7.942170143127441406e+00 6.826958532229182586e-02
7.952740192413330078e+00 1.079430452543463786e-01
7.953239917755126953e+00 2.851774154576319081e-02
7.953549861907958984e+00 2.303732705699695904e-02
7.958199977874755859e+00 6.786512844348645268e-02
7.960299968719482422e+00 2.493823806734272175e-01
7.961780071258544922e+00 2.092440894186689271e-01
7.962259769439697266e+00 4.947403670964106714e-02
7.962989807128906250e+00 2.541696142618735457e-02
7.963550090789794922e+00 4.224316144386057459e-02
7.966579914093017578e+00 2.421780312673869201e-02
7.972219944000244141e+00 1.735197153733717204e-02
7.975279808044433594e+00 1.950133275004500011e-01
7.979169845581054688e+00 1.529904467949978475e-01
7.980150222778320312e+00 1.054217851610985690e-01
7.993150234222412109e+00 4.996254251478267350e-02
7.995210170745849609e+00 8.602451797998006411e-02
8.006019592285156250e+00 7.645896572559543469e-02
8.012740135192871094e+00 6.581891798543591798e-02
8.093330383300781250e+00 8.293747101342673067e-02
8.098509788513183594e+00 6.953834659370909665e-02
8.111200332641601562e+00 4.431572269692606036e-02
8.113120079040527344e+00 7.482284654212745245e-02
8.119379997253417969e+00 2.307990535804194387e-01
8.124549865722656250e+00 1.386856706408580789e-02
8.129280090332031250e+00 4.584156288439998617e-02
8.133859634399414062e+00 5.692193748492342664e-02
8.135880470275878906e+00 3.435322432157460470e-01
8.142160415649414062e+00 5.577059303808598600e-02
8.160820007324218750e+00 5.969520331954531606e-02
8.161479949951171875e+00 6.330000794483547910e-02
8.168120384216308594e+00 5.738864059900278258e-02
8.169460296630859375e+00 3.029057814969970952e-01
8.178469657897949219e+00 6.481287275616673393e-02
8.179389953613281250e+00 6.294790305459792290e-02
8.180210113525390625e+00 1.036777506281032768e-01
8.183289527893066406e+00 5.934370134969083055e-02
8.183759689331054688e+00 1.285189865086704686e-01
8.184820175170898438e+00 2.362302063832669163e-02
8.186200141906738281e+00 1.463853186218893113e-02
8.186429977416992188e+00 2.027775845527149054e-02
8.187899589538574219e+00 7.570851408831870410e-02
8.193889617919921875e+00 6.611482917272197557e-02
8.195560455322265625e+00 2.493539497354545567e-02
8.196260452270507812e+00 1.539921759287983700e-02
8.202409744262695312e+00 9.907639852274444103e-02
8.203220367431640625e+00 9.797590809764288033e-02
8.205869674682617188e+00 1.225610684960963537e-01
8.216540336608886719e+00 2.465684436632473442e-01
8.216959953308105469e+00 6.243956803427859470e-02
8.233200073242187500e+00 2.327547381431361306e-01
8.241660118103027344e+00 2.737958162197007619e-02
8.285820007324218750e+00 2.385077455790191037e-02
8.285820007324218750e+00 1.005767809090719889e-01
8.286829948425292969e+00 2.918359975769111575e-02
8.290510177612304688e+00 1.016432896048409112e-01
8.291130065917968750e+00 1.187848869837085514e-01
8.306949615478515625e+00 4.638092838974627180e-02
8.307250022888183594e+00 4.313150922770372930e-02
8.309949874877929688e+00 3.048987833361716318e-02
8.316599845886230469e+00 4.763722937761165344e-02
8.323249816894531250e+00 1.280871772243694952e-02
8.328240394592285156e+00 3.049379589332190665e-02
8.329440116882324219e+00 1.272741196576582245e-02
8.329480171203613281e+00 2.698587368675749512e-02
8.331430435180664062e+00 1.659625053417314866e-01
8.336210250854492188e+00 2.324330019194946820e-02
8.337710380554199219e+00 1.069242731283853720e-01
8.338319778442382812e+00 3.092750577531998279e-02
8.342390060424804688e+00 2.013915594554539085e-02
8.343079566955566406e+00 8.120981392044382408e-02
8.348779678344726562e+00 1.355250187457419098e-01
8.351779937744140625e+00 1.926674585552951569e-01
8.356860160827636719e+00 2.351339561349440749e-02
8.359290122985839844e+00 1.437913533539164901e-01
8.366410255432128906e+00 5.935926487280954178e-02
8.373459815979003906e+00 9.613186830953773798e-02
8.374119758605957031e+00 6.189201079473617695e-02
8.377479553222656250e+00 4.327701730767544164e-02
8.410059928894042969e+00 2.840930120348561516e-02
8.419509887695312500e+00 3.945068152766412206e-02
8.419980049133300781e+00 1.135361985483024083e-01
8.421799659729003906e+00 1.175205290311212708e-01
8.421910285949707031e+00 2.297452153098846622e-02
8.428389549255371094e+00 1.484339798490702522e-01
8.434980392456054688e+00 9.344704623166562307e-02
8.450759887695312500e+00 6.935317032659893410e-02
8.492059707641601562e+00 6.397552532862593733e-02
8.505140304565429688e+00 7.484482389649718681e-02
8.531200408935546875e+00 3.282029582068515250e-01
8.534709930419921875e+00 2.767971268356171355e-01
8.546409606933593750e+00 4.095775540134523329e-02
8.551150321960449219e+00 4.609889082008369193e-02
8.552269935607910156e+00 4.518727527074109518e-02
8.553420066833496094e+00 9.123597378852728312e-02
8.553520202636718750e+00 5.579017652086843554e-02
8.560500144958496094e+00 2.237441504827530556e-02
8.563610076904296875e+00 7.498875397922487307e-02
8.564439773559570312e+00 8.368239243926514637e-02
8.566149711608886719e+00 1.433775029874644058e-01
8.567060470581054688e+00 3.481226298962826482e-02
8.572130203247070312e+00 2.252050344602814572e-02
8.574609756469726562e+00 1.340888072520396435e-01
8.576649665832519531e+00 2.593022017560846493e-01
8.578339576721191406e+00 5.289655131734304072e-02
8.578390121459960938e+00 1.631028656370034080e-01
8.579330444335937500e+00 4.100854577704504123e-01
8.579649925231933594e+00 1.456741120473247636e-02
8.584239959716796875e+00 3.279132623575957417e-02
8.588959693908691406e+00 1.047091733397893520e-01
8.592350006103515625e+00 3.561849675873107746e-02
8.688449859619140625e+00 3.953963437536348047e-02
8.692000389099121094e+00 8.705404675004990711e-02
8.698550224304199219e+00 3.178999759199451630e-02
8.699029922485351562e+00 4.573835318760099966e-02
8.704480171203613281e+00 1.296091979759927681e-01
8.713190078735351562e+00 2.911551384217303182e-02
8.713339805603027344e+00 2.928693928911006369e-02
8.719289779663085938e+00 1.603091624046473762e-01
8.731869697570800781e+00 1.958758245809941873e-02
8.746749877929687500e+00 2.840373928555314231e-01
8.764829635620117188e+00 5.151488266073363242e-02
8.768079757690429688e+00 1.726226283014361262e-01
8.770959854125976562e+00 2.675322310978869300e-01
8.772230148315429688e+00 2.252083512289238809e-01
8.773420333862304688e+00 6.032287817189968537e-02
8.773559570312500000e+00 3.979331843040399552e-01
8.773949623107910156e+00 6.628923805880480857e-02
8.779140472412109375e+00 7.690833713688095818e-02
8.781270027160644531e+00 6.037763702651095105e-02
8.782340049743652344e+00 2.741480506443441309e-02
8.782569885253906250e+00 5.350152802137027319e-02
8.783430099487304688e+00 1.301886646380504553e-01
8.784090042114257812e+00 1.279323655129545045e-01
8.785949707031250000e+00 4.861321191286398224e-02
8.788479804992675781e+00 1.081794459106798778e-01
8.795379638671875000e+00 2.569492078050724521e-02
8.796730041503906250e+00 3.693439601608099199e-02
8.799690246582031250e+00 8.303401860169501436e-02
8.813659667968750000e+00 2.044421598499096548e-02
8.820670127868652344e+00 4.513731126577037733e-02
8.821579933166503906e+00 1.018499808624269420e-01
8.826040267944335938e+00 4.756420595678163138e-02
8.826760292053222656e+00 9.252022582964591901e-02
8.830430030822753906e+00 9.625280728560889343e-02
8.835639953613281250e+00 8.352243637472631099e-02
8.837450027465820312e+00 3.656717543173206714e-02
8.849010467529296875e+00 7.617188008767783458e-02
8.889180183410644531e+00 4.689506366879479804e-02
8.895210266113281250e+00 9.664985843965051560e-02
8.908579826354980469e+00 3.110479796006639791e-02
8.912659645080566406e+00 6.522978371839036060e-02
8.918930053710937500e+00 5.792065019952843952e-02
8.920909881591796875e+00 4.356743392737828097e-02
8.922060012817382812e+00 1.400185857723436067e-01
8.926099777221679688e+00 8.594310376715785793e-02
8.926110267639160156e+00 7.068959196713579807e-02
8.930660247802734375e+00 5.616873427088842075e-02
8.931340217590332031e+00 6.512563555542925930e-02
8.933790206909179688e+00 1.798922599268374875e-02
8.934109687805175781e+00 3.124897735383585368e-02
8.937490463256835938e+00 5.703431280810702247e-02
8.939279556274414062e+00 3.116036623358447999e-02
8.950869560241699219e+00 1.416356864865715992e-01
8.958080291748046875e+00 1.099161737088957674e-01
8.962900161743164062e+00 5.444007284225007431e-02
8.964220046997070312e+00 5.358658162762881122e-02
8.971520423889160156e+00 1.604804419935250692e-01
8.971559524536132812e+00 1.099136643670574065e-01
8.973059654235839844e+00 1.499905406389148432e-01
8.984620094299316406e+00 2.833405928783305772e-02
8.994059562683105469e+00 1.225231070242073783e-01
8.995229721069335938e+00 2.382849862428568222e-01
8.996359825134277344e+00 2.335609742693841306e-01
9.001009941101074219e+00 4.370083326959370990e-02
9.001119613647460938e+00 1.429287481636701829e-01
9.017840385437011719e+00 8.931272890460040248e-02
9.018589973449707031e+00 8.912129481479669213e-02
9.044380187988281250e+00 2.375267963026282125e-01
9.063879966735839844e+00 7.708684323880120315e-02
9.064020156860351562e+00 2.375203884162182533e-01
9.090189933776855469e+00 4.469549680150684545e-01
9.131139755249023438e+00 1.171868838523491968e-01
9.140600204467773438e+00 1.251402370358530858e-01
9.147439956665039062e+00 9.475329670966550766e-02
9.148590087890625000e+00 1.563715639312749373e-01
9.155010223388671875e+00 1.187229031505297738e-01
9.156490325927734375e+00 2.932847222148547428e-01
9.161990165710449219e+00 4.197889961865579334e-02
9.162489891052246094e+00 2.588943776207057179e-01
9.162520408630371094e+00 7.157107937727281988e-02
9.164239883422851562e+00 6.257271249019632497e-01
9.164509773254394531e+00 1.026128418585547653e-01
9.168560028076171875e+00 1.122330633430071445e-01
9.168589591979980469e+00 3.188011410676046542e-01
9.178409576416015625e+00 4.285772450087427243e-02
9.178440093994140625e+00 4.587010091911739723e-02
9.178910255432128906e+00 1.994127381646635111e-01
9.183460235595703125e+00 1.747069766497293675e-01
9.186030387878417969e+00 2.364178149854506972e-01
9.186140060424804688e+00 6.971422166828623868e-02
9.190329551696777344e+00 1.364190396364485525e-01
9.204540252685546875e+00 1.037272221080134810e-01
9.254960060119628906e+00 8.429130667493524298e-02
9.269309997558593750e+00 2.373727038443697313e-01
9.277259826660156250e+00 9.006919795502403570e-02
9.280150413513183594e+00 9.551784419693684636e-02
9.289259910583496094e+00 2.418898564032634924e-01
9.292889595031738281e+00 3.811232831902110901e-02
9.293669700622558594e+00 1.305777095824627032e-01
9.305290222167968750e+00 3.722329320500737948e-01
9.324049949645996094e+00 4.242484260070412266e-02
9.341039657592773438e+00 2.802553219293521525e-02
9.341589927673339844e+00 6.245454932237139850e-02
9.344559669494628906e+00 8.953240369790238518e-02
9.348019599914550781e+00 4.550856021491567899e-02
9.348939895629882812e+00 3.300864277323002638e-02
9.350170135498046875e+00 4.825685094591276869e-02
9.357839584350585938e+00 5.883765233953382884e-02
9.361829757690429688e+00 4.756885641108184182e-02
9.369110107421875000e+00 2.816486968779808100e-02
9.370920181274414062e+00 2.621327388124204683e-02
9.377639770507812500e+00 1.128149055839375442e-01
9.378930091857910156e+00 1.430334172113013613e-01
9.379079818725585938e+00 2.471507703031266059e-02
9.385239601135253906e+00 4.249957593934620970e-02
9.395839691162109375e+00 5.788565374197431751e-02
9.401820182800292969e+00 5.262100303394001699e-02
9.402179718017578125e+00 8.039861245675708479e-02
9.403429985046386719e+00 6.107922263027967813e-02
9.403499603271484375e+00 7.665967997002717804e-02
9.405119895935058594e+00 1.118524151308737669e-01
9.406660079956054688e+00 4.094797640355730267e-02
9.410739898681640625e+00 5.385423828080265068e-02
9.423979759216308594e+00 1.012126298676858382e-01
9.429719924926757812e+00 5.292278797408198759e-02
9.434040069580078125e+00 5.271524374323502404e-02
9.450550079345703125e+00 3.040985935968104625e-02
9.471960067749023438e+00 4.846207481080989227e-02
9.491559982299804688e+00 4.772386046853855507e-02
9.492870330810546875e+00 7.110723164706346522e-02
9.494389533996582031e+00 4.270416686748189361e-02
9.498709678649902344e+00 1.050220130215360204e-01
9.506959915161132812e+00 2.946375130087365915e-02
9.508970260620117188e+00 2.853017580071316728e-02
9.513270378112792969e+00 9.532155055312596659e-02
9.514570236206054688e+00 5.194493019652954291e-02
9.516480445861816406e+00 2.992561483590766222e-02
9.519149780273437500e+00 4.299456628647407852e-02
9.521499633789062500e+00 5.936470633705121652e-02
9.524559974670410156e+00 1.133978910823505715e-01
9.525469779968261719e+00 2.742505291325229577e-01
9.526129722595214844e+00 9.714500228171887852e-02
9.527050018310546875e+00 3.382410884862831896e-02
9.532659530639648438e+00 2.521809665353913835e-02
9.532950401306152344e+00 4.917361454476957411e-02
9.540670394897460938e+00 1.313809306555742962e-01
9.542960166931152344e+00 4.013689798719140972e-02
9.548009872436523438e+00 2.879904344339870650e-02
9.551170349121093750e+00 9.215620377969812455e-03
9.553930282592773438e+00 2.846990133404748297e-02
9.556079864501953125e+00 6.544847481986811044e-02
9.587459564208984375e+00 1.347372248815328910e-01
9.590020179748535156e+00 1.661112240955637254e-01
9.599379539489746094e+00 6.762377366405647461e-02
9.602279663085937500e+00 3.212266140875230658e-02
9.607299804687500000e+00 1.353589770444588725e-01
9.608349800109863281e+00 7.099865389171539087e-02
9.608530044555664062e+00 1.455855486806474364e-01
9.609390258789062500e+00 2.812502808253395936e-01
9.618269920349121094e+00 3.849323767143762731e-02
9.689999580383300781e+00 2.746649908905390847e-01
9.696129798889160156e+00 1.843823059855768109e-01
9.700619697570800781e+00 8.073319684605942403e-02
9.710189819335937500e+00 4.366061807442050274e-02
9.713589668273925781e+00 9.352860517298353105e-02
9.720800399780273438e+00 5.180681237641102457e-03
9.725319862365722656e+00 4.320220248320743445e-02
9.728650093078613281e+00 3.271764478171940160e-01
9.732469558715820312e+00 1.207446543592722993e-01
9.732689857482910156e+00 4.228994910578562361e-02
9.734580039978027344e+00 4.252342553623444238e-02
9.738969802856445312e+00 4.684422727306714052e-02
9.745079994201660156e+00 4.123765368868206188e-02
9.745439529418945312e+00 1.069375346676504357e-01
9.755279541015625000e+00 1.274173461133411012e-01
9.758839607238769531e+00 8.161959959404131715e-02
9.759010314941406250e+00 9.554166137302451400e-02
9.760990142822265625e+00 1.581439760031121688e-01
9.763930320739746094e+00 1.034152768539122955e-02
9.777870178222656250e+00 1.176512273569344930e-01
9.780670166015625000e+00 6.901644383679973738e-02
9.781829833984375000e+00 1.828445258658425721e-01
9.782620429992675781e+00 2.484932422790572457e-02
9.783180236816406250e+00 1.637143449607284529e-01
9.848199844360351562e+00 1.538978538062851786e-01
9.872739791870117188e+00 1.459905909829843119e-02
9.872839927673339844e+00 9.381618715894528282e-02
9.874569892883300781e+00 8.786337912809939754e-02
9.876150131225585938e+00 1.543197934759606704e-01
9.880279541015625000e+00 6.131985983743230839e-02
9.883500099182128906e+00 2.108890710966722024e-02
9.886130332946777344e+00 1.852754832325459802e-02
9.896059989929199219e+00 1.265721008235899114e-01
9.924070358276367188e+00 1.168876442221122303e-01
9.926159858703613281e+00 4.708552367150967144e-02
9.933779716491699219e+00 5.045186478189700452e-02
9.933989524841308594e+00 4.675210458561813304e-02
9.940210342407226562e+00 2.355505290228559340e-02
9.940329551696777344e+00 1.022958993466470817e-01
9.946499824523925781e+00 2.426646545369220420e-01
9.950920104980468750e+00 8.185889987647937405e-02
9.952150344848632812e+00 9.852384370751607334e-02
9.955550193786621094e+00 2.715104438433246434e-02
9.958970069885253906e+00 9.318088012057716349e-03
9.960809707641601562e+00 3.356875177883418548e-02
9.962280273437500000e+00 9.073551827678538739e-02
9.965490341186523438e+00 5.242135324906091465e-02
9.967379570007324219e+00 1.166759217549608318e-01
9.971079826354980469e+00 6.446721648515849057e-02
9.976200103759765625e+00 8.211961019434038667e-02
9.977350234985351562e+00 1.461824473177448513e-01
9.977700233459472656e+00 6.940791819545208408e-02
9.982540130615234375e+00 5.147131614612449058e-02
9.990159988403320312e+00 4.699221680987702987e-02
9.992420196533203125e+00 1.078834558892532436e-01
9.994379997253417969e+00 1.269943457135685461e-01
1.001640033721923828e+01 4.391535462222163899e-02
1.001669979095458984e+01 3.408233843445685612e-02
1.002429962158203125e+01 6.219806894417970883e-02
1.005900001525878906e+01 3.403009263160747255e-02
1.007180023193359375e+01 1.431470549773729284e-01
1.007470035552978516e+01 1.169261720714178873e-02
1.007779979705810547e+01 7.591693091649662217e-02
1.008090019226074219e+01 4.600263290652381598e-02
1.008850002288818359e+01 2.009558072782333671e-01
1.008880043029785156e+01 4.681786392798709812e-02
1.009449958801269531e+01 1.716464145806623209e-01
1.009860038757324219e+01 4.947273228499247943e-02
1.010280036926269531e+01 3.805530297847449506e-02
1.010949993133544922e+01 5.185448544052990993e-02
1.011979961395263672e+01 2.061683509375152046e-01
1.012129974365234375e+01 1.199369476774821142e-01
1.012409973144531250e+01 1.495119288760543841e-01
1.012590026855468750e+01 2.280657067758861886e-02
1.012609958648681641e+01 3.745468723031956104e-01
1.012839984893798828e+01 9.913083751960912737e-01
1.013189983367919922e+01 3.907148212711814006e-02
1.013640022277832031e+01 1.011715207956469520e-01
1.013669967651367188e+01 7.414228743775788666e-02
1.013799953460693359e+01 6.062435877081945312e-02
1.014169979095458984e+01 7.354305470399653821e-02
1.014290046691894531e+01 9.503477504470325687e-02
1.015499973297119141e+01 9.307128137967329851e-02
1.016429996490478516e+01 7.294162429930882707e-01
1.016590023040771484e+01 7.639776542113130287e-02
1.016829967498779297e+01 1.409324791172877900e-01
1.017240047454833984e+01 8.037993024738526726e-02
1.017560005187988281e+01 8.007969864796870008e-01
1.018010044097900391e+01 2.621381818972601946e-02
1.019099998474121094e+01 1.330674798090857869e-01
1.022420024871826172e+01 1.403787745825291478e-01
1.024890041351318359e+01 1.963778761523723715e-01
1.024969959259033203e+01 2.162780184953229656e-01
1.027890014648437500e+01 8.501511425709831205e-01
1.027929973602294922e+01 4.715926520327010790e-02
1.028849983215332031e+01 6.793016248768497800e-02
1.030340003967285156e+01 1.005918434087703872e+00
1.031630039215087891e+01 9.256414061664616777e-02
1.031700038909912109e+01 1.200255138380446063e-01
1.031809997558593750e+01 1.284975359958068497e-01
1.032590007781982422e+01 6.594013146874737330e-02
1.034160041809082031e+01 2.060425982743831763e-01
1.035169982910156250e+01 6.684440202546446663e-01
1.035540008544921875e+01 4.049255912960699755e-01
1.035700035095214844e+01 1.198805858470885916e-01
1.035739994049072266e+01 9.414477708633004482e-01
1.037619972229003906e+01 2.104182740098312632e-01
1.038370037078857422e+01 7.939353440545453278e-02
1.038749980926513672e+01 1.992422657783650408e-02
1.038969993591308594e+01 1.058547739384940733e+00
1.039659976959228516e+01 2.593960767684291291e-01
1.039820003509521484e+01 1.158092528074463196e-01
1.040260028839111328e+01 3.972542584327296566e-01
1.041359996795654297e+01 1.393386348752641279e-01
1.041510009765625000e+01 5.816872235587580535e-03
1.042640018463134766e+01 2.046224690590546513e-01
1.043019962310791016e+01 3.064665047412324927e-01
1.043449974060058594e+01 7.711319152670319532e-01
1.043770027160644531e+01 2.369733488830980117e-01
1.043929958343505859e+01 3.596267182308998667e-01
1.044509983062744141e+01 3.177365040647786576e-01
1.045870018005371094e+01 1.212019770484487058e-01
1.045950031280517578e+01 5.929865676804327301e-02
1.047159957885742188e+01 1.075410287725407921e+00
1.047589969635009766e+01 2.125303347080857719e-01
1.047669982910156250e+01 5.898948456378579897e-01
1.048810005187988281e+01 4.563973508296732817e-02
1.048830032348632812e+01 2.457573560781842192e-01
1.049009990692138672e+01 1.971102951232424072e-01
1.050679969787597656e+01 7.730170792154880122e-01
1.051000022888183594e+01 8.223158022949403345e-02
1.051319980621337891e+01 9.264896257357688736e-01
1.051420021057128906e+01 2.352146482196479038e+00
1.053190040588378906e+01 5.587644194844843676e-02
1.053409957885742188e+01 2.932113521482740293e+00
1.055070018768310547e+01 5.347429867489948974e-01
1.055220031738281250e+01 3.663742964153828274e-01
1.055650043487548828e+01 4.634918083897419244e-02
1.055790042877197266e+01 2.797991211982261417e-01
1.057330036163330078e+01 9.885195743883816444e-02
1.057349967956542969e+01 8.284637051218808189e-06
1.057489967346191406e+01 1.315425727234144082e+00
1.058030033111572266e+01 7.135084076931252905e-01
1.058450031280517578e+01 1.777074617371374177e-01
1.059010028839111328e+01 3.608237989782123178e-02
1.059140014648437500e+01 4.405636035104485981e-01
1.059910011291503906e+01 1.656785577017117483e-01
1.060449981689453125e+01 8.196301472152732748e-01
1.060579967498779297e+01 1.224839557029255621e+00
1.061489963531494141e+01 1.520307600217537559e-02
1.061870002746582031e+01 3.044923622851564149e-01
1.062129974365234375e+01 1.340108800228433150e+00
1.062240028381347656e+01 7.851144083014618413e-01
1.063029956817626953e+01 3.150004309581383999e-01
1.063379955291748047e+01 3.194483717283379542e-01
1.063510036468505859e+01 7.835541171862384635e-01
1.064039993286132812e+01 1.804604609002711524e-01
1.064159965515136719e+01 5.163581835932369302e-01
1.064400005340576172e+01 3.088954620724460032e-01
1.064859962463378906e+01 1.603549291494111850e+00
1.065349960327148438e+01 2.888154826251183582e-01
1.065480041503906250e+01 5.033432318780604042e-01
1.066629981994628906e+01 1.121511944426960117e+00
1.069340038299560547e+01 1.407073353783125889e-02
1.070479965209960938e+01 1.394171295484889807e-02
1.071660041809082031e+01 3.437225914586260478e-01
1.072439956665039062e+01 1.055366445311629375e+00
1.073880004882812500e+01 6.329833077214541692e-01
1.074069976806640625e+01 3.437290804800252446e-03
1.075109958648681641e+01 3.260056256770831329e-01
1.075599956512451172e+01 2.064762514394175019e-01
1.078310012817382812e+01 4.615315466362309715e-01
1.078670024871826172e+01 1.833226268798702652e+00
1.078709983825683594e+01 1.148906550298001150e-02
1.079160022735595703e+01 1.398096763682197485e+00
1.080420017242431641e+01 4.187701269824799233e-02
1.081070041656494141e+01 2.921788548811927178e-01
1.082030010223388672e+01 2.479111370837739081e-01
1.083030033111572266e+01 4.635090972281841193e-02
1.089820003509521484e+01 1.484993077679616358e-01
1.092959976196289062e+01 9.653326598771610036e-04
1.098069953918457031e+01 1.680551451800068319e-01
1.109010028839111328e+01 9.289351211105177555e-04
