1.059769988059997559e+00 5.413127685764811473e-03
1.062669992446899414e+00 1.913450143979266160e-01
1.195039987564086914e+00 3.577817541067164764e-01
1.227180004119873047e+00 4.802663415663387808e-02
1.227429986000061035e+00 1.231576094354942981e-02
1.230489969253540039e+00 9.420260561480023331e-02
1.248190045356750488e+00 5.928679588626888375e-01
1.256800055503845215e+00 3.928741401471855937e-02
1.284250020980834961e+00 1.176564975046134665e+00
1.306480050086975098e+00 8.148384852841438208e-01
1.308230042457580566e+00 2.341368108102462320e-02
1.313899993896484375e+00 7.918324152832725282e-01
1.315340042114257812e+00 6.949791191494768539e-01
1.342800021171569824e+00 8.988412972670628553e-01
1.362679958343505859e+00 4.774124911963967266e-02
1.364799976348876953e+00 1.705290510415424343e+00
1.389230012893676758e+00 4.460696312988799428e-01
1.395930051803588867e+00 5.285899619234042390e-01
1.401870012283325195e+00 6.673975228675810278e-01
1.414080023765563965e+00 9.362139860953800907e-01
1.414899945259094238e+00 9.202824518056169634e-01
1.415840029716491699e+00 5.112097108651192379e-01
1.421090006828308105e+00 2.171920481520591029e+00
1.422019958496093750e+00 1.386933268790690177e-01
1.441210031509399414e+00 4.179956666684689348e-01
1.470469951629638672e+00 3.942605527072870597e+00
1.471789956092834473e+00 5.201544283443086947e-01
1.476519942283630371e+00 2.527280139401888795e-02
1.479490041732788086e+00 1.168610712550907094e+00
1.487360000610351562e+00 1.383700586172083913e+00
1.490599989891052246e+00 1.753311325654056452e+00
1.499029994010925293e+00 2.085547540573664703e-04
1.499439954757690430e+00 5.907974133966612529e-01
1.499959945678710938e+00 1.281919486151086751e+00
1.503489971160888672e+00 6.001115587230667625e-01
1.511289954185485840e+00 2.322664981240770421e-01
1.513829946517944336e+00 6.291762468761711302e-01
1.515480041503906250e+00 2.489857095974196133e-01
1.518120050430297852e+00 1.419764561543413128e+00
1.521550059318542480e+00 7.701494550324973487e-02
1.537729978561401367e+00 7.614711659157470391e-01
1.538969993591308594e+00 2.901781362934219288e-01
1.539809942245483398e+00 9.109588071779091134e-01
1.542629957199096680e+00 1.770625785433078470e+00
1.546370029449462891e+00 2.147689114462655535e+00
1.555979967117309570e+00 1.027861297359622172e+00
1.566409945487976074e+00 1.025085344548758659e+00
1.570639967918395996e+00 5.199848370997389724e-01
1.580680012702941895e+00 1.600836073642859958e+00
1.590199947357177734e+00 1.448330661141127518e+00
1.591549992561340332e+00 1.421310311612393296e+00
1.600329995155334473e+00 1.676439025727773924e-01
1.600589990615844727e+00 5.346772819020801926e-01
1.604339957237243652e+00 3.870625358741714428e-01
1.609060049057006836e+00 1.636351072055161504e+00
1.614140033721923828e+00 1.918560821221881874e-01
1.627660036087036133e+00 2.745161435624649537e-01
1.638499975204467773e+00 5.702075946292484154e-01
1.638700008392333984e+00 7.441328304912119274e-01
1.639080047607421875e+00 7.858080676871508352e-01
1.646170020103454590e+00 5.669586820151164552e-01
1.648480057716369629e+00 1.983510468479845246e+00
1.652549982070922852e+00 1.783530352869382885e+00
1.655979990959167480e+00 4.917622045398455377e-01
1.658630013465881348e+00 9.035993044002135210e-01
1.663969993591308594e+00 1.435462329522593228e+00
1.664149999618530273e+00 5.321725315726962835e-01
1.666409969329833984e+00 3.764751755916150522e+00
1.669370055198669434e+00 1.734175357757021252e-01
1.676470041275024414e+00 1.053878467419117504e+00
1.680449962615966797e+00 1.266279960415825356e-01
1.712010025978088379e+00 4.198137022045628775e-01
1.720510005950927734e+00 2.200131504296940932e+00
1.726770043373107910e+00 1.096294732911119896e+00
1.737210035324096680e+00 9.368538719894176081e-01
1.742319941520690918e+00 1.556252563796181931e+00
1.743610024452209473e+00 1.093301414893146917e-01
1.763470053672790527e+00 1.444071403400514653e+00
1.771620035171508789e+00 1.083685698753866500e-01
1.772040009498596191e+00 2.092097431043771216e+00
1.781720042228698730e+00 2.653901651213715240e+00
1.782870054244995117e+00 1.781174442169298544e+00
1.787089943885803223e+00 1.044792232775109964e-01
1.790449976921081543e+00 4.546928936270262511e-01
1.792440056800842285e+00 1.360806596449911643e+00
1.795349955558776855e+00 3.720569528828775174e-02
1.797049999237060547e+00 6.666443158881980580e-01
1.802600026130676270e+00 2.092596598405763952e+00
1.806810021400451660e+00 1.243407527767208975e+00
1.812680006027221680e+00 5.222319577892362008e-02
1.815189957618713379e+00 9.263343830863638440e-01
1.819380044937133789e+00 1.599178333368340921e+00
1.823559999465942383e+00 1.370308557935633331e-01
1.835070013999938965e+00 1.239260259860738067e+00
1.835199952125549316e+00 1.210796044693034923e-01
1.839120030403137207e+00 1.167951616220273658e+00
1.843000054359436035e+00 1.414212387340835486e-01
1.848330020904541016e+00 1.595162790818784204e+00
1.849149942398071289e+00 7.693010282729936256e-01
1.849689960479736328e+00 4.820855791870888307e-01
1.858500003814697266e+00 2.053513248288220128e-01
1.861289978027343750e+00 1.654345382729935920e+00
1.862210035324096680e+00 2.601094159033164044e-02
1.870419979095458984e+00 4.064638402530112438e-01
1.872840046882629395e+00 6.975315840294818437e-02
1.877869963645935059e+00 4.450212561919994481e-01
1.879070043563842773e+00 1.859315278235460722e+00
1.882959961891174316e+00 2.769534603014732532e+00
1.894850015640258789e+00 5.952342507907270042e-01
1.898939967155456543e+00 1.307647147984581704e+00
1.900210022926330566e+00 8.490790174035973692e-01
1.926489949226379395e+00 2.971221943864721937e-01
1.928410053253173828e+00 1.359198025243476549e+00
1.928869962692260742e+00 3.584146130026785837e+00
1.933500051498413086e+00 1.196761268829368730e+00
1.933750033378601074e+00 5.727866616062284866e-01
1.941190004348754883e+00 1.031546793135151019e-01
1.966220021247863770e+00 8.008990375863598299e-01
1.969349980354309082e+00 2.865328421317734908e-01
1.970589995384216309e+00 5.811518096593144556e-01
1.971969962120056152e+00 5.437962833513970695e-02
1.977830052375793457e+00 1.905586925322540481e-01
1.985299944877624512e+00 1.151964286471464316e+00
1.985499978065490723e+00 1.041225442521223510e+00
1.985700011253356934e+00 1.096155859091694662e+00
1.985859990119934082e+00 1.981076494659066434e+00
1.992589950561523438e+00 1.492196427385513502e+00
2.001100063323974609e+00 7.140162230091980922e-01
2.011349916458129883e+00 1.264815099225604200e+00
2.022650003433227539e+00 1.314887851267366514e+00
2.024840116500854492e+00 3.818434256634260393e+00
2.029289960861206055e+00 3.379110725120858527e-01
2.034960031509399414e+00 2.406638049573802007e+00
2.052779912948608398e+00 1.286115846279645591e+00
2.060899972915649414e+00 1.337431056911598359e+00
2.062239885330200195e+00 1.781456540693288737e+00
2.068919897079467773e+00 8.645114442284592693e-01
2.076689958572387695e+00 6.252350367621166416e-02
2.079799890518188477e+00 3.816678061796542343e-01
2.080250024795532227e+00 9.148261020990157144e-01
2.081279993057250977e+00 5.847735079255143020e-01
2.094969987869262695e+00 7.367305039097093999e-01
2.099440097808837891e+00 3.168096212393858746e+00
2.102420091629028320e+00 9.984263075577347601e-01
2.106479883193969727e+00 2.052067862847813950e-01
2.108279943466186523e+00 8.672489480571321518e-01
2.113169908523559570e+00 2.743043038460232230e-01
2.113310098648071289e+00 3.085658463933024787e-01
2.124759912490844727e+00 8.445910925221618293e-02
2.139039993286132812e+00 2.079953980044188633e+00
2.143470048904418945e+00 1.760103707869521417e+00
2.156219959259033203e+00 1.001327692682816017e-01
2.158179998397827148e+00 2.069155515206248186e+00
2.161979913711547852e+00 4.284928600347900352e-01
2.178709983825683594e+00 9.283439316481922887e-01
2.194279909133911133e+00 2.252678399595593461e+00
2.195270061492919922e+00 8.209962531317271939e-01
2.195590019226074219e+00 1.091365242644595890e+00
2.198019981384277344e+00 5.100349110965243238e-01
2.199670076370239258e+00 2.383992337890593893e-01
2.203160047531127930e+00 8.040469423592898346e-02
2.208430051803588867e+00 6.493289233587842268e-01
2.208529949188232422e+00 2.702496400454399983e-01
2.208600044250488281e+00 3.753511522965342073e-01
2.232899904251098633e+00 2.076897110866068541e+00
2.237380027770996094e+00 4.547422974491708292e-01
2.241050004959106445e+00 2.521545302657867360e+00
2.260430097579956055e+00 2.388360442038140949e-02
2.263570070266723633e+00 8.187932684015339913e-01
2.264480113983154297e+00 5.898630664251908184e-01
2.267349958419799805e+00 7.868454791537957682e-01
2.273220062255859375e+00 6.810109416402150562e-02
2.273910045623779297e+00 4.628339080979089193e-01
2.275039911270141602e+00 1.621628329097310139e+00
2.286700010299682617e+00 1.959145450946844225e+00
2.300179958343505859e+00 7.398784281656262118e-01
2.309250116348266602e+00 7.658336619703132175e-01
2.318399906158447266e+00 2.955748558684011540e-01
2.320420026779174805e+00 4.716381258076758343e-01
2.324680089950561523e+00 2.041212527037845337e-01
2.325779914855957031e+00 1.534125181369692337e+00
2.334470033645629883e+00 5.661731141150330160e-01
2.338190078735351562e+00 6.185263101241322836e-01
2.346009969711303711e+00 6.407667255029434461e-01
2.348190069198608398e+00 5.192527779151309142e-01
2.355910062789916992e+00 1.899098730959811743e+00
2.356549978256225586e+00 4.235190589462374255e-01
2.361890077590942383e+00 3.706590261134609654e-02
2.383650064468383789e+00 2.693994444807384703e+00
2.387840032577514648e+00 9.591722451194879817e-02
2.394059896469116211e+00 5.453514446089269274e-01
2.398200035095214844e+00 2.860068635314453989e+00
2.402559995651245117e+00 6.621764593950327238e-02
2.403630018234252930e+00 1.164387922901829464e+00
2.409260034561157227e+00 2.598157513062990254e-02
2.412679910659790039e+00 1.910501865763422069e-01
2.422840118408203125e+00 1.172608326245855731e-01
2.429100036621093750e+00 8.551102068230989062e-01
2.433370113372802734e+00 1.285548369143250991e+00
2.436480045318603516e+00 2.745355358231200693e+00
2.442589998245239258e+00 7.797487493457357921e-01
2.448450088500976562e+00 2.265912060117675764e-01
2.448479890823364258e+00 6.419187320543664477e-01
2.449290037155151367e+00 1.337586734577506764e+00
2.457870006561279297e+00 6.166396273806886708e-01
2.461469888687133789e+00 2.248332804719561206e+00
2.470710039138793945e+00 5.473868866522493271e-01
2.474829912185668945e+00 5.889032769264559430e-01
2.480679988861083984e+00 1.456046582828143809e-01
2.489039897918701172e+00 3.188522264292800168e-01
2.495759963989257812e+00 1.252201319491842435e+00
2.496049880981445312e+00 1.517683186024828546e-01
2.505189895629882812e+00 2.468036515987127033e-01
2.506669998168945312e+00 9.687913424504974724e-01
2.507910013198852539e+00 1.283024144119239374e+00
2.516959905624389648e+00 8.422329401481705169e-01
2.533109903335571289e+00 1.227972072796322811e+00
2.533560037612915039e+00 2.049679189904483889e-01
2.535890102386474609e+00 9.348883409378161424e-01
2.537739992141723633e+00 1.723796777478684428e+00
2.543410062789916992e+00 1.041099691760158236e-01
2.553459882736206055e+00 7.254113548455281002e-01
2.562740087509155273e+00 1.799001403149939948e+00
2.575700044631958008e+00 1.311147361481818097e+00
2.577630043029785156e+00 4.070258993545174953e-01
2.578389883041381836e+00 6.875462497236596304e-01
2.578459978103637695e+00 6.937974904355824479e-02
2.591020107269287109e+00 1.266760659671567257e+00
2.597830057144165039e+00 7.229102016581743229e-01
2.597919940948486328e+00 2.443631663408299737e+00
2.598109960556030273e+00 1.341109633251905464e+00
2.612260103225708008e+00 6.613109451466012700e-01
2.614140033721923828e+00 1.796964369922107618e+00
2.619339942932128906e+00 1.566723543265676477e-01
2.626389980316162109e+00 2.810640602774555852e+00
2.627520084381103516e+00 3.593918021044686384e-01
2.647749900817871094e+00 4.254098481600271930e-01
2.648789882659912109e+00 2.127151016029090069e+00
2.649640083312988281e+00 8.655441576735403153e-01
2.654040098190307617e+00 6.265575391358334523e-01
2.664710044860839844e+00 1.338752069314911086e+00
2.664930105209350586e+00 1.989572293174590278e+00
2.690150022506713867e+00 1.232473468922556520e-01
2.692919969558715820e+00 5.906050576822476916e-01
2.700210094451904297e+00 2.809582876268157947e-01
2.700900077819824219e+00 2.071208403121766128e+00
2.701220035552978516e+00 5.839923289714619159e-01
2.708889961242675781e+00 1.586072991492614603e+00
2.719579935073852539e+00 3.127063781071016679e-01
2.722640037536621094e+00 8.486175008868404035e-01
2.724610090255737305e+00 4.515273999041425901e-01
2.725650072097778320e+00 1.601638897240119652e+00
2.733319997787475586e+00 6.769431191863688191e-02
2.742729902267456055e+00 2.884455038413672456e-01
2.747109889984130859e+00 3.842878551398792863e-01
2.748189926147460938e+00 8.206677430085828062e-01
2.755059957504272461e+00 1.216457457400734965e+00
2.769740104675292969e+00 1.483817906105864837e-01
2.770090103149414062e+00 1.787303057737548162e+00
2.776619911193847656e+00 1.512048074561488931e-01
2.783020019531250000e+00 8.697883661461874860e-01
2.787130117416381836e+00 1.608549271119134039e-01
2.791260004043579102e+00 4.331044555785326655e-02
2.798680067062377930e+00 7.601036478548972575e-01
2.807780027389526367e+00 1.430846219323473445e+00
2.813159942626953125e+00 4.257293748704375491e-01
2.813899993896484375e+00 8.469094132723032908e-01
2.826280117034912109e+00 1.442080859107319091e+00
2.826560020446777344e+00 9.525584016844687030e-01
2.829240083694458008e+00 9.275768143168819924e-01
2.831490039825439453e+00 1.444834019171543193e+00
2.833990097045898438e+00 1.843699557762796259e-01
2.835139989852905273e+00 5.290332533568252726e-01
2.845010042190551758e+00 9.255035034148108020e-01
2.845669984817504883e+00 6.895140230583742813e-01
2.846999883651733398e+00 9.191333165334772404e-02
2.862699985504150391e+00 1.861744333028988452e-01
2.870209932327270508e+00 1.013078725337066555e+00
2.874870061874389648e+00 1.388752176435662289e+00
2.876290082931518555e+00 1.195480859730554402e+00
2.878060102462768555e+00 1.450406041499115339e+00
2.884639978408813477e+00 2.616318899206617754e-01
2.889219999313354492e+00 5.613092802421869587e-01
2.889559984207153320e+00 1.058417948028524513e+00
2.892819881439208984e+00 5.708180585603663815e-01
2.909830093383789062e+00 8.897282792175961186e-01
2.910490036010742188e+00 1.407325006238949183e-01
2.910779953002929688e+00 1.130578058209214198e+00
2.922250032424926758e+00 7.810345846740213149e-01
2.926980018615722656e+00 5.030442094142972831e-01
2.933340072631835938e+00 1.691532772943789897e+00
2.937479972839355469e+00 4.376691118639302047e-01
2.938689947128295898e+00 1.275958594016013636e+00
2.948400020599365234e+00 9.248006319826658217e-01
2.955490112304687500e+00 3.231163218516304447e-02
2.956049919128417969e+00 1.759036862293848591e+00
2.964960098266601562e+00 1.724550707759573864e+00
2.967720031738281250e+00 1.152040967953284589e+00
2.977849960327148438e+00 1.173726738604647490e+00
2.978820085525512695e+00 1.030117842096658354e+00
2.985579967498779297e+00 2.360950292905642733e+00
2.992589950561523438e+00 2.249834746496762072e+00
2.993609905242919922e+00 2.383999525900763472e-01
2.996119976043701172e+00 1.082126448701227206e+00
2.999550104141235352e+00 4.096998783015209922e-01
3.007639884948730469e+00 6.152603172407902221e-01
3.012160062789916992e+00 3.316177789811719512e-02
3.014940023422241211e+00 9.528924971845402492e-02
3.022599935531616211e+00 1.303041098474492232e+00
3.032030105590820312e+00 5.785912403161234119e-01
3.032569885253906250e+00 7.008098268517486407e-01
3.045350074768066406e+00 1.085551796858129858e+00
3.064110040664672852e+00 5.789474135540264577e-01
3.067699909210205078e+00 1.173086508250952953e+00
3.090610027313232422e+00 1.148792189591144819e+00
3.093009948730468750e+00 3.146823215161693166e-01
3.094609975814819336e+00 8.693676440995125043e-01
3.105469942092895508e+00 1.790693065309538090e+00
3.105649948120117188e+00 1.365893143795041897e+00
3.108170032501220703e+00 1.691586458632899248e+00
3.112930059432983398e+00 7.530800234081930222e-02
3.114850044250488281e+00 1.102758361479266203e+00
3.118269920349121094e+00 1.022163189512158843e-01
3.119169950485229492e+00 1.739269725847886194e-02
3.130399942398071289e+00 1.296325304511640075e+00
3.134589910507202148e+00 7.187201606437224610e-01
3.135890007019042969e+00 2.193810652459175781e-01
3.151089906692504883e+00 6.209086371320199360e-01
3.166290044784545898e+00 1.279422523455842731e+00
3.166889905929565430e+00 9.315211661772262453e-01
3.169820070266723633e+00 2.107185696770443428e+00
3.171269893646240234e+00 1.819710058187348767e-01
3.172189950942993164e+00 5.733606825863800660e-01
3.173010110855102539e+00 2.857816847512172354e-01
3.177609920501708984e+00 7.948525364961109285e-02
3.178950071334838867e+00 9.229456832016347256e-02
3.185379981994628906e+00 5.914444251615860182e-01
3.185719966888427734e+00 2.180373004370130263e-01
3.191839933395385742e+00 1.921526442450649963e+00
3.200740098953247070e+00 1.284408483665145262e+00
3.201509952545166016e+00 1.393293152122648593e+00
3.211159944534301758e+00 2.584235208646163406e-01
3.211659908294677734e+00 3.343881308197662605e-01
3.215729951858520508e+00 1.032333766593749536e+00
3.219660043716430664e+00 9.967006601478341221e-02
3.219719886779785156e+00 1.087010823677403704e-01
3.222069978713989258e+00 5.418527873026466463e-02
3.227440118789672852e+00 1.201835437519103822e+00
3.237770080566406250e+00 6.913848885075789541e-01
3.245919942855834961e+00 2.073653831668351710e+00
3.249840021133422852e+00 1.172792173311646868e+00
3.261749982833862305e+00 3.300629460164848705e+00
3.262609958648681641e+00 5.356637672262508643e-01
3.277610063552856445e+00 8.469911704199568625e-01
3.283299922943115234e+00 5.074453830218950134e-01
3.286979913711547852e+00 2.838388154200193192e+00
3.303580045700073242e+00 3.892267352661137325e-01
3.306989908218383789e+00 4.018556544521271201e-01
3.312010049819946289e+00 9.770955600162641030e-02
3.334959983825683594e+00 5.998423967883291796e-01
3.339610099792480469e+00 8.609385502200479490e-01
3.347229957580566406e+00 1.666520180065965973e-01
3.350810050964355469e+00 6.318947998348395378e-01
3.351150035858154297e+00 9.979754939148789417e-01
3.351700067520141602e+00 1.155240933808588721e+00
3.361649990081787109e+00 1.646323880110530435e+00
3.373140096664428711e+00 5.080478259051380840e-01
3.402879953384399414e+00 5.233006308188778433e-02
3.407200098037719727e+00 3.158553537341145301e+00
3.414669990539550781e+00 1.309491825586448943e+00
3.416110038757324219e+00 7.336272808497822373e-01
3.416179895401000977e+00 2.861021777228792473e+00
3.419850111007690430e+00 2.071734848673676854e+00
3.419899940490722656e+00 7.522174366930324263e-01
3.420120000839233398e+00 9.920482820684233261e-01
3.420809984207153320e+00 1.753662568712326619e+00
3.423650026321411133e+00 2.850299108973099571e+00
3.424030065536499023e+00 1.700007197788798052e+00
3.443350076675415039e+00 9.481076946866235922e-01
3.455460071563720703e+00 1.270917358509739414e-01
3.458780050277709961e+00 1.401021031543956852e+00
3.465260028839111328e+00 2.448109854563054633e+00
3.471250057220458984e+00 2.635169234449139530e-01
3.478849887847900391e+00 1.349281740873649937e+00
3.486049890518188477e+00 2.033965573607764421e-01
3.487410068511962891e+00 1.116430495634018527e+00
3.489579916000366211e+00 6.176419227913056975e-01
3.489619970321655273e+00 6.914033167046396144e-01
3.490520000457763672e+00 9.160647839413698090e-01
3.491199970245361328e+00 2.835184206356269332e+00
3.491770029067993164e+00 3.051854045393238568e-01
3.502310037612915039e+00 2.059171717896720377e+00
3.502890110015869141e+00 2.633831175548446146e-01
3.510050058364868164e+00 1.343206106189405613e+00
3.515140056610107422e+00 3.694166038836181332e-01
3.517649888992309570e+00 2.629555642102156199e+00
3.520800113677978516e+00 2.356740067061113275e-01
3.526240110397338867e+00 6.004115109419416729e-01
3.558609962463378906e+00 5.748938922504904792e-01
3.564549922943115234e+00 2.396979548968690144e-01
3.571330070495605469e+00 1.092692848271172412e+00
3.573349952697753906e+00 1.513711030231517984e+00
3.576299905776977539e+00 5.895867837235551079e-01
3.580359935760498047e+00 2.573931694970994499e-01
3.580549955368041992e+00 1.370460301982996953e-01
3.589230060577392578e+00 1.344165532114324213e+00
3.590460062026977539e+00 4.390788656188541195e-01
3.590600013732910156e+00 2.547460997113557002e-01
3.594739913940429688e+00 1.259643770257508288e+00
3.598360061645507812e+00 1.220933933402462257e+00
3.600549936294555664e+00 1.374627753811942910e+00
3.601520061492919922e+00 1.790662095378524388e+00
3.611190080642700195e+00 5.326017079696155898e-01
3.628809928894042969e+00 6.438571908255590337e-01
3.633589982986450195e+00 1.498209431104248646e+00
3.636549949645996094e+00 2.194017922176036972e+00
3.639149904251098633e+00 1.221652211778205821e+00
3.640010118484497070e+00 1.026802030888767314e+00
3.642580032348632812e+00 4.377341153164359677e-01
3.643150091171264648e+00 3.682190527657722146e-01
3.668139934539794922e+00 1.648054830447077457e+00
3.671920061111450195e+00 8.318039994317384389e-01
3.672149896621704102e+00 1.483289278478917339e+00
3.692579984664916992e+00 1.167642626554533214e+00
3.698070049285888672e+00 7.493309482365535512e-01
3.699980020523071289e+00 1.604907582668829935e+00
3.704540014266967773e+00 8.886410585210418045e-01
3.717459917068481445e+00 2.375073092413407805e-01
3.718480110168457031e+00 9.827351518972665678e-01
3.720340013504028320e+00 5.281611872488977122e-01
3.723459959030151367e+00 5.465591396101546762e-01
3.726910114288330078e+00 2.639923791543293152e+00
3.733989953994750977e+00 6.002169432146420291e-01
3.743360042572021484e+00 7.624668284577856836e-01
3.764070034027099609e+00 1.968314996662369198e-01
3.768889904022216797e+00 1.391716114982780139e+00
3.770570039749145508e+00 2.409840748995224213e-01
3.776930093765258789e+00 8.327290257223635139e-01
3.784579992294311523e+00 5.259862975806005592e-01
3.788700103759765625e+00 3.047174425127624486e-01
3.791599988937377930e+00 9.945364978231278075e-01
3.797410011291503906e+00 1.774894258211666020e+00
3.798150062561035156e+00 1.279170693212543286e+00
3.803519964218139648e+00 1.445564498553378874e+00
3.816260099411010742e+00 1.742740000889553498e+00
3.826220035552978516e+00 2.435536751808608180e+00
3.828010082244873047e+00 1.942445132386010576e+00
3.838000059127807617e+00 4.847391942593946568e-01
3.840339899063110352e+00 1.375634873679097536e+00
3.844089984893798828e+00 8.900059947341856237e-01
3.845149993896484375e+00 4.551700957547404336e-01
3.846570014953613281e+00 7.820529457560679854e-01
3.847529888153076172e+00 1.482753520422703808e-01
3.853420019149780273e+00 1.138601904285232863e-01
3.864670038223266602e+00 1.751331775830562432e+00
3.866640090942382812e+00 1.198503327990003697e+00
3.870549917221069336e+00 6.690972015925108485e-01
3.892620086669921875e+00 8.810539755656490724e-02
3.902980089187622070e+00 2.890047310207890074e+00
3.903140068054199219e+00 1.028449060496255063e+00
3.904129981994628906e+00 2.947752216792177027e+00
3.905230045318603516e+00 5.282360742611333926e-01
3.912300109863281250e+00 2.679647825244572124e-01
3.918540000915527344e+00 8.060625738252037431e-01
3.919960021972656250e+00 4.968206270882502551e-01
3.920419931411743164e+00 9.152254975712134089e-01
3.925689935684204102e+00 7.034494870583376525e-01
3.928149938583374023e+00 1.058973612648042906e+00
3.928999900817871094e+00 9.094310026633585231e-01
3.944869995117187500e+00 4.851785800599441728e-02
3.948669910430908203e+00 1.120087541427833511e+00
3.950150012969970703e+00 2.009971765165953883e+00
3.955389976501464844e+00 1.582930399641572783e-01
3.955820083618164062e+00 2.701585236157248548e+00
3.966589927673339844e+00 8.096806783003295260e-01
3.974980115890502930e+00 2.147295841702148600e+00
3.975029945373535156e+00 2.848882529406371877e-01
3.987740039825439453e+00 2.086649267599161583e-01
3.997090101242065430e+00 6.169674824798491164e-01
4.003280162811279297e+00 7.887614801843647605e-01
4.004590034484863281e+00 9.089050293767280131e-01
4.009280204772949219e+00 7.370196416182005494e-01
4.017059803009033203e+00 5.186417956539006724e-01
4.025109767913818359e+00 1.192037328410122887e+00
4.025169849395751953e+00 1.827241768791749432e-01
4.031899929046630859e+00 8.575405767165491522e-01
4.031929969787597656e+00 9.675525200024945871e-01
4.033989906311035156e+00 1.055874356644241452e+00
4.041769981384277344e+00 1.086613236633253265e+00
4.043270111083984375e+00 7.866035148525564180e-01
4.052989959716796875e+00 2.988335118029473159e-01
4.053520202636718750e+00 1.503569837878459270e-01
4.057549953460693359e+00 7.910154704270336845e-01
4.073299884796142578e+00 1.051886213807589066e+00
4.073729991912841797e+00 2.769019023397683577e-01
4.079460144042968750e+00 1.009194408448137736e-01
4.083829879760742188e+00 7.650741030221536176e-01
4.096439838409423828e+00 3.162470123594344762e-01
4.097859859466552734e+00 4.462673941662358423e-01
4.099199771881103516e+00 5.325259480787659927e-02
4.106599807739257812e+00 4.904344867756589288e-01
4.109459877014160156e+00 4.386785900484351797e-01
4.120200157165527344e+00 1.651678362605943917e+00
4.125810146331787109e+00 7.801224674742299747e-01
4.126100063323974609e+00 4.163733648323085568e+00
4.131100177764892578e+00 1.868391998305894086e+00
4.135759830474853516e+00 1.122756415235458771e+00
4.141839981079101562e+00 1.023886510585107157e+00
4.145929813385009766e+00 5.232266185239697887e-01
4.146880149841308594e+00 4.134583707917382500e-01
4.147669792175292969e+00 7.821026991851450783e-01
4.151189804077148438e+00 7.481018113876877207e-01
4.152450084686279297e+00 1.308798967101627353e+00
4.153429985046386719e+00 7.437518575090346085e-01
4.154210090637207031e+00 5.454551161909394486e-01
4.155889987945556641e+00 2.643601518864714395e-01
4.158329963684082031e+00 9.200517863494026560e-01
4.185490131378173828e+00 9.151237729771518614e-01
4.198130130767822266e+00 2.068383702514968725e-01
4.199419975280761719e+00 3.263354712673643965e-01
4.228189945220947266e+00 3.485590600033855457e-01
4.229060173034667969e+00 4.867153886548486463e-01
4.234039783477783203e+00 1.836239709128985598e-01
4.240240097045898438e+00 6.326417281103470236e-01
4.240749835968017578e+00 3.356526532970898202e-01
4.243430137634277344e+00 9.715811426269191919e-01
4.249889850616455078e+00 1.362132651772413605e-01
4.260079860687255859e+00 7.257164405760424541e-01
4.262050151824951172e+00 2.933360380092399633e-01
4.270540237426757812e+00 8.145616947939867680e-01
4.287869930267333984e+00 7.241679625607239101e-01
4.289609909057617188e+00 2.168301559095558995e-01
4.297910213470458984e+00 4.715374999573418990e-01
4.301529884338378906e+00 5.122248581444024396e-01
4.310460090637207031e+00 8.568203788619684902e-01
4.313560009002685547e+00 6.918555614757606609e-01
4.316329956054687500e+00 1.170625618530422685e+00
4.317160129547119141e+00 1.413881031176795977e+00
4.318369865417480469e+00 6.119377463724106070e-01
4.323999881744384766e+00 8.935365861923884045e-01
4.327640056610107422e+00 4.346112311716482379e-02
4.356389999389648438e+00 2.470476714005116758e-01
4.362619876861572266e+00 1.789874767931950161e-01
4.366670131683349609e+00 1.324330853059795254e-01
4.368539810180664062e+00 1.293379113195042507e+00
4.379889965057373047e+00 1.947726287517891786e+00
4.380670070648193359e+00 1.495614262364108882e+00
4.380889892578125000e+00 1.014972678703390363e+00
4.382369995117187500e+00 1.442334014170606693e+00
4.388130187988281250e+00 1.421041699445557138e-01
4.389699935913085938e+00 3.404963633794594324e-01
4.398829936981201172e+00 9.125013107605440821e-01
4.401030063629150391e+00 9.011920574898656389e-01
4.402719974517822266e+00 2.411986243464369906e-01
4.410480022430419922e+00 8.768665734710637816e-01
4.411560058593750000e+00 9.991212318737763276e-02
4.413360118865966797e+00 1.901133330062036553e+00
4.413559913635253906e+00 2.856338323185996786e-01
4.430270195007324219e+00 5.924757569172940663e-02
4.439599990844726562e+00 4.599825122611754247e-01
4.456079959869384766e+00 1.347564180734986961e+00
4.459129810333251953e+00 2.823595689710273748e-01
4.462950229644775391e+00 4.857777482493339516e-01
4.470349788665771484e+00 1.901836950725483422e-01
4.482729911804199219e+00 3.907740292710277785e-01
4.483870029449462891e+00 1.816978620599040140e+00
4.488589763641357422e+00 3.332029355207610788e+00
4.491459846496582031e+00 3.398085835465078364e-02
4.491620063781738281e+00 1.198121647853911120e-01
4.494349956512451172e+00 3.377800067312304866e-01
4.500420093536376953e+00 7.437213469537102828e-01
4.509659767150878906e+00 1.252653171514725106e+00
4.510059833526611328e+00 7.284363444418369138e-01
4.510220050811767578e+00 4.536134889677990167e-01
4.517119884490966797e+00 8.169741822950251642e-01
4.521259784698486328e+00 1.650530583064131473e-01
4.540719985961914062e+00 1.464863126294510265e-01
4.545949935913085938e+00 1.057050534057954794e+00
4.555719852447509766e+00 9.505466858052191714e-02
4.556759834289550781e+00 1.051552517685514054e+00
4.568470001220703125e+00 1.354138661158283741e+00
4.569260120391845703e+00 2.351674979670055621e-01
4.579259872436523438e+00 3.364316111595874736e-02
4.581250190734863281e+00 4.794872794921133941e-01
4.585810184478759766e+00 2.757666584014751288e-01
4.588349819183349609e+00 3.941804985091471036e-01
4.591680049896240234e+00 2.728969374969035175e-02
4.594530105590820312e+00 5.286551353356652161e-01
4.609809875488281250e+00 8.776655816489925543e-01
4.614550113677978516e+00 1.295540067153562402e+00
4.618189811706542969e+00 1.706913338188006835e+00
4.621799945831298828e+00 8.779987004132207007e-01
4.624619960784912109e+00 9.265525844701530400e-02
4.627079963684082031e+00 1.561663636631190899e+00
4.643340110778808594e+00 1.111195000789466647e-01
4.650149822235107422e+00 7.589175395877756358e-02
4.659009933471679688e+00 1.161742406681337769e+00
4.661359786987304688e+00 1.374680631625123661e+00
4.665420055389404297e+00 2.110239936709685724e-02
4.668439865112304688e+00 8.037484374335052140e-01
4.671559810638427734e+00 1.531391573720326749e+00
4.671879768371582031e+00 2.153023377692143275e-02
4.690750122070312500e+00 5.919428387343679265e-01
4.701980113983154297e+00 8.245806472956153099e-01
4.702499866485595703e+00 1.753112359413608212e+00
4.704070091247558594e+00 1.808404422409716217e+00
4.709730148315429688e+00 1.818546570298825271e+00
4.720530033111572266e+00 6.892387818795403520e-02
4.722459793090820312e+00 1.837521416899573767e-01
4.738679885864257812e+00 1.247951791805771649e+00
4.739230155944824219e+00 5.983196154387752097e-01
4.755790233612060547e+00 7.200191372761902686e-01
4.759490013122558594e+00 8.556746162118884780e-02
4.761690139770507812e+00 8.299728788508861643e-02
4.766429901123046875e+00 2.069880545608263067e-01
4.766620159149169922e+00 7.739390066182012529e-01
4.769100189208984375e+00 9.291042315663516904e-01
4.785289764404296875e+00 1.223072672583733311e+00
4.793970108032226562e+00 3.441168937387300564e-01
4.800839900970458984e+00 1.562674062720633694e+00
4.809229850769042969e+00 1.508121055377731612e-01
4.811550140380859375e+00 2.556053065134989977e-01
4.813159942626953125e+00 6.246731472251584177e-02
4.818870067596435547e+00 2.486774166042613615e-02
4.831860065460205078e+00 9.164794678589613386e-02
4.834809780120849609e+00 3.118163948669236962e-01
4.835740089416503906e+00 8.719491955214792034e-01
4.838669776916503906e+00 3.894538654735894556e-01
4.843100070953369141e+00 9.394431289242621830e-02
4.852029800415039062e+00 1.835880338790646660e-01
4.859320163726806641e+00 2.134573389586945424e+00
4.862120151519775391e+00 5.963329576174102725e-02
4.868010044097900391e+00 8.324297513259637515e-01
4.871479988098144531e+00 1.376553162591299007e+00
4.874639987945556641e+00 1.787369858511457243e-01
4.884689807891845703e+00 1.695310611080499269e-02
4.886690139770507812e+00 4.413761045021757229e-02
4.891240119934082031e+00 9.089431694254068717e-02
4.893280029296875000e+00 1.092154958423562805e+00
4.904009819030761719e+00 1.997110022575908916e-01
4.911170005798339844e+00 6.221950851599101773e-01
4.915609836578369141e+00 4.821900269442965792e-01
4.927480220794677734e+00 3.798010201238577466e-01
4.927879810333251953e+00 1.145489732791857146e-01
4.935319900512695312e+00 2.983199537002970692e-01
4.937270164489746094e+00 1.307148360681623100e-01
4.937930107116699219e+00 5.469545278140583444e-02
4.942240238189697266e+00 1.362957037966519569e-01
4.967659950256347656e+00 2.334172992450079254e-01
4.976659774780273438e+00 1.287065549638909123e-01
4.991159915924072266e+00 8.582052706143540322e-01
4.995779991149902344e+00 9.776532703923054846e-02
5.009160041809082031e+00 7.333250948090594412e-02
5.009689807891845703e+00 7.535752203267152838e-02
5.010210037231445312e+00 2.507319386065159222e-02
5.012159824371337891e+00 1.306693594890630805e-01
5.012949943542480469e+00 6.427151159370605993e-02
5.017439842224121094e+00 1.012844591345891943e-01
5.024189949035644531e+00 6.326791379890488176e-02
5.029419898986816406e+00 6.635259305243568217e-01
5.035729885101318359e+00 2.408977487146396132e-02
5.043260097503662109e+00 1.139903405507707856e-01
5.048059940338134766e+00 1.095747460102415582e-01
5.070290088653564453e+00 2.243858604219345909e-01
5.073120117187500000e+00 1.757438140037066443e-01
5.075359821319580078e+00 1.001731304918521831e-01
5.076350212097167969e+00 1.058570391210218731e-01
5.084430217742919922e+00 1.107888888838888253e-01
5.086400032043457031e+00 5.371958655133222960e-02
5.098899841308593750e+00 6.949775825957540953e-02
5.110159873962402344e+00 1.434934967941897954e-01
5.149149894714355469e+00 1.376411156787893941e-01
5.166230201721191406e+00 5.168799775286925247e-01
5.172550201416015625e+00 5.050710343266305580e-02
5.192289829254150391e+00 5.802258557116193177e-02
5.197299957275390625e+00 5.763913680699501302e-02
5.198979854583740234e+00 1.259695967998753774e-01
5.205560207366943359e+00 2.012363843488210527e-02
5.206419944763183594e+00 7.267090126306674502e-02
5.210269927978515625e+00 1.388276324611400492e-01
5.213719844818115234e+00 2.077621072111149325e-02
5.218780040740966797e+00 4.628237365302469153e-02
5.226329803466796875e+00 1.948292570626488154e-02
5.234399795532226562e+00 8.927306673472377996e-02
5.234879970550537109e+00 1.671112714309146152e-01
5.235660076141357422e+00 9.393595278398329806e-02
5.236209869384765625e+00 7.839679463776179358e-02
5.237979888916015625e+00 1.619806150508238674e-01
5.242219924926757812e+00 3.287730850008969974e-02
5.251430034637451172e+00 1.297020690901099504e-01
5.254039764404296875e+00 6.224549947113077186e-01
5.256869792938232422e+00 5.661603590850185219e-02
5.262660026550292969e+00 3.278216830612962207e-02
5.272069931030273438e+00 5.636830739631955300e-02
5.278940200805664062e+00 6.268873282610012976e-02
5.279540061950683594e+00 7.859259594728719434e-02
5.283589839935302734e+00 4.217524943208845328e-02
5.287590026855468750e+00 4.355236236585783433e-02
5.288090229034423828e+00 1.172756829404501683e-01
5.289090156555175781e+00 1.090712359674731180e-01
5.290830135345458984e+00 3.758570871754972342e-02
5.306069850921630859e+00 8.372636238380662399e-02
5.321549892425537109e+00 8.346147666755085459e-02
5.326429843902587891e+00 6.160727474082436372e-02
5.328710079193115234e+00 7.010990007769883625e-02
5.334559917449951172e+00 5.347047577206697627e-02
5.379799842834472656e+00 7.629726173037459924e-02
5.381979942321777344e+00 5.863123343568601292e-02
5.382959842681884766e+00 1.465772419151405159e-01
5.383820056915283203e+00 7.565104398993000023e-02
5.384029865264892578e+00 8.857853803892580535e-02
5.398089885711669922e+00 1.567984482690877590e-01
5.400640010833740234e+00 6.182183521515965952e-02
5.401070117950439453e+00 1.044756367940865294e-01
5.401989936828613281e+00 6.160249936930889403e-02
5.405690193176269531e+00 1.131343676153320488e-01
5.410970211029052734e+00 5.916370941604824629e-02
5.418310165405273438e+00 9.675451253001639274e-02
5.424109935760498047e+00 1.010871088463294321e-01
5.426609992980957031e+00 6.411576400156171474e-02
5.427849769592285156e+00 8.413434057982172032e-01
5.430449962615966797e+00 2.959098364235084044e-02
5.431000232696533203e+00 2.428737325001264005e-02
5.432429790496826172e+00 1.986482802506200074e-01
5.432670116424560547e+00 4.963139228250461610e-01
5.435919761657714844e+00 5.830810243602328052e-02
5.436450004577636719e+00 5.545957445363650096e-02
5.437679767608642578e+00 7.324471297052266572e-02
5.438109874725341797e+00 3.170189490555100909e-01
5.439400196075439453e+00 8.261563439677469534e-01
5.444029808044433594e+00 4.233643623232358211e-02
5.489490032196044922e+00 3.614550944183524128e-02
5.497799873352050781e+00 5.041955635370540950e-02
5.505350112915039062e+00 4.491229303947955054e-02
5.507120132446289062e+00 4.028703319141670874e-02
5.514369964599609375e+00 2.798496511511529977e-02
5.520659923553466797e+00 2.698633987467000672e-01
5.530409812927246094e+00 4.339985822349016753e-01
5.580500125885009766e+00 1.917243180604323582e-01
5.581280231475830078e+00 2.086287377145683991e-02
5.598370075225830078e+00 1.211618617397008241e-01
5.606249809265136719e+00 2.771162237785102511e-01
5.607369899749755859e+00 4.902260158398382556e-02
5.617889881134033203e+00 6.570004794580821539e-01
5.620190143585205078e+00 6.250310435252659502e-02
5.624070167541503906e+00 1.475459142767644449e-01
5.632199764251708984e+00 8.768175883686664396e-02
5.637050151824951172e+00 4.484547758488591565e-03
5.644450187683105469e+00 3.447733549266324832e-02
5.644839763641357422e+00 1.004057613015658240e-01
5.646100044250488281e+00 1.632110428295776572e-01
5.649650096893310547e+00 9.962108269245978365e-02
5.656789779663085938e+00 5.359205484294140426e-02
5.656949996948242188e+00 5.869030985276660339e-02
5.659269809722900391e+00 5.782501955937911081e-02
5.660130023956298828e+00 8.316437856604429191e-02
5.661469936370849609e+00 1.705641701891485174e-01
5.667950153350830078e+00 1.661020036488435048e-01
5.672009944915771484e+00 3.378518693839661913e-02
5.681890010833740234e+00 6.077943475529379302e-02
5.691810131072998047e+00 2.106475747450199942e-01
5.720250129699707031e+00 2.358233650763590372e-01
5.731430053710937500e+00 5.577803622502858216e-02
5.765510082244873047e+00 4.080355850902840920e-01
5.768089771270751953e+00 1.152647164862317941e-01
5.769269943237304688e+00 4.932592531641980665e-02
5.770999908447265625e+00 1.058446899883867531e-01
5.776159763336181641e+00 1.838502367483119959e-01
5.787590026855468750e+00 2.762865698974746945e-02
5.788519859313964844e+00 1.138905730206539735e-01
5.789879798889160156e+00 1.705557935795141422e-01
5.793779850006103516e+00 9.957605977761735394e-02
5.806210041046142578e+00 3.264889630287387545e-02
5.824560165405273438e+00 8.482777357520658590e-02
5.828450202941894531e+00 8.320340461585520875e-02
5.833710193634033203e+00 8.799297783702714204e-02
5.843890190124511719e+00 2.197741776520384105e-01
5.844349861145019531e+00 1.230265040769129986e-01
5.851950168609619141e+00 5.225610383076578075e-02
5.856890201568603516e+00 2.117947221891735010e-01
5.857009887695312500e+00 1.811595745411137548e-02
5.857470035552978516e+00 5.832479196394060178e-02
5.859690189361572266e+00 4.812372174330063757e-02
5.863959789276123047e+00 1.047305830651219932e-01
5.865129947662353516e+00 3.647437069925665160e-02
5.865389823913574219e+00 9.180450166224796149e-02
5.877190113067626953e+00 3.183430760838374535e-02
5.881090164184570312e+00 6.077848127994713023e-02
5.881559848785400391e+00 5.205388524226342573e-02
5.890600204467773438e+00 5.980662109277803257e-02
5.895070075988769531e+00 5.159341178058299976e-02
5.912590026855468750e+00 1.906241366012394536e-02
5.916759967803955078e+00 6.493011027805932478e-02
5.919720172882080078e+00 1.128398181344909962e-01
5.921969890594482422e+00 9.181649747294630404e-02
5.924389839172363281e+00 4.606898273725858715e-03
5.927279949188232422e+00 1.113670028838324028e-01
5.940060138702392578e+00 1.713538343877594183e-01
5.942150115966796875e+00 5.605246153943753418e-02
5.948120117187500000e+00 1.201858123479745410e-01
5.951650142669677734e+00 3.300790419875138104e-02
5.961239814758300781e+00 3.230755894607016676e-02
5.970310211181640625e+00 1.369686327724360664e-02
5.983500003814697266e+00 9.636640834003344647e-02
5.984799861907958984e+00 1.639405366233351591e-01
5.988009929656982422e+00 1.129661639085989822e-01
5.997610092163085938e+00 2.328410021466822966e-01
6.002099990844726562e+00 5.969246011711359240e-02
6.003190040588378906e+00 1.198899529745250589e-02
6.009540081024169922e+00 3.066901274680194564e-02
6.018420219421386719e+00 1.489187414167501278e-01
6.018839836120605469e+00 1.924706221086110169e-02
6.019989967346191406e+00 2.523844084717632649e-02
6.020689964294433594e+00 2.789476446290065637e-01
6.030260086059570312e+00 6.991418122866548124e-02
6.037489891052246094e+00 6.198676167939303622e-02
6.038579940795898438e+00 8.444745305350881415e-02
6.039279937744140625e+00 8.005756676427923380e-02
6.041359901428222656e+00 3.807881413809427462e-02
6.046410083770751953e+00 2.660031650080322760e-02
6.051109790802001953e+00 5.898268515421897784e-02
6.054940223693847656e+00 2.469267535910581457e-01
6.062290191650390625e+00 3.926133380671615464e-02
6.065370082855224609e+00 4.418606384467113624e-01
6.071859836578369141e+00 4.239946254776465195e-02
6.087039947509765625e+00 4.309581787863474567e-01
6.095479965209960938e+00 1.510950594192473628e-01
6.103089809417724609e+00 2.392093529537668295e-01
6.117189884185791016e+00 1.647032321509535324e-01
6.135990142822265625e+00 1.424454083647356262e-01
6.161310195922851562e+00 1.004983931037092132e-01
6.171870231628417969e+00 7.782550242235164450e-02
6.176489830017089844e+00 1.874259991018991378e-01
6.195280075073242188e+00 4.717402425227829044e-02
6.201230049133300781e+00 1.164647578319487481e-01
6.201910018920898438e+00 2.444393774509559247e-01
6.209750175476074219e+00 3.542719330215889084e-02
6.211090087890625000e+00 1.520052481429179092e-01
6.220809936523437500e+00 7.948925661059286218e-02
6.221839904785156250e+00 1.285639776579352855e-01
6.225530147552490234e+00 5.595803617523821549e-02
6.236489772796630859e+00 2.554160207969578475e-02
6.237530231475830078e+00 1.870433523551719157e-02
6.238299846649169922e+00 3.862450510084179667e-02
6.239039897918701172e+00 3.725566036235691131e-02
6.240869998931884766e+00 4.893938490434840971e-01
6.247690200805664062e+00 1.788254636184403723e-01
6.257430076599121094e+00 3.882580047867981166e-02
6.260630130767822266e+00 4.835222850208313605e-02
6.263360023498535156e+00 7.680339277549999566e-02
6.269599914550781250e+00 1.585923542833991007e-01
6.270349979400634766e+00 9.858200418382995212e-02
6.271349906921386719e+00 7.746008803202997228e-02
6.278210163116455078e+00 7.568764592294809079e-02
6.314919948577880859e+00 3.097536849372721224e-01
6.355810165405273438e+00 1.515038635133156009e-01
6.363969802856445312e+00 6.091848782747653207e-02
6.368949890136718750e+00 3.945527800775477240e-02
6.369090080261230469e+00 2.999753059110556869e-02
6.369410037994384766e+00 1.461322908566450862e-02
6.376840114593505859e+00 6.702740555108424592e-02
6.395979881286621094e+00 4.862953557539596849e-02
6.409220218658447266e+00 5.665447251908058146e-02
6.412950038909912109e+00 1.520117699075839747e-02
6.428669929504394531e+00 4.315336860769990873e-02
6.430339813232421875e+00 4.125488018117536015e-02
6.441359996795654297e+00 3.712020783637814264e-02
6.442500114440917969e+00 1.027623552469023871e-01
6.456329822540283203e+00 3.973185858425311995e-02
6.456980228424072266e+00 3.329291776837522976e-02
6.459509849548339844e+00 6.844522029948872655e-02
6.460569858551025391e+00 5.855277958457567183e-02
6.461870193481445312e+00 1.083566104080142950e-01
6.464270114898681641e+00 3.765986764684797761e-02
6.465300083160400391e+00 6.701207496117332629e-02
6.468130111694335938e+00 8.070913616755294451e-02
6.469160079956054688e+00 6.233384903732631238e-02
6.470290184020996094e+00 4.004104683764608819e-02
6.470980167388916016e+00 7.750690860962838880e-02
6.474609851837158203e+00 1.333430180237470640e-02
6.479229927062988281e+00 6.582059750826349531e-02
6.492370128631591797e+00 4.681336930625450837e-02
6.492849826812744141e+00 6.291137435958890634e-02
6.496310234069824219e+00 1.729640389832329261e-01
6.500010013580322266e+00 6.699429606515074076e-02
6.507060050964355469e+00 4.619526564644047678e-02
6.510570049285888672e+00 3.893133666193428905e-02
6.512239933013916016e+00 1.492478576598770812e-01
6.526199817657470703e+00 9.172577012644458905e-02
6.530509948730468750e+00 1.582616361896712481e-02
6.557330131530761719e+00 1.978230000635349331e-02
6.571390151977539062e+00 1.293083076319057612e-01
6.572609901428222656e+00 8.261303506643537242e-02
6.576119899749755859e+00 3.536880630146728433e-02
6.587520122528076172e+00 1.247520409080548655e-02
6.594150066375732422e+00 6.518140091655880153e-02
6.599370002746582031e+00 4.002625766877163094e-02
6.605750083923339844e+00 8.935833553194125201e-02
6.606279850006103516e+00 2.693541426291660990e-02
6.608439922332763672e+00 8.172339219656378495e-02
6.619090080261230469e+00 1.642991469002347618e-02
6.619170188903808594e+00 3.630231637989463078e-02
6.619800090789794922e+00 1.629880725760837479e-01
6.620440006256103516e+00 1.079350504774590214e-01
6.625360012054443359e+00 1.048886833959752907e-01
6.627950191497802734e+00 5.745458876474197896e-02
6.629620075225830078e+00 1.580917411460567024e-01
6.630839824676513672e+00 3.003556281024770402e-02
6.634950160980224609e+00 8.511679789219120384e-02
6.640639781951904297e+00 5.555442163612915596e-02
6.646100044250488281e+00 1.161348779634294170e-01
6.656260013580322266e+00 4.600583849706228745e-02
6.656290054321289062e+00 9.563596134580459873e-02
6.657179832458496094e+00 1.212579103936452796e-01
6.657420158386230469e+00 2.350139130517714392e-01
6.657999992370605469e+00 6.662492361490553183e-02
6.669939994812011719e+00 1.243765421857633280e-01
6.673719882965087891e+00 3.073862828118169299e-02
6.687399864196777344e+00 5.007134196273049787e-02
6.687890052795410156e+00 2.719490160424190006e-01
6.702420234680175781e+00 1.141478880453348083e-01
6.703599929809570312e+00 4.346350371117391198e-01
6.778319835662841797e+00 8.657078245310495523e-02
6.792129993438720703e+00 1.315524288665056440e-01
6.801529884338378906e+00 2.424828221726503183e-02
6.806809902191162109e+00 8.781278298880043631e-02
6.816209793090820312e+00 5.582721406528989155e-02
6.824960231781005859e+00 9.267614894096430980e-03
6.826670169830322266e+00 9.838142388289702889e-02
6.826729774475097656e+00 2.112892459152911420e-02
6.827439785003662109e+00 2.274585430105176276e-01
6.830379962921142578e+00 5.241785475888133261e-02
6.837870121002197266e+00 9.458099288261158366e-02
6.841489791870117188e+00 2.406949281826205600e-01
6.845950126647949219e+00 6.874216935806659601e-02
6.850920200347900391e+00 4.859646100697621873e-02
6.850930213928222656e+00 2.324748834683558474e-02
6.853590011596679688e+00 1.212578941796131713e-03
6.856619834899902344e+00 1.611044225560098186e-01
6.858500003814697266e+00 1.325523817026023898e-01
6.860300064086914062e+00 6.421937986974718404e-02
6.860859870910644531e+00 1.150240758961096760e-01
6.865139961242675781e+00 2.478435828997868351e-01
6.869100093841552734e+00 5.652933129714595578e-02
6.870729923248291016e+00 9.497656325119681331e-02
6.874470233917236328e+00 1.226543826428341533e-01
6.921760082244873047e+00 8.358621839252301788e-02
6.930940151214599609e+00 1.394403534824087687e-01
6.960120201110839844e+00 2.505110167508652341e-01
6.963079929351806641e+00 2.256243235816436099e-01
6.965040206909179688e+00 3.400708757835332885e-02
6.971829891204833984e+00 2.940356855758235466e-01
6.981279850006103516e+00 2.651530591733222697e-02
7.001719951629638672e+00 1.730743483634409885e-01
7.012949943542480469e+00 6.554090336684675888e-02
7.019690036773681641e+00 7.004027473012101879e-02
7.024869918823242188e+00 1.101323416887132513e-02
7.024980068206787109e+00 4.807353463491714080e-02
7.036749839782714844e+00 7.484234955230824327e-02
7.037919998168945312e+00 2.729864790160322352e-01
7.040860176086425781e+00 7.876852093875467975e-02
7.042940139770507812e+00 2.074607596468308057e-01
7.050250053405761719e+00 2.747712643095748253e-02
7.052060127258300781e+00 3.146814706123080008e-02
7.055109977722167969e+00 9.880881995533501161e-02
7.056980133056640625e+00 5.994938769119401156e-02
7.061979770660400391e+00 1.226296433062927238e-01
7.068719863891601562e+00 1.225784509394203664e-01
7.071899890899658203e+00 7.495801524744011290e-02
7.072850227355957031e+00 5.894794836787173309e-02
7.074090003967285156e+00 1.080146038713711149e-01
7.075099945068359375e+00 2.485705630191216153e-01
7.075900077819824219e+00 6.914202045477171876e-02
7.079880237579345703e+00 2.004241814978300479e-02
7.079909801483154297e+00 2.110324801561664840e-02
7.081429958343505859e+00 3.643019562143117590e-02
7.084700107574462891e+00 4.578961497053958551e-02
7.092249870300292969e+00 2.826135308404593288e-02
7.095960140228271484e+00 2.542819512180951036e-01
7.099770069122314453e+00 3.573111672822359974e-02
7.126049995422363281e+00 3.972459590037383942e-02
7.152939796447753906e+00 6.008326634206793276e-02
7.165470123291015625e+00 6.852658686396101428e-02
7.184579849243164062e+00 9.542854189225914371e-03
7.187139987945556641e+00 2.372067716200051968e-02
7.189990043640136719e+00 2.139809849606047476e-02
7.198299884796142578e+00 1.551696688710055977e-02
7.200439929962158203e+00 3.886598005680283463e-02
7.200829982757568359e+00 2.792711885475417793e-02
7.202849864959716797e+00 8.155332374115038807e-02
7.203350067138671875e+00 4.092090336651631882e-02
7.209569931030273438e+00 4.868212781143207990e-02
7.210239887237548828e+00 5.687255492782438554e-02
7.210840225219726562e+00 8.792694601931058673e-02
7.211659908294677734e+00 3.770418238920979909e-02
7.212480068206787109e+00 3.793863656320408534e-02
7.212649822235107422e+00 8.224377636191550212e-02
7.217329978942871094e+00 1.684950951074671022e-01
7.219870090484619141e+00 4.292843894793003240e-02
7.229760169982910156e+00 4.402732548248733391e-02
7.236149787902832031e+00 4.475026332629913201e-02
7.236609935760498047e+00 1.502598765323875374e-01
7.240139961242675781e+00 2.022732547050292984e-01
7.241529941558837891e+00 4.295779606691672164e-02
7.241700172424316406e+00 1.575472370061631600e-01
7.248400211334228516e+00 4.766904984353911856e-02
7.248410224914550781e+00 1.422870328486427194e-01
7.266600131988525391e+00 1.553204786662499837e-01
7.272490024566650391e+00 3.657572537055246015e-02
7.273749828338623047e+00 1.091961514240843145e-01
7.279220104217529297e+00 8.354332159781299727e-02
7.280310153961181641e+00 1.903822346103010987e-02
7.300600051879882812e+00 7.824484473188225708e-02
7.340720176696777344e+00 2.082796597442897746e-01
7.396639823913574219e+00 1.745269067849833655e-01
7.400660037994384766e+00 3.502348417348073728e-02
7.405439853668212891e+00 3.057426501354447712e-01
7.408170223236083984e+00 2.457708143086248243e-01
7.415200233459472656e+00 2.463977669773663795e-02
7.417809963226318359e+00 4.873135413882229150e-02
7.418270111083984375e+00 2.643097141743883799e-02
7.422359943389892578e+00 1.276947206512587911e-02
7.423069953918457031e+00 5.741290818828723164e-02
7.425580024719238281e+00 5.759259024869070598e-02
7.427060127258300781e+00 3.342196495079022278e-02
7.428329944610595703e+00 1.901709237585071932e-01
7.429019927978515625e+00 9.408848940321581922e-02
7.436399936676025391e+00 8.004392416833196189e-02
7.436600208282470703e+00 1.773041072173053012e-01
7.441239833831787109e+00 5.198679794776015634e-02
7.443570137023925781e+00 2.650531904445428966e-01
7.445769786834716797e+00 2.158522814594092745e-02
7.447120189666748047e+00 5.978056528024253830e-02
7.449940204620361328e+00 6.038886573355707610e-02
7.455800056457519531e+00 7.824833309039867790e-02
7.457159996032714844e+00 4.360334241432965718e-02
7.464419841766357422e+00 2.409970296575188534e-02
7.478459835052490234e+00 3.213528940593022437e-02
7.535840034484863281e+00 2.202075361308504509e-01
7.537549972534179688e+00 2.028107994241528933e-01
7.557670116424560547e+00 2.634016109754960255e-01
7.558750152587890625e+00 7.878918052127975580e-02
7.561610221862792969e+00 9.602002630936637417e-02
7.564270019531250000e+00 9.088095369887042030e-02
7.609700202941894531e+00 4.444681686351956151e-02
7.610469818115234375e+00 5.657754568810487161e-02
7.612199783325195312e+00 7.308805520174220527e-02
7.618140220642089844e+00 4.211868430565595539e-02
7.618730068206787109e+00 2.431040697939588352e-02
7.626560211181640625e+00 6.687533651856883421e-02
7.629230022430419922e+00 5.518277461328550265e-02
7.629799842834472656e+00 3.254221708700151261e-01
7.633820056915283203e+00 3.376297916094223722e-02
7.636010169982910156e+00 1.104744107539213926e-01
7.641119956970214844e+00 5.661554097413942083e-02
7.642940044403076172e+00 4.966435139391087855e-02
7.643219947814941406e+00 1.533685737223811074e-01
7.650680065155029297e+00 2.542109805650995535e-01
7.651030063629150391e+00 6.425165082209666201e-02
7.651229858398437500e+00 2.010934890857077328e-01
7.653749942779541016e+00 7.184291004169131301e-02
7.660870075225830078e+00 5.382732306780674270e-02
7.661389827728271484e+00 1.292205642586728535e-02
7.676350116729736328e+00 6.867636543310187691e-02
7.679299831390380859e+00 4.087149273109338260e-02
7.680779933929443359e+00 1.439938200580442029e-01
7.687200069427490234e+00 4.288288367627469955e-02
7.693520069122314453e+00 5.701996383181461708e-02
7.693659782409667969e+00 4.060023164372816851e-02
7.725200176239013672e+00 5.482014248171629411e-02
7.728740215301513672e+00 5.960841702442842838e-02
7.733860015869140625e+00 1.260834093069231887e-01
7.749120235443115234e+00 7.024507284789610617e-02
7.755119800567626953e+00 2.486163484403869708e-02
7.768030166625976562e+00 2.839677893756790972e-02
7.774330139160156250e+00 1.075588555359808934e-01
7.777140140533447266e+00 7.485453832405303265e-02
7.783880233764648438e+00 5.867794728936841231e-02
7.786479949951171875e+00 4.455108679724922860e-02
7.787419795989990234e+00 6.353909664987722472e-02
7.788000106811523438e+00 3.571445552233394605e-02
7.794390201568603516e+00 1.763961330742820285e-02
7.798049926757812500e+00 1.433779405462839475e-02
7.800849914550781250e+00 8.623239828315659716e-02
7.801839828491210938e+00 2.847565726208273196e-02
7.802629947662353516e+00 6.251958928872794474e-02
7.804009914398193359e+00 5.555684048647899220e-02
7.805009841918945312e+00 6.088793515214148411e-02
7.806270122528076172e+00 4.095473636440368631e-02
7.808360099792480469e+00 1.027551146268912974e-01
7.816259860992431641e+00 1.463730765607322015e-01
7.820610046386718750e+00 2.768339620794758177e-02
7.826000213623046875e+00 6.277363172982025619e-02
7.840730190277099609e+00 6.799962273232945664e-02
7.842410087585449219e+00 3.847381305763937498e-02
7.843810081481933594e+00 1.005442265909241989e-01
7.850359916687011719e+00 1.459645939252835270e-02
7.861780166625976562e+00 1.472107620621294910e-01
7.864610195159912109e+00 3.407160593634326468e-02
7.885379791259765625e+00 3.967017375624845577e-02
7.896930217742919922e+00 3.296691057865338420e-02
7.897049903869628906e+00 1.030475799104060286e-01
7.897940158843994141e+00 3.375379173985575826e-02
7.902410030364990234e+00 1.290662789878352923e-01
7.906330108642578125e+00 7.700547630078156958e-02
7.950699806213378906e+00 2.761731710033131226e-01
7.992780208587646484e+00 3.022561513440822495e-02
7.992839813232421875e+00 3.759942971332865674e-02
7.993649959564208984e+00 2.398322047775896804e-01
8.002369880676269531e+00 8.459734895244310979e-03
8.011949539184570312e+00 5.278286235924826986e-02
8.013409614562988281e+00 5.860083391386877727e-02
8.016750335693359375e+00 9.560690139313268721e-02
8.017860412597656250e+00 2.112584261255640028e-01
8.020549774169921875e+00 8.340987479122120851e-02
8.022629737854003906e+00 9.238209772919256380e-02
8.023799896240234375e+00 9.674587832281622557e-02
8.030879974365234375e+00 1.936888384197053836e-02
8.031040191650390625e+00 6.241078246136898960e-02
8.034350395202636719e+00 5.099190799536643809e-02
8.036359786987304688e+00 5.091437951008773721e-01
8.038359642028808594e+00 1.861491860121541608e-01
8.041020393371582031e+00 8.772532982710402882e-02
8.045049667358398438e+00 7.125006060339439395e-02
8.045269966125488281e+00 9.435827660506143633e-02
8.050649642944335938e+00 1.501551415326813077e-01
8.051219940185546875e+00 1.238096543667004112e-01
8.054969787597656250e+00 5.625260308894224071e-02
8.077910423278808594e+00 6.505775564018816126e-02
8.085860252380371094e+00 1.099505955961623677e-01
8.148659706115722656e+00 2.625418419218830679e-01
8.158920288085937500e+00 1.796333318011067992e-01
8.162619590759277344e+00 8.948229282932453066e-02
8.162750244140625000e+00 1.153314840932484209e-01
8.174050331115722656e+00 1.404185742699804451e-01
8.174240112304687500e+00 4.043040154498462463e-02
8.183520317077636719e+00 2.024631478979368460e-01
8.200790405273437500e+00 1.139027023206948958e-01
8.207509994506835938e+00 6.979703615126235661e-02
8.219229698181152344e+00 3.261730831197102998e-02
8.220310211181640625e+00 1.354340716700502822e-01
8.225079536437988281e+00 5.269989442378880673e-02
8.240369796752929688e+00 1.008182170527808647e-01
8.242609977722167969e+00 1.842884525515650074e-01
8.244959831237792969e+00 9.090023069947356094e-02
8.245200157165527344e+00 9.577024845122436569e-02
8.246500015258789062e+00 3.685367525058028809e-02
8.246820449829101562e+00 2.614650532444970366e-02
8.249050140380859375e+00 5.227512485418774058e-02
8.252599716186523438e+00 1.381661763296427592e-01
8.256139755249023438e+00 5.630156922391292562e-02
8.258600234985351562e+00 8.047194674908750289e-02
8.259690284729003906e+00 7.440444542851037957e-02
8.260190010070800781e+00 5.212349123854392863e-02
8.265700340270996094e+00 4.554220503715202678e-02
8.274849891662597656e+00 2.596454232220658104e-02
8.278570175170898438e+00 3.672849656663542545e-02
8.278980255126953125e+00 2.629246510233216455e-02
8.281430244445800781e+00 6.828845097461265501e-02
8.284959793090820312e+00 6.884818567226046182e-02
8.286250114440917969e+00 3.457823617041098224e-02
8.306590080261230469e+00 4.991457839828504495e-02
8.314490318298339844e+00 3.970679964405220141e-02
8.338219642639160156e+00 1.298204597717181608e-01
8.340920448303222656e+00 1.286944187502380224e-02
8.356049537658691406e+00 6.935220524405279197e-02
8.359889984130859375e+00 5.312035815950851003e-02
8.373370170593261719e+00 7.605383749165275931e-02
8.374279975891113281e+00 7.361708915155698585e-02
8.385060310363769531e+00 2.260144047510887627e-02
8.396459579467773438e+00 1.456108224552274399e-01
8.396960258483886719e+00 4.565877682798142462e-02
8.397689819335937500e+00 2.356731900264114055e-01
8.399370193481445312e+00 3.583419665303416712e-02
8.401800155639648438e+00 2.853490776773122406e-02
8.401809692382812500e+00 6.680456240504920040e-02
8.403409957885742188e+00 3.676030681149033280e-02
8.405070304870605469e+00 8.952017878588076905e-02
8.406470298767089844e+00 1.264968279734435437e-02
8.414629936218261719e+00 7.724013079524982839e-02
8.421090126037597656e+00 8.503196645990580838e-02
8.422579765319824219e+00 5.527404743832305817e-02
8.427240371704101562e+00 2.173965035361704809e-02
8.430580139160156250e+00 1.636399258699391679e-01
8.431759834289550781e+00 2.138419269985284421e-01
8.435979843139648438e+00 5.545835704010750045e-02
8.437029838562011719e+00 9.988667287191585475e-02
8.446240425109863281e+00 9.757194953053134612e-02
8.447899818420410156e+00 3.323061329882825432e-01
8.449509620666503906e+00 1.336181878497085807e-01
8.463569641113281250e+00 2.840709845000263800e-01
8.483849525451660156e+00 4.140368054520941060e-02
8.483869552612304688e+00 3.025499160796330661e-02
8.486760139465332031e+00 8.465581306677236184e-02
8.501720428466796875e+00 1.027805027328633353e-01
8.505570411682128906e+00 1.823114509359156088e-01
8.526280403137207031e+00 1.457695825246108356e-01
8.530099868774414062e+00 3.301382965470148756e-01
8.572179794311523438e+00 1.837929104182292606e-01
8.589909553527832031e+00 1.417652428988735447e-01
8.597920417785644531e+00 1.541493134727479897e-01
8.600210189819335938e+00 1.812803175651322429e-01
8.604089736938476562e+00 3.677316867883522605e-02
8.607979774475097656e+00 3.755762211730646893e-02
8.610420227050781250e+00 3.941222253375668144e-02
8.615469932556152344e+00 2.273653732915397740e-01
8.620059967041015625e+00 7.117882043989676166e-02
8.625619888305664062e+00 9.756545115068138152e-02
8.625869750976562500e+00 1.966693879958268110e-01
8.626190185546875000e+00 8.989874914869364075e-02
8.632920265197753906e+00 4.769945637893948653e-01
8.633790016174316406e+00 4.096484364292329178e-02
8.636030197143554688e+00 1.541960741415117631e-01
8.642919540405273438e+00 6.577820085768686098e-02
8.647839546203613281e+00 1.938754509192202879e-01
8.648889541625976562e+00 1.213107798862287368e-01
8.650839805603027344e+00 1.593701946606984055e-01
8.654930114746093750e+00 9.937520950000883202e-02
8.656479835510253906e+00 5.950624926568078010e-02
8.660389900207519531e+00 6.692900010245694808e-02
8.661230087280273438e+00 9.110671233478356834e-02
8.667849540710449219e+00 1.123055750964414151e-01
8.738719940185546875e+00 5.714096219048676872e-02
8.756660461425781250e+00 2.309173387024408830e-01
8.758779525756835938e+00 5.187788105296954611e-02
8.760869979858398438e+00 2.298076374990092388e-02
8.776519775390625000e+00 1.071203742055165387e-01
8.777660369873046875e+00 4.439426801257645439e-02
8.787520408630371094e+00 1.056517160614788287e-01
8.796640396118164062e+00 3.723780112379031226e-02
8.800149917602539062e+00 3.079381436149106199e-02
8.810779571533203125e+00 4.655189975323537066e-02
8.818940162658691406e+00 8.735510686614490761e-02
8.819330215454101562e+00 2.677341743897414528e-01
8.826279640197753906e+00 2.072461372228853183e-01
8.830769538879394531e+00 9.853908585588606883e-02
8.838720321655273438e+00 1.076227510747909503e-02
8.840020179748535156e+00 1.032898711742131215e-01
8.841520309448242188e+00 4.005952123761081368e-02
8.843110084533691406e+00 6.149480808537648863e-02
8.843370437622070312e+00 4.266030768471228141e-02
8.844209671020507812e+00 6.830825642441186452e-02
8.848870277404785156e+00 1.661655583598463382e-02
8.848890304565429688e+00 4.295578863636804329e-02
8.849900245666503906e+00 2.291524601511488526e-02
8.855460166931152344e+00 7.435319149238979464e-02
8.860079765319824219e+00 9.451486571290725058e-02
8.878589630126953125e+00 3.737853714546479633e-02
8.880330085754394531e+00 6.168420199926356873e-02
8.888270378112792969e+00 1.071422663607061870e-01
8.888710021972656250e+00 2.332442356835295189e-02
8.889869689941406250e+00 2.843687795762976991e-02
8.896940231323242188e+00 7.050425098725941753e-02
8.899239540100097656e+00 7.019104084189535520e-02
8.917130470275878906e+00 2.585713065441110070e-02
8.920800209045410156e+00 8.085723200903090213e-02
8.956569671630859375e+00 1.189587339929391169e-01
8.957130432128906250e+00 3.662999084733122718e-02
8.959079742431640625e+00 5.271965146077853964e-02
8.967630386352539062e+00 4.150899974183314134e-02
8.972979545593261719e+00 5.628139899541969443e-02
8.974699974060058594e+00 1.779471513376721867e-02
8.981989860534667969e+00 3.872045761614809761e-02
8.986840248107910156e+00 5.359377460644755564e-02
8.990440368652343750e+00 2.972629451868423478e-02
8.993860244750976562e+00 7.994303127321494840e-02
8.996800422668457031e+00 2.219946234732001963e-02
8.997710227966308594e+00 6.734003351668560455e-02
9.005820274353027344e+00 2.761637844663970137e-02
9.009090423583984375e+00 3.894804636160902056e-02
9.011480331420898438e+00 6.319666469658857810e-02
9.013850212097167969e+00 4.119046186094902917e-01
9.015529632568359375e+00 1.357696832980301860e-01
9.016670227050781250e+00 5.789792132194506585e-02
9.017330169677734375e+00 2.780280799223700666e-02
9.023320198059082031e+00 1.524978578550856001e-01
9.024720191955566406e+00 8.353157299645432021e-02
9.026749610900878906e+00 6.930353052241741696e-02
9.030650138854980469e+00 1.508362364256532195e-01
9.031410217285156250e+00 2.052308185897121912e-02
9.036390304565429688e+00 2.740588247730022659e-02
9.044670104980468750e+00 4.802034337659700364e-02
9.045240402221679688e+00 5.799790629913129797e-02
9.051699638366699219e+00 3.322370842608324965e-02
9.062910079956054688e+00 3.506708566909998853e-02
9.082320213317871094e+00 8.221062140271225005e-02
9.090040206909179688e+00 3.599171079069598406e-02
9.095049858093261719e+00 1.120606192363564763e-01
9.096360206604003906e+00 9.802651680636783812e-03
9.102860450744628906e+00 2.688404161736401843e-02
9.198730468750000000e+00 5.056442936470244981e-02
9.207830429077148438e+00 4.891970662849268181e-02
9.209230422973632812e+00 1.139277458432420564e-01
9.210659980773925781e+00 1.815421321491365175e-02
9.214200019836425781e+00 2.254175118605033362e-02
9.216879844665527344e+00 3.504392398866806868e-01
9.218520164489746094e+00 1.897063981373332542e-01
9.220029830932617188e+00 1.835204314486502467e-02
9.221070289611816406e+00 2.320175280453562472e+00
9.226309776306152344e+00 1.442759473581031848e+00
9.228429794311523438e+00 7.314066405244616653e-02
9.236530303955078125e+00 1.014270875587471726e-01
9.241100311279296875e+00 8.038878674309021810e-02
9.245699882507324219e+00 8.862833494681701119e-01
9.246270179748535156e+00 2.123772980991180948e-01
9.247799873352050781e+00 3.948459342064066235e-01
9.256130218505859375e+00 1.196723501528560857e-01
9.256859779357910156e+00 9.282664233397558418e-01
9.257129669189453125e+00 1.572105682894325840e-01
9.257309913635253906e+00 7.209329025449240369e-02
9.257510185241699219e+00 1.243482481759677766e-01
9.262889862060546875e+00 1.638154318823186184e-01
9.266909599304199219e+00 3.028237119446310771e-02
9.276639938354492188e+00 1.806758852408851146e+00
9.293629646301269531e+00 6.857351589400975111e-01
9.301489830017089844e+00 1.487509729552322357e-01
9.315320014953613281e+00 4.284080779387142157e-02
9.333649635314941406e+00 1.023521428391110710e+00
9.336730003356933594e+00 1.573686427700440593e-01
9.359729766845703125e+00 7.909141255184242159e-01
9.361280441284179688e+00 6.832351002988448219e-01
9.362649917602539062e+00 2.528954813711373761e-01
9.373999595642089844e+00 4.352149825500323810e-01
9.388649940490722656e+00 1.491938064471041991e-01
9.399200439453125000e+00 1.746997769712198001e-01
9.412070274353027344e+00 7.804281378942297398e-02
9.414669990539550781e+00 7.810131891312212249e-02
9.425569534301757812e+00 2.048158741422071716e-01
9.426230430603027344e+00 2.302492344642816935e-01
9.433019638061523438e+00 2.254886859032403379e-01
9.442839622497558594e+00 2.492308810921653739e-01
9.447389602661132812e+00 1.182971664720413735e-01
9.451330184936523438e+00 1.383185497257327423e+00
9.451589584350585938e+00 1.215608231922313598e+00
9.454000473022460938e+00 1.162649994100899559e-01
9.457110404968261719e+00 1.101927828635468787e+00
9.461819648742675781e+00 1.057764794821030446e-01
9.463179588317871094e+00 5.517662596105372685e-01
9.463359832763671875e+00 2.562175712682137479e-02
9.464759826660156250e+00 2.842399285666580844e-01
9.476340293884277344e+00 1.327871776756636812e+00
9.483070373535156250e+00 1.100703230321683712e+00
9.483209609985351562e+00 4.704655350287847426e-01
9.485070228576660156e+00 1.153394269854244758e+00
9.487919807434082031e+00 6.597804791157535487e-01
9.492600440979003906e+00 8.293939243380741289e-01
9.500499725341796875e+00 1.709595801294709894e-01
9.501190185546875000e+00 8.271448118349136180e-01
9.505490303039550781e+00 9.505334439336210473e-02
9.505530357360839844e+00 4.217902179904192694e-01
9.515130043029785156e+00 6.992377125981590058e-02
9.524020195007324219e+00 1.524385523767021744e-01
9.530759811401367188e+00 2.234194169416452158e-01
9.539669990539550781e+00 4.431211574701226508e-01
9.541819572448730469e+00 6.590271656982508164e-01
9.543629646301269531e+00 4.082838214182645253e-01
9.559450149536132812e+00 8.393389635689239014e-01
9.560589790344238281e+00 1.185653670275919502e+00
9.568819999694824219e+00 5.725544136290071640e-01
9.580760002136230469e+00 1.607057997172005148e+00
9.586790084838867188e+00 9.940447967996930700e-02
9.587779998779296875e+00 2.500739536025812781e-01
9.594949722290039062e+00 4.591404957029764922e-01
9.595689773559570312e+00 1.188544861799310098e-01
9.601519584655761719e+00 6.165145868784915884e-01
9.604849815368652344e+00 1.047416238209702005e-01
9.606630325317382812e+00 1.685530465663289679e-01
9.611680030822753906e+00 3.558661937390127615e-03
9.617289543151855469e+00 7.392905642762059859e-02
9.617770195007324219e+00 6.477524524564813868e-01
9.620209693908691406e+00 8.480117292754643099e-01
9.625619888305664062e+00 2.466115636704544478e-01
9.626660346984863281e+00 4.691637776873194138e-02
9.634750366210937500e+00 3.597434945439208498e+00
9.634849548339843750e+00 1.366718767781523791e+00
9.651140213012695312e+00 1.159764896930005840e+00
9.674300193786621094e+00 7.782645568572107431e-01
9.678429603576660156e+00 3.754779482917836475e+00
9.681909561157226562e+00 2.788269549746226761e-01
9.700309753417968750e+00 1.588251760255544320e-01
9.710980415344238281e+00 6.363630979245499253e-01
9.721650123596191406e+00 1.787600853134816870e+00
9.725460052490234375e+00 8.295670205664129604e-01
9.733909606933593750e+00 1.978144308683135844e+00
9.742989540100097656e+00 5.490471439479647220e-01
9.748620033264160156e+00 4.405013572898126006e-01
9.754579544067382812e+00 1.063399075704055452e+00
9.755310058593750000e+00 1.444530621643404178e+00
9.766900062561035156e+00 1.129330438031259654e+00
9.768210411071777344e+00 1.831728517619658270e+00
9.782649993896484375e+00 1.149161798959903169e-01
9.783820152282714844e+00 5.282987414918443037e-01
9.785670280456542969e+00 1.639845300988682641e+00
9.795660018920898438e+00 6.923108537154138986e-01
9.796230316162109375e+00 1.149476992144535803e-01
9.797410011291503906e+00 2.269880378897651541e-01
9.797909736633300781e+00 6.030785898668973299e-01
9.804260253906250000e+00 7.936447137235552729e-01
9.807490348815917969e+00 6.673727736298776803e-01
9.830510139465332031e+00 1.270360689616494287e-01
9.830750465393066406e+00 8.204296761108563485e-02
9.839570045471191406e+00 3.198415402494098614e-01
9.839710235595703125e+00 8.065037566118685719e-01
9.840530395507812500e+00 3.629973993804059829e-01
9.851929664611816406e+00 4.620341335940429950e-01
9.858149528503417969e+00 1.106024615141624201e+00
9.859439849853515625e+00 1.700804545446909399e+00
9.860569953918457031e+00 2.420909423534051419e-01
9.868590354919433594e+00 1.008285195181934490e+00
9.880129814147949219e+00 1.115171159631431541e+00
9.881270408630371094e+00 6.281635754657373116e-01
9.881329536437988281e+00 1.740243874829889625e+00
9.888199806213378906e+00 4.894863548740087666e-01
9.889209747314453125e+00 9.384473485146842542e-01
9.891099929809570312e+00 7.003661501653498656e-01
9.897910118103027344e+00 1.693115716085194844e+00
9.899419784545898438e+00 5.311969630247997953e-01
9.900250434875488281e+00 4.110917766714657695e+00
9.919239997863769531e+00 1.010488256250111350e-01
9.920260429382324219e+00 7.996356881262786098e-01
9.922380447387695312e+00 2.240000744742921768e+00
9.928810119628906250e+00 9.716657893936180290e-01
9.938079833984375000e+00 3.820606755856953418e-01
9.945019721984863281e+00 1.672892910935185551e+00
9.951609611511230469e+00 3.814410610807634217e-01
9.958959579467773438e+00 1.708823130455051631e+00
9.962699890136718750e+00 1.430329150351820955e+00
9.970789909362792969e+00 6.667996280653790686e-01
9.976309776306152344e+00 1.904095134341947104e-01
9.977419853210449219e+00 9.685646499851606472e-02
9.984279632568359375e+00 1.040646029327409350e+00
9.984330177307128906e+00 8.925507172186091243e-01
9.995169639587402344e+00 5.860433567792204812e-01
1.000109958648681641e+01 7.979136334974544775e-01
1.000720024108886719e+01 3.524017009214535534e+00
1.000990009307861328e+01 6.559726186555665528e-01
1.001169967651367188e+01 2.845714264003374794e+00
1.001939964294433594e+01 3.146911292242210445e-01
1.002239990234375000e+01 1.406828120723108810e+00
1.002970027923583984e+01 6.915495483307075864e-01
1.003390026092529297e+01 1.176319839120121280e+00
1.003460025787353516e+01 1.401758091869114153e+00
1.003919982910156250e+01 7.885965920023201292e-01
1.004020023345947266e+01 1.119725530497918342e+00
1.007120037078857422e+01 6.588083365998638197e-01
1.007250022888183594e+01 2.377431032392709476e-01
1.008199977874755859e+01 1.173237340007879492e+00
1.010009956359863281e+01 1.312004380912351831e+00
1.010820007324218750e+01 9.484920372939793509e-01
1.011900043487548828e+01 1.170468065372015865e+00
1.012590026855468750e+01 1.004065202534106804e+00
1.012679958343505859e+01 2.030582463486802977e-02
1.013099956512451172e+01 4.619472602052657750e-01
1.013560009002685547e+01 1.502008931344315013e+00
1.013790035247802734e+01 1.079856457437420980e+00
1.013990020751953125e+01 1.165806588814263911e+00
1.014350032806396484e+01 2.144422142065852965e-01
1.014490032196044922e+01 4.874966231810015649e-02
1.015989971160888672e+01 1.191194723384630949e+00
1.016160011291503906e+01 1.172149414254378463e+00
1.016359996795654297e+01 1.548674298604148181e+00
1.017240047454833984e+01 8.978780904076566483e-01
1.017980003356933594e+01 1.941876331540019818e+00
1.018379974365234375e+01 1.683914248552565440e-01
1.019180011749267578e+01 6.464801625337988078e-01
1.019610023498535156e+01 5.370015330879839288e-01
1.020790004730224609e+01 2.230151493714546795e+00
1.021210002899169922e+01 2.020510916879135532e+00
1.021280002593994141e+01 1.723615570557681886e+00
1.021720027923583984e+01 1.278493149418909791e+00
1.022290039062500000e+01 2.486769245715822751e-01
1.023009967803955078e+01 8.425189846112927095e-01
1.023359966278076172e+01 6.376834314361279343e-02
1.023760032653808594e+01 1.096436347239010178e+00
1.024470043182373047e+01 4.791653104019252818e-02
1.024520015716552734e+01 1.471643273007543495e+00
1.026729965209960938e+01 1.877291995710864025e+00
1.027130031585693359e+01 1.145051708122931666e+00
1.027519989013671875e+01 4.733959974576681384e-01
1.027659988403320312e+01 5.587148807646684645e-01
1.028069972991943359e+01 9.003299945120949443e-01
1.029240036010742188e+01 8.732385782022319409e-01
1.029459953308105469e+01 2.380127137463359244e+00
1.029829978942871094e+01 1.388127462917602362e+00
1.029870033264160156e+01 1.762490870688064204e+00
1.030720043182373047e+01 1.079188792953800213e+00
1.031159973144531250e+01 4.523215724856669562e-01
1.031799983978271484e+01 1.671092991467128419e+00
1.032499980926513672e+01 7.386059031999454572e-01
1.033020019531250000e+01 1.586554914981631870e-01
1.033409976959228516e+01 1.393971779719772375e+00
1.034729957580566406e+01 3.165885901552247805e-01
1.035249996185302734e+01 8.641170075919730742e-01
1.036470031738281250e+01 5.956718789676803683e-01
1.036810016632080078e+01 8.084063893129567191e-01
1.036999988555908203e+01 1.406481837799679724e+00
1.037310028076171875e+01 8.502302926756372115e-01
1.038199996948242188e+01 2.156636308056732176e-01
1.038850021362304688e+01 2.521773255990475415e-02
1.040279960632324219e+01 8.854176442935143276e-01
1.040919971466064453e+01 6.039254204415775984e-01
1.041069984436035156e+01 6.320986496464268134e-01
1.041279983520507812e+01 7.853958731826836681e-01
1.041339969635009766e+01 1.246102732770671295e+00
1.042689990997314453e+01 3.061475858259309124e+00
1.043550014495849609e+01 1.728109336600384127e-01
1.044260025024414062e+01 6.368586503874951177e-01
1.045370006561279297e+01 8.277955516389303714e-01
1.045580005645751953e+01 7.914195398131864678e-01
1.046780014038085938e+01 1.624428936335841067e+00
1.046829986572265625e+01 8.759199392383382188e-01
1.047169971466064453e+01 3.463947314183905557e-01
1.047210025787353516e+01 7.528723997858642880e-01
1.047640037536621094e+01 1.270163888736642654e+00
1.047859954833984375e+01 9.095836890658526297e-01
1.049209976196289062e+01 8.040082060978112066e-01
1.049209976196289062e+01 2.306197625981599497e+00
1.049470043182373047e+01 1.854593701327267308e+00
1.049989986419677734e+01 1.004144395644695376e+00
1.050979995727539062e+01 3.516761694503682811e-01
1.051210021972656250e+01 1.538585686078692172e+00
1.051270008087158203e+01 1.237100789554468339e-01
1.051650047302246094e+01 9.776563523972969794e-01
1.051869964599609375e+01 1.591234296840010165e+00
1.052089977264404297e+01 5.164168199274373761e-01
1.052569961547851562e+01 1.367087603726510947e+00
1.052600002288818359e+01 1.661765053226712086e+00
1.052950000762939453e+01 3.759354883873731179e-01
1.053330039978027344e+01 2.551345756183920344e-01
1.053880023956298828e+01 9.324639208650775668e-01
1.054109954833984375e+01 9.974023447335863546e-01
1.054139995574951172e+01 6.853756449952856933e-01
1.054529953002929688e+01 6.317824198339150321e-01
1.054559993743896484e+01 4.145159727594807664e-01
1.054800033569335938e+01 1.397192944261542058e+00
1.055780029296875000e+01 6.164340922564767178e-01
1.056499958038330078e+01 8.854721534902518787e-01
1.056569957733154297e+01 2.164195469426411778e-01
1.057190036773681641e+01 8.077240550333640856e-01
1.058040046691894531e+01 6.499694761391072717e-01
1.058600044250488281e+01 6.613137979017369439e-01
1.058880043029785156e+01 5.622745178015732259e-01
1.060470008850097656e+01 1.876156332848333053e+00
1.061219978332519531e+01 4.501241532670093859e-01
1.062189960479736328e+01 2.072943353613898143e+00
1.062390041351318359e+01 2.675467616502535062e+00
1.062779998779296875e+01 2.555449723608671508e-01
1.064060020446777344e+01 1.402426784123691039e+00
1.064260005950927734e+01 2.605075962289043368e+00
1.064379978179931641e+01 1.104512815896810274e+00
1.064980030059814453e+01 3.951082526958022423e-01
1.065400028228759766e+01 2.303396459970679655e-01
1.065779972076416016e+01 6.914498461301481491e-01
1.066059970855712891e+01 6.135956565105564753e-01
1.066339969635009766e+01 1.137649270757983055e+00
1.066380023956298828e+01 1.264632556899154547e-01
1.067440032958984375e+01 2.016635675098990443e+00
1.067609977722167969e+01 2.919844874980773941e+00
1.068350028991699219e+01 1.015493242026478171e+00
1.068610000610351562e+01 1.565188426744321903e+00
1.069470024108886719e+01 3.499628884693800623e-01
1.071240043640136719e+01 6.103984654611412930e-01
1.071940040588378906e+01 6.941709058478922056e-01
1.072879981994628906e+01 8.371797056990477603e-01
1.073840045928955078e+01 7.423001193483677596e-02
1.074209976196289062e+01 3.762795954316149327e-01
1.075100040435791016e+01 1.618030797617383831e-01
1.075269985198974609e+01 1.973957707955523722e+00
1.075800037384033203e+01 7.052301102630641472e-01
1.075829982757568359e+01 5.740865020125265339e-01
1.076710033416748047e+01 1.903352590409959633e-01
1.077120018005371094e+01 1.664143578046945793e+00
1.077200031280517578e+01 6.362735373552962370e-01
1.077519989013671875e+01 1.113566483394297368e-01
1.079090023040771484e+01 4.959159413374152336e-01
1.079520034790039062e+01 9.805151181955116257e-01
1.080029964447021484e+01 1.006160868147385701e+00
1.080099964141845703e+01 1.086236687855080540e-01
1.080130004882812500e+01 2.965124437310906469e-01
1.081439971923828125e+01 8.024091805749525852e-01
1.082429981231689453e+01 2.145347486273932791e+00
1.083119964599609375e+01 6.338469020743697779e-01
1.083240032196044922e+01 2.959501307341949050e-01
1.084659957885742188e+01 1.391304727286455378e+00
1.085130023956298828e+01 2.652728945648255454e+00
1.085820007324218750e+01 7.178134795303240390e-01
1.086620044708251953e+01 4.608890872480124745e-01
1.087180042266845703e+01 8.449470612820919602e-01
1.087829971313476562e+01 3.886327305653951125e+00
1.087989997863769531e+01 1.591205116174209122e+00
1.088379955291748047e+01 2.620393852447857469e-02
1.088529968261718750e+01 3.159798107569899428e-01
1.088529968261718750e+01 3.206305568740726475e+00
1.088770008087158203e+01 7.417755688947053061e-01
1.089140033721923828e+01 1.267829353705174800e+00
1.090830039978027344e+01 1.003036497885603007e+00
1.090960025787353516e+01 1.309819955570915295e-01
1.091230010986328125e+01 7.188530816163249959e-01
1.091250038146972656e+01 9.835355803883736314e-01
1.091590023040771484e+01 1.761328709754138799e+00
1.095460033416748047e+01 6.070346706235814072e-01
1.095479965209960938e+01 2.213113497146179665e-01
1.096030044555664062e+01 6.372352667623033540e-01
1.096119976043701172e+01 4.336637762692197029e-01
1.096170043945312500e+01 1.052721730274567280e+00
1.096710014343261719e+01 1.285626571236880178e+00
1.098610019683837891e+01 6.957696730235809479e-01
1.098890018463134766e+01 2.706858134992115583e-01
1.099870014190673828e+01 2.176174120129987344e+00
1.099909973144531250e+01 1.173899549685968324e+00
1.100109958648681641e+01 1.034668525242185833e-01
1.101770019531250000e+01 5.559756797052648469e-01
1.102019977569580078e+01 1.087079768798028923e+00
1.102519989013671875e+01 1.479866124757497570e+00
1.103279972076416016e+01 2.525861360088469398e-01
1.103380012512207031e+01 1.277990186355842717e+00
1.103439998626708984e+01 1.974334422064431882e+00
1.104419994354248047e+01 7.125138968571531617e-01
1.105189990997314453e+01 1.645168296817925535e+00
1.105840015411376953e+01 4.164409025185785151e-01
1.106289958953857422e+01 6.016072483491188838e-02
1.107779979705810547e+01 5.415924382611120302e-01
1.107820034027099609e+01 1.436259554423177098e-01
1.108220005035400391e+01 6.299568577311296380e-01
1.108500003814697266e+01 7.297545939764746858e-01
1.108520030975341797e+01 4.104602243474623768e-01
1.109179973602294922e+01 6.886595039272932484e-01
1.109980010986328125e+01 7.202725664541285155e-01
1.110449981689453125e+01 7.950357492614920640e-02
1.110620021820068359e+01 7.400183192552101108e-01
1.110910034179687500e+01 1.249269765379672770e-01
1.112399959564208984e+01 1.728448868876590952e-02
1.112399959564208984e+01 9.304148156129465885e-01
1.114260005950927734e+01 9.500775575792099747e-01
1.117420005798339844e+01 5.975098734311679038e-01
1.118239974975585938e+01 9.991134497071295362e-02
1.119519996643066406e+01 1.168441665049619882e+00
1.120269966125488281e+01 3.610560311769606123e-01
1.121170043945312500e+01 2.079994454405553750e+00
1.123250007629394531e+01 1.156086444926060913e-01
1.124629974365234375e+01 3.523964934880515210e-01
1.125959968566894531e+01 5.082478802803889195e-01
1.126519966125488281e+01 7.161211598791736299e-02
1.127530002593994141e+01 1.585292404530100008e+00
1.127709960937500000e+01 1.245808385299949396e-02
1.127919960021972656e+01 1.161062403150722594e-01
1.128969955444335938e+01 2.101328549773973986e+00
1.129529953002929688e+01 2.120698987571926347e-02
1.130200004577636719e+01 2.556891479728884767e-02
1.130430030822753906e+01 2.685732237135936007e-01
1.134879970550537109e+01 5.356991987015529144e-01
1.138350009918212891e+01 9.079774818034291872e-02
1.143089962005615234e+01 2.554185502005635114e-02
1.143239974975585938e+01 5.548666782888852546e-03
1.144839954376220703e+01 9.779821352211579832e-06
1.148120021820068359e+01 2.783593033163691069e-02
