4.284409806132316589e-03 1.071579752937780634e-02
1.421330031007528305e-02 1.184402446903327043e-02
3.168100118637084961e-02 1.455157566020962891e-02
5.754410102963447571e-02 5.893608480619597634e-01
7.038330286741256714e-02 8.500835657628712516e-01
7.055520266294479370e-02 4.782583926065578361e-01
9.375490248203277588e-02 2.780706787078183681e-02
9.461929649114608765e-02 5.266712185506960964e-01
1.186759993433952332e-01 2.452782182044741244e-01
1.542180031538009644e-01 7.634177934585900660e-01
1.581330001354217529e-01 2.050808517753063831e-01
1.713089942932128906e-01 1.356963033015621822e-01
1.796379983425140381e-01 1.013248762497104494e+00
1.814190000295639038e-01 3.215077254685844849e-02
1.893450021743774414e-01 6.832696728249902929e-01
1.929599940776824951e-01 1.581168921660097010e-02
2.137680053710937500e-01 1.148433786322182293e+00
2.152809947729110718e-01 2.302145594321081679e-01
2.251159995794296265e-01 4.153879109493449073e-01
2.313179969787597656e-01 1.545834278496085901e+00
2.493710070848464966e-01 8.003733337188918551e-01
2.497739940881729126e-01 3.546296654072808585e-01
2.580820024013519287e-01 4.042821979188700454e-01
2.592020034790039062e-01 5.532155186746878089e-02
2.752830088138580322e-01 9.453305611316220602e-01
2.779760062694549561e-01 3.626323172508897130e+00
2.823930084705352783e-01 1.929610273424213318e+00
2.868880033493041992e-01 1.251935701129673451e+00
2.921409904956817627e-01 1.117427784146188818e+00
3.350059986114501953e-01 1.114014225537823588e+00
3.362509906291961670e-01 3.403007690521885342e-01
3.364549875259399414e-01 7.810306355997407302e-01
3.373590111732482910e-01 9.572767587970302250e-01
3.391279876232147217e-01 1.586173662322625244e-01
3.403869867324829102e-01 1.364344198760639504e+00
3.481799960136413574e-01 2.782572661446570894e+00
3.542320132255554199e-01 4.399817263896517172e-01
3.605220019817352295e-01 4.632470003407835324e-01
3.613319993019104004e-01 7.594856551703501601e-01
3.676050007343292236e-01 7.353609236842816310e-01
3.721080124378204346e-01 1.129169618576373990e+00
3.846850097179412842e-01 2.875730657409648061e-01
3.857040107250213623e-01 9.806339777132858648e-01
3.908999860286712646e-01 2.488037414667093328e-01
4.013510048389434814e-01 4.079914775877604427e-01
4.029209911823272705e-01 3.774295423888322509e-01
4.055930078029632568e-01 7.744578380679731922e-01
4.385339915752410889e-01 2.575258154907086983e+00
4.466600120067596436e-01 1.134741952113036190e+00
4.521600008010864258e-01 3.939900480911678216e+00
4.528270065784454346e-01 1.674577456241657936e-01
4.536150097846984863e-01 1.161963582059898137e+00
4.702059924602508545e-01 7.608579579371720358e-01
4.706319868564605713e-01 4.062120917983801371e-01
4.735899865627288818e-01 3.646527080188258552e+00
4.749960005283355713e-01 2.318022496891988027e+00
4.798749983310699463e-01 1.129117973079794002e+00
4.873389899730682373e-01 4.818676754156923647e-01
4.895110130310058594e-01 5.595515099742703891e-01
4.922550022602081299e-01 1.135083927314160857e+00
4.928640127182006836e-01 8.501992789560692820e-01
4.938150048255920410e-01 3.326762948921874186e-01
4.981450140476226807e-01 1.706924663476911287e-03
4.983879923820495605e-01 1.012799776493539916e+00
5.056980252265930176e-01 1.387460534697669612e+00
5.076169967651367188e-01 3.819083290110372175e+00
5.182269811630249023e-01 4.098542379756616172e-01
5.193899869918823242e-01 2.305705608969936371e+00
5.284079909324645996e-01 1.165951515631467483e+00
5.302699804306030273e-01 2.684386865822191659e+00
5.342239737510681152e-01 2.903542476411445361e-01
5.391070246696472168e-01 2.819611490344408056e-01
5.491960048675537109e-01 3.401085119708235460e+00
5.678309798240661621e-01 3.000743638499874688e+00
5.712689757347106934e-01 1.603934348909053176e+00
5.716120004653930664e-01 4.504585505031594717e-01
5.757279992103576660e-01 9.783551235547873759e-01
5.769039988517761230e-01 7.284630743591936630e-01
5.785760283470153809e-01 1.463545064013278552e+00
5.789560079574584961e-01 1.743563340122499250e-01
5.957450270652770996e-01 5.036547291933141796e-02
6.003659963607788086e-01 4.249329432881858160e-01
6.078839898109436035e-01 1.329143968646142593e+00
6.115819811820983887e-01 2.189685664067484439e+00
6.124330163002014160e-01 4.904186851751216381e+00
6.183310151100158691e-01 7.441982395924355842e-01
6.338850259780883789e-01 5.597148588226135146e-01
6.492180228233337402e-01 5.042592032064008301e-01
6.646180152893066406e-01 1.910161140472759644e+00
6.667870283126831055e-01 1.261772674319493248e+00
6.695640087127685547e-01 3.789055601706542653e+00
6.712440252304077148e-01 3.404519325285565223e+00
6.742830276489257812e-01 2.781271831001729922e+00
6.743540167808532715e-01 2.698837062281246535e+00
6.833739876747131348e-01 1.269877780406848400e+00
6.882259845733642578e-01 5.574261726863427580e-01
6.956520080566406250e-01 1.450809754377885064e+00
7.001119852066040039e-01 5.678471913372014346e-02
7.054529786109924316e-01 1.173447722370381197e+00
7.071149945259094238e-01 1.301062440518769181e+00
7.082610130310058594e-01 1.185319921106091412e+00
7.106729745864868164e-01 1.509439110709054344e+00
7.120280265808105469e-01 2.402929073732363641e+00
7.121899724006652832e-01 1.829168976082464315e+00
7.128360271453857422e-01 1.010098412245165278e+00
7.156590223312377930e-01 1.053747996644636808e+00
7.243059873580932617e-01 4.851617671880785743e-01
7.296209931373596191e-01 1.724978685891416896e+00
7.378420233726501465e-01 2.802164201224952023e-01
7.379879951477050781e-01 1.690461589505240780e-01
7.405909895896911621e-01 1.183790856585185347e+00
7.486019730567932129e-01 1.055516463959921936e+00
7.538520097732543945e-01 2.169627170245544079e+00
7.567549943923950195e-01 1.956550852264345108e+00
7.670320272445678711e-01 7.897365711882174955e-01
7.766129970550537109e-01 1.464062176091537104e+00
7.786679863929748535e-01 1.894708443161857936e+00
7.825700044631958008e-01 1.722553275810907170e-01
7.829359769821166992e-01 2.755857986369520535e-02
7.840489745140075684e-01 9.504307241931839734e-01
7.866269946098327637e-01 1.141152258551404231e+00
7.940559983253479004e-01 8.591866677012479636e-01
7.980089783668518066e-01 7.878879101332052493e-01
7.990649938583374023e-01 1.508075685783757169e+00
7.998239994049072266e-01 2.791712018705283516e-01
8.094459772109985352e-01 9.682317899767391989e-01
8.186439871788024902e-01 1.637776097399416875e+00
8.379520177841186523e-01 3.469150616799435038e+00
8.523079752922058105e-01 2.191150857038617339e-01
8.571749925613403320e-01 8.525472874701784942e-01
8.679900169372558594e-01 6.933113539107957912e-01
8.687049746513366699e-01 2.304567899292821742e-01
8.870739936828613281e-01 1.409839967074509204e+00
8.888139724731445312e-01 1.215213970769525309e+00
8.945339918136596680e-01 1.651594720105754810e+00
9.029690027236938477e-01 2.321964067604110338e-01
9.048519730567932129e-01 9.341336113438856170e-01
9.066349864006042480e-01 1.430444446343893894e+00
9.086800217628479004e-01 2.025553601420623018e+00
9.115030169486999512e-01 1.478281201137733036e-01
9.126330018043518066e-01 7.417904328319779861e-01
9.215319752693176270e-01 5.813835206432849123e-01
9.237939715385437012e-01 5.048720239184513181e-01
9.394419789314270020e-01 1.301620768408451312e+00
9.503409862518310547e-01 1.256541358870961744e+00
9.508119821548461914e-01 6.836932792060698150e-01
9.525629878044128418e-01 2.067198006960256684e+00
9.587990045547485352e-01 4.268378870826113891e-01
9.594929814338684082e-01 1.759850630044531572e-01
9.643139839172363281e-01 6.705787944076427864e-01
9.656839966773986816e-01 3.067267739573385499e-01
9.728249907493591309e-01 1.522676759260329415e+00
9.792169928550720215e-01 1.641887029263897846e+00
9.924679994583129883e-01 9.213489943200495746e-01
9.930289983749389648e-01 1.294323134902501282e+00
1.000630021095275879e+00 1.073134470034838028e-01
1.020190000534057617e+00 4.739293145614606462e-01
1.029019951820373535e+00 3.146441828278213060e-01
1.045199990272521973e+00 4.313083927000639362e-01
1.046519994735717773e+00 8.657687274214382889e-01
1.050099968910217285e+00 1.486724336105492927e+00
1.051110029220581055e+00 1.164045857280020968e+00
1.065819978713989258e+00 1.161096084470263579e+00
1.072559952735900879e+00 9.062340509821517065e-01
1.076410055160522461e+00 9.871821858334171862e-02
1.078410029411315918e+00 1.991066705441031148e+00
1.080299973487854004e+00 1.575837997990851003e+00
1.093659996986389160e+00 7.337322120755135346e-01
1.097079992294311523e+00 4.508455566333398057e-01
1.099400043487548828e+00 7.868315067036533161e-01
1.103029966354370117e+00 2.879719167828916349e-01
1.106870055198669434e+00 8.630555379110540493e-01
1.109519958496093750e+00 2.517998538576067702e+00
1.116979956626892090e+00 5.679889499427265287e-01
1.125329971313476562e+00 1.034732833226477966e-01
1.129109978675842285e+00 5.273530829763826144e-01
1.133579969406127930e+00 4.854862208539878488e-01
1.135360002517700195e+00 1.023003629619086974e+00
1.147240042686462402e+00 3.110157540685457800e+00
1.147330045700073242e+00 1.968362154534706310e-01
1.152950048446655273e+00 1.587115544369988696e+00
1.155089974403381348e+00 1.062237456541202496e+00
1.160840034484863281e+00 1.674888221459193416e-01
1.165869951248168945e+00 1.105031390350817766e+00
1.168390035629272461e+00 8.708733168535016667e-01
1.173410058021545410e+00 7.141376564449487541e-01
1.173990011215209961e+00 1.371372271928075204e+00
1.178519964218139648e+00 1.023969610742749392e+00
1.200080037117004395e+00 1.557284505567905430e+00
1.204509973526000977e+00 7.675902713946471945e-01
1.208459973335266113e+00 2.800588174727909330e-01
1.209470033645629883e+00 1.498429898870116406e-01
1.223240017890930176e+00 4.341839628857239175e-01
1.225469946861267090e+00 1.040964008323783885e+00
1.232020020484924316e+00 1.665494304590629859e+00
1.235890030860900879e+00 9.581472525429799436e-01
1.257640004158020020e+00 8.500347795517220195e-01
1.266020059585571289e+00 9.522308572775464164e-01
1.269709944725036621e+00 2.323524998215479032e-01
1.270370006561279297e+00 2.616895911559062871e-01
1.270409941673278809e+00 3.727663184960965936e-01
1.283429980278015137e+00 2.616915952223122677e+00
1.291319966316223145e+00 1.846834378725906167e-01
1.297070026397705078e+00 1.192749205656425504e+00
1.304780006408691406e+00 2.901954241978346616e+00
1.306820034980773926e+00 4.533888481903222134e-01
1.323199987411499023e+00 6.088052696647676676e-01
1.324069976806640625e+00 7.461739766330802714e-01
1.324710011482238770e+00 4.222833906439200091e-01
1.330839991569519043e+00 7.393963047579509285e-01
1.332620024681091309e+00 1.793433509906897649e+00
1.335669994354248047e+00 2.150835518096986254e-01
1.342380046844482422e+00 3.545752306312439095e-01
1.350219964981079102e+00 9.744647590851018837e-01
1.350299954414367676e+00 1.851543411315264009e+00
1.359019994735717773e+00 5.336802607025878942e-01
1.360630035400390625e+00 1.025132964661556123e+00
1.360859990119934082e+00 7.570590676689125109e-01
1.366310000419616699e+00 2.234870288510854008e-01
1.366420030593872070e+00 2.367172174636283932e-01
1.392830014228820801e+00 5.695054654831901118e-03
1.393489956855773926e+00 1.129628653502552371e+00
1.397420048713684082e+00 6.894596629171257929e-01
1.397699952125549316e+00 7.771622680313721165e-01
1.405879974365234375e+00 1.735038327785634049e+00
1.408120036125183105e+00 9.745762713162461344e-01
1.408689975738525391e+00 9.202519823772211671e-01
1.412379980087280273e+00 1.283639082537452181e+00
1.414970040321350098e+00 1.026636495813477046e+00
1.419759988784790039e+00 1.147869412275106749e+00
1.432299971580505371e+00 2.515496192057084524e-01
1.432850003242492676e+00 1.145724147110720237e+00
1.443220019340515137e+00 6.797129821621150647e-02
1.447909951210021973e+00 1.109511466956214276e+00
1.449180006980895996e+00 1.202136049238168525e+00
1.451189994812011719e+00 1.430897964358054164e+00
1.458899974822998047e+00 1.395376524853843669e+00
1.474099993705749512e+00 8.299922791042018133e-01
1.476209998130798340e+00 1.615315448700191947e+00
1.480209946632385254e+00 1.113371204580129836e+00
1.481789946556091309e+00 3.106992351509183514e-01
1.491420030593872070e+00 7.985993919606777514e-01
1.524899959564208984e+00 3.076462432091420229e-01
1.525110006332397461e+00 8.691568475112282366e-02
1.532660007476806641e+00 6.093870812320165697e-01
1.537989974021911621e+00 3.354227871057557375e-01
1.545889973640441895e+00 2.367432845278337750e-01
1.552600026130676270e+00 2.172435112686308400e-01
1.556120038032531738e+00 4.877147854091788970e-01
1.585340023040771484e+00 1.092082563505926973e-01
1.591130018234252930e+00 1.596131710055228581e-01
1.593410015106201172e+00 1.921816634800207479e+00
1.593950033187866211e+00 1.308539481311461694e+00
1.598569989204406738e+00 1.111269819966952843e+00
1.599159955978393555e+00 3.231568154870609888e-01
1.600280046463012695e+00 9.908170928972819258e-01
1.609779953956604004e+00 1.581179335286379273e-01
1.609789967536926270e+00 1.705899062336691641e+00
1.612619996070861816e+00 6.008333637982453679e-01
1.615800023078918457e+00 6.947905889944931968e-01
1.620390057563781738e+00 1.904410186166753283e+00
1.624930024147033691e+00 1.036379311708372830e+00
1.624950051307678223e+00 8.133335076237073746e-01
1.629899978637695312e+00 1.927418138398016845e-01
1.630620002746582031e+00 8.160145414054182922e-01
1.632339954376220703e+00 1.503589325243984032e+00
1.638139963150024414e+00 5.524801709086764046e-01
1.641720056533813477e+00 5.723511510036471961e-01
1.645370006561279297e+00 6.521382179235741816e-01
1.650259971618652344e+00 3.304323091970765014e-01
1.660500049591064453e+00 1.188299216440457107e-01
1.660989999771118164e+00 1.174924649025288037e+00
1.661509990692138672e+00 3.773740610315360899e-01
1.684039950370788574e+00 5.236926018723571108e-01
1.685070037841796875e+00 8.828659169973077647e-01
1.686750054359436035e+00 1.745499773074054906e+00
1.700950026512145996e+00 1.951649269365409445e-01
1.702430009841918945e+00 1.210815918092137539e-01
1.706200003623962402e+00 2.346163048013449048e-01
1.710209965705871582e+00 1.085375818950952365e+00
1.710989952087402344e+00 6.591408650232092326e-01
1.711230039596557617e+00 7.648112310968158134e-01
1.724159955978393555e+00 4.933146270065322941e-02
1.733880043029785156e+00 9.929946048074314580e-02
1.738219976425170898e+00 3.573663797342429005e-01
1.743710041046142578e+00 1.192833277762551880e+00
1.751979947090148926e+00 5.103255782723770118e-01
1.754199981689453125e+00 1.498124994183292591e+00
1.768419981002807617e+00 5.308498627272357773e-01
1.780089974403381348e+00 6.607715375623531007e-02
1.790439963340759277e+00 6.036646498723026166e-01
1.790699958801269531e+00 1.171935735801724165e+00
1.801810026168823242e+00 2.431438919990755732e-01
1.827139973640441895e+00 1.167158567201011521e-01
1.834089994430541992e+00 5.199623842034478693e-01
1.837569952011108398e+00 8.653990014796215935e-02
1.838979959487915039e+00 1.162895228344692722e+00
1.849619984626770020e+00 4.220343985926975489e-02
1.853440046310424805e+00 5.741933867143319409e-02
1.861170053482055664e+00 1.471501698507012845e-01
1.864549994468688965e+00 4.355066179359894096e-02
1.866760015487670898e+00 2.994749928255494020e-01
1.870000004768371582e+00 4.040999590512381334e-01
1.871440052986145020e+00 2.830662321094676304e-01
1.879109978675842285e+00 7.219222045787452302e-01
1.888339996337890625e+00 9.097699936432476209e-01
1.889430046081542969e+00 6.468049431205238342e-01
1.894080042839050293e+00 9.048495948837416425e-02
1.895030021667480469e+00 8.752096356922225984e-02
1.895400047302246094e+00 4.745596239059785559e-01
1.897549986839294434e+00 2.115981445112061765e-01
1.898110032081604004e+00 1.126968503850066250e-02
1.898300051689147949e+00 2.473664672190595826e-01
1.918990015983581543e+00 6.581168440752002691e-02
1.942149996757507324e+00 1.276884786834082963e-01
1.943930029869079590e+00 3.204216609367702695e-01
1.956150054931640625e+00 1.127288196543302590e+00
1.960250020027160645e+00 3.204810732719581834e-02
1.967710018157958984e+00 1.605505553270072938e-01
1.972679972648620605e+00 7.915944277585874600e-01
1.991600036621093750e+00 7.697064277335463611e-01
2.001970052719116211e+00 1.841122661630016366e-01
2.005800008773803711e+00 7.455686709710739324e-01
2.008980035781860352e+00 1.046254420400182655e-01
2.040159940719604492e+00 1.249551932068075771e-01
2.051300048828125000e+00 2.285471784597638278e-02
2.066430091857910156e+00 8.192177862671429223e-02
2.066999912261962891e+00 1.035089503440121739e+00
2.067549943923950195e+00 9.761464253452968587e-02
2.076950073242187500e+00 7.867246437627550826e-02
2.084739923477172852e+00 4.027973341377159150e-02
2.091939926147460938e+00 1.261207981944761358e-01
2.092190027236938477e+00 4.686120436462313382e-02
2.098730087280273438e+00 1.485697095261047374e-01
2.100049972534179688e+00 7.740381862907405597e-02
2.100650072097778320e+00 1.638751823059153290e-01
2.101949930191040039e+00 1.881003505997310213e-02
2.118609905242919922e+00 2.037963705222215621e-02
2.122319936752319336e+00 1.364710988528055821e-02
2.124480009078979492e+00 6.885636319289119012e-01
2.125220060348510742e+00 2.975348616988749556e-02
2.126120090484619141e+00 3.804933693902527031e-02
2.133569955825805664e+00 2.150449409739568774e-01
2.139120101928710938e+00 7.542154540886472636e-02
2.141479969024658203e+00 6.608864184801237218e-02
2.143500089645385742e+00 9.355917925221979292e-02
2.146019935607910156e+00 4.257675051375237052e-02
2.146399974822998047e+00 1.614683636644199116e-01
2.151649951934814453e+00 4.678996954467956604e-01
2.165129899978637695e+00 1.671472474960784549e-01
2.165719985961914062e+00 5.129693494599192605e-02
2.172029972076416016e+00 3.091717521583114969e-01
2.179729938507080078e+00 3.700215338242451857e-02
2.184070110321044922e+00 3.443362350211094380e-01
2.214200019836425781e+00 5.124922979926885974e-02
2.217999935150146484e+00 8.299573120653123970e-02
2.226739883422851562e+00 1.813405919534353539e-01
2.246920108795166016e+00 5.250051736288034038e-02
2.247270107269287109e+00 3.341898259848457425e-02
2.247519969940185547e+00 1.209052668959514076e-01
2.251070022583007812e+00 9.571922679364339159e-02
2.253170013427734375e+00 9.926848734522898676e-02
2.253809928894042969e+00 7.926155735796534818e-02
2.259890079498291016e+00 2.649843985216971884e-02
2.260930061340332031e+00 2.425388553412530235e-02
2.261620044708251953e+00 3.217060420532832227e-02
2.266249895095825195e+00 8.988703537351826200e-02
2.268049955368041992e+00 7.942785005009189714e-01
2.273989915847778320e+00 4.486980249327801040e-01
2.274319887161254883e+00 4.070429537714175677e-02
2.274919986724853516e+00 3.816008127165353148e-02
2.280260086059570312e+00 1.643668201018294028e-01
2.281579971313476562e+00 6.115111224252495203e-02
2.286079883575439453e+00 7.059276780601433932e-02
2.293060064315795898e+00 1.568142615350311131e-01
2.302079916000366211e+00 3.985353017025135558e-01
2.310290098190307617e+00 1.480733399405859407e-01
2.312860012054443359e+00 2.073268472351490199e-01
2.317770004272460938e+00 1.833042066960823557e-01
2.319439888000488281e+00 5.775022366507762128e-02
2.323120117187500000e+00 7.632865066949208466e-02
2.334219932556152344e+00 3.213606594888566981e-02
2.345370054244995117e+00 9.279148689552732532e-02
2.353290081024169922e+00 1.188296763796666683e-01
2.365329980850219727e+00 1.766803497452877070e-01
2.368469953536987305e+00 2.117851516562848091e-01
2.368860006332397461e+00 2.569191392736172586e-01
2.443209886550903320e+00 2.706025887416488862e-01
2.453190088272094727e+00 3.462232352041417216e-01
2.461080074310302734e+00 4.770532897393600646e-02
2.461659908294677734e+00 6.528519304876095886e-02
2.465810060501098633e+00 7.680435502129863423e-02
2.470949888229370117e+00 2.905404149413465809e-01
2.474659919738769531e+00 1.467339951701841227e-01
2.475519895553588867e+00 1.880774447165002583e-02
2.478440046310424805e+00 1.212577049683950525e-01
2.479890108108520508e+00 5.329724524452072315e-02
2.482980012893676758e+00 7.048043906457501784e-02
2.484349966049194336e+00 1.183061010039182098e-01
2.484839916229248047e+00 4.440693943693582030e-02
2.486850023269653320e+00 1.634140614588956708e-01
2.492880105972290039e+00 1.440219160988836719e-02
2.493570089340209961e+00 3.324747400794638569e-02
2.493680000305175781e+00 1.255359444524971613e-01
2.506099939346313477e+00 1.495619293547564010e-01
2.509710073471069336e+00 9.455308868824402468e-02
2.513040065765380859e+00 5.050017240968787680e-02
2.515089988708496094e+00 2.131007419440409667e-01
2.525640010833740234e+00 1.277565345166736532e-01
2.545209884643554688e+00 5.414936042542641687e-02
2.553580045700073242e+00 7.193207450248072232e-02
2.574150085449218750e+00 6.925955283489713954e-02
2.593060016632080078e+00 4.605603498273312668e-02
2.613790035247802734e+00 8.455313509283693407e-02
2.627069950103759766e+00 5.304861817187998124e-02
2.633480072021484375e+00 9.836925232353560533e-02
2.639899969100952148e+00 9.092646653920978539e-02
2.648950099945068359e+00 6.412680086348825081e-02
2.654380083084106445e+00 5.643383257954692755e-02
2.655329942703247070e+00 1.020478820506378892e-01
2.675920009613037109e+00 4.555609740071019098e-02
2.680020093917846680e+00 9.494697897118356544e-02
2.685600042343139648e+00 5.767659859478863060e-02
2.694570064544677734e+00 5.534107765407210444e-02
2.694900035858154297e+00 5.381434630323717744e-02
2.698709964752197266e+00 6.409829001180022967e-02
2.709209918975830078e+00 1.392818779981561672e-01
2.710989952087402344e+00 5.815196206899014147e-02
2.712209939956665039e+00 1.965931355408906955e-01
2.728820085525512695e+00 1.070231117644829810e-01
2.729379892349243164e+00 5.348679265220904200e-02
2.729439973831176758e+00 5.680324678149804851e-02
2.732369899749755859e+00 6.615509046542680793e-02
2.734400033950805664e+00 3.182964521588606960e-02
2.738770008087158203e+00 1.119571200045048516e-02
2.739109992980957031e+00 7.536300427738423791e-02
2.740550041198730469e+00 1.555490388297055826e-01
2.741950035095214844e+00 6.285770012727667777e-02
2.744319915771484375e+00 3.122011960126648555e-02
2.745320081710815430e+00 1.317865067580061833e-01
2.745609998703002930e+00 1.350015274805891341e-01
2.750969886779785156e+00 5.125555063506698206e-02
2.752029895782470703e+00 5.023090038543209096e-02
2.755350112915039062e+00 4.135590406766011945e-02
2.770279884338378906e+00 9.427107794593357626e-02
2.780169963836669922e+00 4.381474963458479449e-02
2.780849933624267578e+00 8.055960176204879364e-02
2.807729959487915039e+00 1.173193527027349865e-02
2.814519882202148438e+00 5.400078606987730734e-02
2.827260017395019531e+00 1.439853944962005694e-01
2.843460083007812500e+00 8.362025586216116635e-02
2.845700025558471680e+00 6.176840747801640163e-02
2.845969915390014648e+00 7.556109996637658255e-02
2.848799943923950195e+00 9.843260151902578914e-02
2.859560012817382812e+00 2.219206862698817201e-02
2.866839885711669922e+00 2.735056465239379606e-02
2.867959976196289062e+00 1.664410021305429144e-01
2.870310068130493164e+00 3.571225889957028998e-02
2.871520042419433594e+00 8.852173911064499523e-02
2.872139930725097656e+00 1.501509180942017518e-01
2.879410028457641602e+00 4.387993237879364572e-02
2.880359888076782227e+00 1.936372525660064181e-01
2.882030010223388672e+00 1.114704323099379446e-01
2.890530109405517578e+00 1.613501752249363874e-01
2.893100023269653320e+00 2.702281675919164239e-01
2.897949934005737305e+00 1.002957970522014852e-01
2.903889894485473633e+00 1.092917365987004646e-01
2.910020112991333008e+00 1.709832374917431841e-01
2.919480085372924805e+00 1.599876988730036254e-01
2.921920061111450195e+00 2.680447593414413410e-01
2.924329996109008789e+00 3.496190626091395803e-02
2.927279949188232422e+00 4.398132882192267584e-02
2.929219961166381836e+00 8.057036624131767855e-02
2.929850101470947266e+00 6.325957228316426983e-02
2.934400081634521484e+00 4.535073951047319946e-02
2.937659978866577148e+00 2.278646849603936375e-01
2.957629919052124023e+00 7.379511393267082497e-02
2.980659961700439453e+00 9.948405755318645571e-02
2.983750104904174805e+00 2.237707874828418625e-02
3.042049884796142578e+00 1.299778445178065289e-01
3.047790050506591797e+00 1.162681078693812653e+00
3.055809974670410156e+00 2.192549135110551106e-02
3.071609973907470703e+00 5.312990872339948961e-02
3.086060047149658203e+00 2.287830627328379107e-01
3.096299886703491211e+00 1.752185498813936537e-01
3.102329969406127930e+00 2.440691898255194225e-03
3.102969884872436523e+00 1.650709703571456299e-01
3.110599994659423828e+00 3.110964550943610268e-02
3.114979982376098633e+00 7.314068927938963127e-02
3.115390062332153320e+00 2.539309470879107591e-02
3.119369983673095703e+00 3.433859694923624417e-01
3.120450019836425781e+00 4.558619329707511852e-02
3.123270034790039062e+00 9.748971711248485827e-02
3.126009941101074219e+00 1.627410400647502642e-01
3.126749992370605469e+00 2.336384618699448301e-01
3.132750034332275391e+00 3.145034990418306697e-01
3.136600017547607422e+00 3.788259738364558454e-02
3.141429901123046875e+00 1.145014846884762627e-01
3.146080017089843750e+00 4.261241690133182186e-02
3.146589994430541992e+00 6.175906916444628275e-02
3.152430057525634766e+00 9.313392416701117560e-02
3.154489994049072266e+00 3.711036315170537780e-02
3.160720109939575195e+00 6.285840238835269100e-02
3.167870044708251953e+00 4.713511091078654430e-02
3.172640085220336914e+00 2.884227373724015595e-02
3.177370071411132812e+00 3.353152407751125441e-02
3.184129953384399414e+00 1.304321166252463970e-01
3.191750049591064453e+00 6.412911157232839554e-02
3.192820072174072266e+00 6.038867719727910449e-02
3.216190099716186523e+00 2.839619648131376517e-02
3.222110033035278320e+00 6.078650623766061745e-02
3.230170011520385742e+00 1.151082645618562328e+00
3.246040105819702148e+00 1.423384718624664813e-01
3.255810022354125977e+00 5.410653480484436256e-02
3.256680011749267578e+00 8.578273638270018653e-01
3.262650012969970703e+00 3.996877729898148934e-02
3.269969940185546875e+00 6.697457898075746818e-02
3.272089958190917969e+00 9.700897113581232745e-01
3.277270078659057617e+00 2.940339598573763619e-02
3.283489942550659180e+00 1.117000221490482281e-01
3.288680076599121094e+00 1.358115156494930087e-01
3.294409990310668945e+00 2.512437434106750550e-02
3.295180082321166992e+00 2.951809192823695235e-02
3.296900033950805664e+00 1.811721327661330316e-01
3.297820091247558594e+00 1.078287902408133214e-01
3.303309917449951172e+00 2.343789867228274898e-02
3.304820060729980469e+00 4.980122769470237548e-02
3.305099964141845703e+00 4.958777383172701114e-01
3.309689998626708984e+00 7.300045784939077076e-02
3.312249898910522461e+00 1.668890109870926550e-02
3.313620090484619141e+00 1.411156339498632617e-01
3.316679954528808594e+00 4.055658069893811057e-02
3.319979906082153320e+00 4.098251656480825927e-02
3.324630022048950195e+00 2.073154325350028138e-02
3.325180053710937500e+00 5.873518430418400715e-02
3.330019950866699219e+00 4.977109579239590714e-03
3.341300010681152344e+00 1.565179937027953438e-01
3.353749990463256836e+00 1.160972358445330477e-01
3.355410099029541016e+00 3.814830531127903768e-02
3.364900112152099609e+00 2.114949190195745121e+00
3.369070053100585938e+00 1.347205057676137407e-02
3.382119894027709961e+00 7.041254450957232236e-02
3.389899969100952148e+00 1.170439740193170847e-01
3.405329942703247070e+00 2.793014659640815495e-02
3.411149978637695312e+00 2.676804127291281324e-02
3.411410093307495117e+00 6.194583772784881953e-02
3.425649881362915039e+00 1.342224457279034278e-01
3.425859928131103516e+00 1.078524023743804711e-01
3.483959913253784180e+00 6.278856562332865709e-02
3.502549886703491211e+00 1.955297083360574839e-01
3.509370088577270508e+00 6.487179458591066372e-02
3.509989976882934570e+00 2.085936164994275088e-01
3.511320114135742188e+00 4.923203394473100181e-01
3.518470048904418945e+00 1.472156360158419774e-01
3.519419908523559570e+00 2.080552885521057965e-02
3.519809961318969727e+00 8.011798353541863538e-01
3.526340007781982422e+00 4.233995229884431055e-02
3.526930093765258789e+00 2.237233963650494817e-01
3.527549982070922852e+00 2.921786596853339496e-02
3.531120061874389648e+00 1.705408179979102379e-01
3.532180070877075195e+00 2.511661568643797082e-02
3.533499956130981445e+00 8.904202703937617869e-02
3.533509969711303711e+00 7.367121548017903365e-02
3.533930063247680664e+00 4.709503043237499992e-02
3.536679983139038086e+00 1.723682232118707233e-02
3.536959886550903320e+00 1.491464716040442062e-01
3.541660070419311523e+00 6.838851221558023274e-02
3.553960084915161133e+00 5.742330768025429716e-02
3.556819915771484375e+00 8.756720106329854425e-02
3.559190034866333008e+00 4.103250953761846537e-02
3.559540033340454102e+00 2.656858669359932201e-01
3.578340053558349609e+00 8.557174874638254214e-02
3.645139932632446289e+00 2.116781838309612085e-01
3.663650035858154297e+00 1.453774026533104502e-01
3.675390005111694336e+00 5.023986387749689031e-02
3.683949947357177734e+00 1.551893362200305881e-01
3.689320087432861328e+00 1.625517462255836598e-01
3.689630031585693359e+00 1.813287305189493770e-01
3.700390100479125977e+00 1.648663712584885060e-02
3.705600023269653320e+00 1.572532439707571561e-01
3.707750082015991211e+00 8.031642275402062214e-02
3.713769912719726562e+00 1.827951672619657075e-01
3.721420049667358398e+00 5.660385959367836284e-02
3.724270105361938477e+00 7.118748275514152901e-02
3.729840040206909180e+00 7.190623056362391297e-02
3.729850053787231445e+00 1.320034379507167288e-01
3.742170095443725586e+00 1.279856419574717519e-01
3.745630025863647461e+00 4.935620951059393330e-02
3.746670007705688477e+00 8.924643707680757210e-03
3.749789953231811523e+00 2.696875468342259038e-02
3.749890089035034180e+00 4.722106592174607487e-02
3.750720024108886719e+00 2.408070334523239320e-02
3.752919912338256836e+00 1.504351353275373837e-01
3.754379987716674805e+00 7.000496014232093778e-02
3.755000114440917969e+00 3.247586166183540762e-02
3.755340099334716797e+00 5.904452150788536136e-02
3.758290052413940430e+00 4.043851064392906675e-02
3.761679887771606445e+00 2.308440850142501680e-02
3.770390033721923828e+00 8.042910993551088961e-02
3.773299932479858398e+00 1.642135507733461647e-02
3.773590087890625000e+00 9.069616073195077566e-03
3.778170108795166016e+00 2.924178070899977749e-02
3.790040016174316406e+00 7.867693031398861891e-02
3.793060064315795898e+00 7.281769573916386205e-03
3.820640087127685547e+00 2.717262737266794292e-02
3.836620092391967773e+00 1.933598030180592661e-02
3.837510108947753906e+00 1.410341895016351266e-01
3.848160028457641602e+00 2.620057184053990046e-02
3.851180076599121094e+00 1.253204335418057515e-02
3.856810092926025391e+00 5.375251524901102085e-02
3.870650053024291992e+00 1.224350252089389732e-02
3.882719993591308594e+00 4.762245604205168209e-02
3.883610010147094727e+00 5.338542124020326241e-02
3.891190052032470703e+00 5.564675317988363595e-02
3.893219947814941406e+00 3.572683952358930021e-02
3.895390033721923828e+00 1.046302543325976220e-01
3.896100044250488281e+00 1.463500864273462876e-01
3.898730039596557617e+00 2.292058220859021292e-02
3.903439998626708984e+00 1.495774208140551176e-01
3.908449888229370117e+00 7.916021275837183124e-02
3.911390066146850586e+00 8.094427089421674104e-02
3.916019916534423828e+00 5.931035253413324826e-02
3.922339916229248047e+00 2.032527459523991442e-01
3.922349929809570312e+00 3.482661583421464008e-02
3.923219919204711914e+00 7.603004924694858890e-02
3.933629989624023438e+00 1.855065662919767183e-02
3.934449911117553711e+00 3.336381342273084943e-02
3.934750080108642578e+00 2.938285674711842155e-02
3.936160087585449219e+00 3.161266043725407399e-02
3.938329935073852539e+00 8.170491293964662893e-02
3.945549964904785156e+00 4.113734636394925093e-02
3.946010112762451172e+00 1.876151507533474205e-01
3.959100008010864258e+00 2.133010335525167833e-02
3.968899965286254883e+00 1.100563232898802840e-01
3.976249933242797852e+00 3.147651666859151848e-02
3.991950035095214844e+00 7.585295151991408580e-02
4.000440120697021484e+00 4.821034000195846547e-02
4.016489982604980469e+00 1.224756942074846922e-01
4.024380207061767578e+00 8.042863572497466196e-02
4.044020175933837891e+00 8.139996256753798121e-02
4.056550025939941406e+00 2.373740004621244237e-01
4.077640056610107422e+00 2.278404772471169237e-01
4.078090190887451172e+00 5.677587631883935365e-02
4.083189964294433594e+00 5.288471376799053908e-02
4.098159790039062500e+00 7.808547373981840345e-02
4.100749969482421875e+00 1.169550363146927424e-01
4.108310222625732422e+00 1.020552500253620459e-01
4.116509914398193359e+00 5.097721953773259873e-02
4.117109775543212891e+00 9.567486854351983649e-02
4.121500015258789062e+00 5.233952913506612070e-02
4.132520198822021484e+00 1.217077133621848883e-01
4.136650085449218750e+00 1.654215226912972639e-02
4.137989997863769531e+00 4.950908145704512736e-02
4.138239860534667969e+00 2.811459943996701821e-02
4.140150070190429688e+00 6.274697257783973248e-02
4.142590045928955078e+00 5.364913270112202370e-02
4.144320011138916016e+00 3.561097500289249485e-02
4.144780158996582031e+00 9.870424858902097920e-02
4.146860122680664062e+00 8.610405797737243072e-02
4.151860237121582031e+00 2.789078230748763820e-01
4.155879974365234375e+00 5.580361369011085232e-02
4.156720161437988281e+00 1.242222634171428336e-01
4.159860134124755859e+00 1.468156154272141078e-01
4.197820186614990234e+00 1.136342578639269185e-01
4.235970020294189453e+00 1.525886983894427784e-01
4.239369869232177734e+00 1.044472467683329187e-01
4.257860183715820312e+00 6.115717714201421296e-02
4.262380123138427734e+00 6.613888035507817231e-02
4.270380020141601562e+00 4.020887508905759272e-02
4.280069828033447266e+00 1.540762629089957036e-01
4.283349990844726562e+00 9.574236561026144843e-02
4.289539813995361328e+00 1.119297120079261604e-01
4.291319847106933594e+00 1.217177969437176488e-01
4.291490077972412109e+00 3.252705631604096287e-02
4.292759895324707031e+00 4.829419071932218310e-01
4.313759803771972656e+00 1.730596876963642894e-01
4.318419933319091797e+00 7.723013150984367470e-02
4.327169895172119141e+00 3.104329089829396260e-01
4.334380149841308594e+00 3.912845007583665852e-02
4.337590217590332031e+00 5.176958002106363255e-02
4.338779926300048828e+00 5.471798966143785053e-02
4.346330165863037109e+00 9.633028254248636110e-03
4.346469879150390625e+00 1.676203399731217014e-01
4.346630096435546875e+00 5.498000895516527708e-02
4.347650051116943359e+00 9.076634488796427036e-02
4.349450111389160156e+00 8.054006108623028293e-02
4.350389957427978516e+00 6.922456180392323744e-02
4.357649803161621094e+00 3.775281100465447542e-02
4.358610153198242188e+00 9.428506463075345123e-02
4.358709812164306641e+00 3.730090909626727902e-02
4.361889839172363281e+00 3.435442117681784813e-02
4.362830162048339844e+00 4.307024414444900196e-02
4.378540039062500000e+00 7.918470593216170306e-02
4.380390167236328125e+00 1.766692752531480101e-02
4.391280174255371094e+00 3.641215097686836821e-02
4.395410060882568359e+00 8.891853080528377973e-02
4.407159805297851562e+00 1.382361892550813265e-01
4.415400028228759766e+00 8.895022844471760504e-01
4.425590038299560547e+00 1.620795780856274307e-02
4.425660133361816406e+00 8.196687431296745263e-02
4.449059963226318359e+00 4.906006158584099580e-02
4.454390048980712891e+00 8.564042598824003760e-02
4.457409858703613281e+00 9.326435989415780836e-02
4.469799995422363281e+00 1.284103376752164238e-01
4.477970123291015625e+00 5.049298135855800895e-02
4.478879928588867188e+00 1.910778273080209200e-01
4.479810237884521484e+00 3.309662157681636518e-02
4.482299804687500000e+00 1.335827203543867303e-01
4.484389781951904297e+00 9.824486953582040050e-02
4.488470077514648438e+00 2.030154424600495444e-01
4.489009857177734375e+00 7.395195410272356606e-02
4.492509841918945312e+00 4.391580531598236053e-02
4.492579936981201172e+00 3.029720562994737687e-01
4.492710113525390625e+00 1.808658167327903132e-01
4.493969917297363281e+00 1.430555229021871211e-01
4.507180213928222656e+00 6.166154855397856099e-02
4.511889934539794922e+00 1.339460931146516376e-01
4.512050151824951172e+00 1.075487984035118777e-01
4.512450218200683594e+00 9.240497441230600961e-02
4.514259815216064453e+00 1.114119978979274533e-01
4.522250175476074219e+00 7.328949639101541014e-02
4.525899887084960938e+00 6.520184141998806859e-02
4.536069869995117188e+00 1.001168659482398471e-01
4.548510074615478516e+00 1.051234817156263823e-01
4.549089908599853516e+00 3.396682666078077450e-01
4.556980133056640625e+00 6.052629346724234388e-02
4.559450149536132812e+00 1.789514832235148956e-01
4.565509796142578125e+00 8.077668688294008248e-02
4.577829837799072266e+00 6.092797885697703170e-02
4.579339981079101562e+00 2.638434785969001051e-01
4.590270042419433594e+00 1.457459919319839259e-01
4.594130039215087891e+00 9.353520949226593051e-02
4.649789810180664062e+00 5.825266917703207648e-02
4.668839931488037109e+00 4.065458084415496387e-02
4.669760227203369141e+00 7.284047697421661138e-02
4.677330017089843750e+00 9.803521562581631044e-02
4.679029941558837891e+00 5.002904693633479782e-01
4.679160118103027344e+00 9.256530316479999465e-02
4.683410167694091797e+00 7.858235265673722825e-02
4.683670043945312500e+00 7.820596618576608483e-02
4.691790103912353516e+00 3.949186862075929061e-02
4.698840141296386719e+00 1.053142497349816853e-01
4.706319808959960938e+00 2.642320695991922513e-02
4.708439826965332031e+00 7.704061174164363035e-02
4.708869934082031250e+00 6.215559466343832662e-02
4.709959983825683594e+00 1.758041689641839378e-01
4.711470127105712891e+00 1.807041387698364240e-02
4.714600086212158203e+00 1.117825734173764560e-02
4.718009948730468750e+00 1.646071766268411840e-01
4.720650196075439453e+00 5.327560377630772420e-02
4.722280025482177734e+00 3.821900061501127405e-02
4.723040103912353516e+00 8.554112495799917615e-02
4.726830005645751953e+00 1.195689726851664747e-01
4.733160018920898438e+00 2.137235346668831526e-01
4.739190101623535156e+00 5.882501196714157859e-02
4.751039981842041016e+00 6.467441719227393082e-02
4.818840026855468750e+00 6.827260628051190494e-02
4.834370136260986328e+00 7.461321333851136939e-02
4.835130214691162109e+00 1.480985723628889528e-01
4.841829776763916016e+00 8.914812453990494934e-02
4.852429866790771484e+00 1.753590094560752988e-01
4.854139804840087891e+00 4.317382357876076160e-02
4.863639831542968750e+00 3.675447254091613464e-02
4.886700153350830078e+00 7.928487384484345091e-02
4.888780117034912109e+00 1.362200373831086997e-01
4.899209976196289062e+00 1.047442673912277328e-01
4.899209976196289062e+00 5.919700656278994305e-02
4.902329921722412109e+00 1.620671694575085697e-01
4.904250144958496094e+00 5.061376627797108813e-02
4.905560016632080078e+00 1.081733696046144610e-01
4.906670093536376953e+00 4.359015170066227879e-02
4.910449981689453125e+00 1.061710340203437380e-01
4.913030147552490234e+00 1.166707080484891967e-01
4.914030075073242188e+00 2.142339335965121050e-01
4.914869785308837891e+00 5.107664235178802081e-02
4.916470050811767578e+00 4.825851069249011832e-02
4.923930168151855469e+00 1.520187633704511987e-01
4.927430152893066406e+00 5.399546012085053998e-02
4.928150177001953125e+00 1.210759763231785135e-01
4.934959888458251953e+00 3.585322922359880649e-02
4.937059879302978516e+00 3.663920593413988458e-02
4.941209793090820312e+00 4.689894757869487313e-02
4.944729804992675781e+00 2.015305345359813191e-02
4.948299884796142578e+00 4.353634572602203823e-02
4.951550006866455078e+00 4.336306662699679348e-02
4.965849876403808594e+00 1.606340192462038519e-02
4.967860221862792969e+00 3.823798719812247782e-02
4.970990180969238281e+00 4.114824971069810239e-02
4.983200073242187500e+00 1.298363626685485328e-01
4.996540069580078125e+00 3.318371736399541860e-02
4.996860027313232422e+00 1.094847555283882945e-01
5.022459983825683594e+00 6.883407023619032838e-02
5.025050163269042969e+00 6.835290879970001843e-02
5.047739982604980469e+00 6.498749398044814662e-02
5.051559925079345703e+00 1.408326280523153062e-01
5.051790237426757812e+00 7.288093636344544768e-02
5.058080196380615234e+00 2.368643476722096658e-02
5.058489799499511719e+00 6.204468063921191739e-02
5.061739921569824219e+00 4.303677994517386002e-02
5.061960220336914062e+00 3.969980961952148529e-02
5.062839984893798828e+00 1.251002813018479987e-01
5.068960189819335938e+00 1.581542249822229587e-02
5.070879936218261719e+00 2.390396108170562625e-02
5.078810214996337891e+00 7.534231762424978274e-02
5.084609985351562500e+00 6.926537298518634089e-02
5.085410118103027344e+00 8.071240328713405465e-02
5.089099884033203125e+00 1.840870192368008473e-01
5.092579841613769531e+00 4.339369961652619206e-02
5.094250202178955078e+00 6.331530038453284104e-02
5.094679832458496094e+00 2.252844452926286434e-01
5.105700016021728516e+00 7.136034782820803446e-02
5.108300209045410156e+00 7.364963387069974055e-02
5.109590053558349609e+00 6.106815898783679586e-01
5.116819858551025391e+00 2.450948475531882984e-02
5.117680072784423828e+00 7.918868800623746207e-02
5.121200084686279297e+00 4.827434514108280145e-02
5.126820087432861328e+00 4.504412531502605122e-02
5.132170200347900391e+00 1.706544229080965147e-01
5.153800010681152344e+00 9.679384978859013888e-02
5.154689788818359375e+00 7.954442859887746187e-02
5.163589954376220703e+00 6.062826074120875042e-02
5.174809932708740234e+00 4.808836850711593891e-02
5.175650119781494141e+00 8.888451600798764896e-02
5.183559894561767578e+00 9.562027284772203761e-02
5.268030166625976562e+00 1.051847920309690598e-01
5.271880149841308594e+00 3.104678002507060830e-01
5.277140140533447266e+00 1.030537766046498022e-01
5.278359889984130859e+00 9.931759598969143454e-02
5.283390045166015625e+00 3.803761227157028552e-02
5.283410072326660156e+00 2.569766920170835078e-01
5.284299850463867188e+00 3.048902474073076144e-02
5.285850048065185547e+00 5.416502528078816214e-02
5.287079811096191406e+00 4.889760646590655263e-02
5.287220001220703125e+00 5.165667365488582630e-02
5.291299819946289062e+00 5.116612560729436737e-02
5.293580055236816406e+00 5.420457859952507867e-02
5.295539855957031250e+00 1.919955378730902606e-01
5.295609951019287109e+00 7.646024533225664888e-02
5.302440166473388672e+00 1.029875404052113391e-01
5.304240226745605469e+00 1.994363948570199510e-02
5.308279991149902344e+00 4.612433437468077546e-02
5.319880008697509766e+00 1.179325910542522865e-01
5.324890136718750000e+00 9.943235682076022319e-02
5.325530052185058594e+00 8.566414114311601477e-03
5.331339836120605469e+00 2.101013814472330876e-01
5.335800170898437500e+00 5.129550076806291964e-02
5.341090202331542969e+00 8.471946764273985409e-02
5.343339920043945312e+00 7.233097211272540572e-02
5.396359920501708984e+00 1.130497101221740186e-01
5.398479938507080078e+00 3.226748990783877558e-01
5.404590129852294922e+00 3.636906620201494356e-01
5.423989772796630859e+00 1.723876123673971084e-01
5.431439876556396484e+00 4.145304383119168684e-02
5.431610107421875000e+00 8.317593583233647003e-02
5.439080238342285156e+00 2.490866041420444210e-01
5.457369804382324219e+00 9.434834464341085303e-02
5.466879844665527344e+00 5.292411905130890437e-01
5.471260070800781250e+00 7.735208555737252412e-02
5.481969833374023438e+00 8.105011889023530647e-02
5.491230010986328125e+00 1.189404773012755767e-01
5.495850086212158203e+00 1.004930469339481436e-01
5.499010086059570312e+00 6.016513510002251958e-02
5.499040126800537109e+00 2.869396487463539425e-02
5.500889778137207031e+00 4.553962037968212889e-02
5.502600193023681641e+00 3.554712921346724064e-02
5.504380226135253906e+00 1.904765438297372770e-01
5.504779815673828125e+00 4.799844851687840031e-02
5.510280132293701172e+00 3.502116042275742192e-02
5.510700225830078125e+00 3.491819180142842483e-02
5.516280174255371094e+00 7.953887052420520465e-02
5.518970012664794922e+00 8.503929182309333257e-02
5.522170066833496094e+00 1.048067581338346377e-01
5.524809837341308594e+00 1.382429333188787274e-02
5.529459953308105469e+00 3.481899104670152512e-02
5.532820224761962891e+00 1.567101577326781570e-01
5.534140110015869141e+00 2.202848472671679186e-02
5.542699813842773438e+00 3.500225118236308802e-02
5.545340061187744141e+00 2.390306058024102911e-02
5.547470092773437500e+00 3.448351885672930328e-02
5.550849914550781250e+00 1.245902250665552602e-01
5.563189983367919922e+00 6.444150130037429314e-02
5.568299770355224609e+00 3.041621573287239463e-02
5.586259841918945312e+00 1.240165128879094636e-01
5.610779762268066406e+00 1.067901351492431539e-01
5.620440006256103516e+00 1.578170283556624420e-01
5.630430221557617188e+00 7.782508397469235784e-02
5.632880210876464844e+00 4.326223758051834373e-02
5.633590221405029297e+00 3.335491992716154569e-02
5.640180110931396484e+00 1.039608327796881157e-02
5.643380165100097656e+00 5.237132763637884075e-03
5.646540164947509766e+00 4.854255968797695914e-02
5.650839805603027344e+00 4.185398214630841468e-02
5.652470111846923828e+00 1.249092848512222270e-01
5.654459953308105469e+00 1.825075627401132328e-01
5.654809951782226562e+00 4.619937301802323065e-02
5.658180236816406250e+00 1.992474127276896989e-02
5.667059898376464844e+00 3.366287865439064608e-02
5.669939994812011719e+00 1.580430251911633666e-01
5.670159816741943359e+00 4.230287045981850902e-02
5.670380115509033203e+00 5.879566992317362961e-02
5.682620048522949219e+00 1.995988894197283092e-01
5.682769775390625000e+00 6.760227750283452630e-02
5.683370113372802734e+00 7.701201030860532759e-02
5.693960189819335938e+00 1.426832837523868067e-02
5.695809841156005859e+00 2.783351416015215907e-02
5.700469970703125000e+00 2.871395725510369340e-02
5.701089859008789062e+00 6.196861935815339145e-02
5.706160068511962891e+00 2.259106987507342734e-01
5.711530208587646484e+00 1.445279155318732189e-01
5.717430114746093750e+00 1.287951802622241682e-01
5.724080085754394531e+00 1.578458320399279136e-01
5.741759777069091797e+00 9.977351998324868187e-02
5.750520229339599609e+00 9.602959110783393371e-02
5.756010055541992188e+00 2.152017538913360561e-01
5.774630069732666016e+00 2.586997351726602612e-01
5.792910099029541016e+00 1.226590751237724430e-01
5.855649948120117188e+00 1.914755398106202100e-02
5.859889984130859375e+00 1.888611313891980503e-01
5.860109806060791016e+00 7.600378479876619686e-02
5.860489845275878906e+00 1.309123613049348878e-01
5.862329959869384766e+00 1.052157881683670956e-02
5.867829799652099609e+00 1.606811830008160122e-02
5.868289947509765625e+00 4.323355463697488993e-02
5.870180130004882812e+00 2.747784946739422196e-01
5.874410152435302734e+00 4.939965909848522546e-02
5.875370025634765625e+00 2.608002829279247869e-01
5.876080036163330078e+00 6.312296464633533610e-02
5.877639770507812500e+00 1.033748607635467942e-01
5.881969928741455078e+00 4.884519285852091663e-02
5.882050037384033203e+00 2.841307857033851386e-02
5.883629798889160156e+00 1.734739735988499384e-02
5.884319782257080078e+00 1.711464226450783443e-01
5.884449958801269531e+00 1.294489600951354014e-01
5.885419845581054688e+00 3.698732596031079067e-02
5.888770103454589844e+00 4.940111946326520426e-02
5.890349864959716797e+00 1.698400541280631060e-01
5.891679763793945312e+00 1.613517055463853378e-01
5.898220062255859375e+00 3.780443973305579880e-02
5.911099910736083984e+00 2.267221332726703231e-01
5.923180103302001953e+00 7.522380532518077589e-02
5.985929965972900391e+00 7.638292801994417403e-02
5.986959934234619141e+00 1.196101906643412399e-01
6.003119945526123047e+00 3.532285969435367684e-02
6.025229930877685547e+00 5.780442591561797683e-02
6.031479835510253906e+00 3.118008306789422923e-02
6.036290168762207031e+00 1.461356935073787888e-01
6.044720172882080078e+00 5.397843997082160672e-02
6.064539909362792969e+00 3.416333068026948527e-02
6.068210124969482422e+00 2.145975075311873717e-02
6.070119857788085938e+00 5.457350470042053592e-02
6.086070060729980469e+00 1.931447326917014318e-02
6.089059829711914062e+00 6.140509542217144345e-02
6.089809894561767578e+00 1.277782966580777169e-01
6.093669891357421875e+00 7.016510280455626192e-02
6.094600200653076172e+00 2.472523329882448523e-02
6.096759796142578125e+00 2.289630649402349741e-02
6.096849918365478516e+00 2.733105139623162594e-02
6.097280025482177734e+00 8.813732479816541177e-02
6.098090171813964844e+00 8.986407785062326681e-02
6.100599765777587891e+00 6.703552395064625580e-02
6.104469776153564453e+00 5.838117623834777892e-02
6.107120037078857422e+00 6.458633861333928916e-02
6.109789848327636719e+00 5.463590409308351215e-02
6.111670017242431641e+00 6.300173004040433844e-02
6.117050170898437500e+00 5.644676044651271429e-02
6.120240211486816406e+00 1.599292818320008705e-02
6.120510101318359375e+00 3.711332280572299941e-02
6.124239921569824219e+00 6.054827353691819708e-02
6.125649929046630859e+00 4.715321593640775522e-02
6.136330127716064453e+00 1.121681172063899445e-01
6.136950016021728516e+00 8.332249465668552235e-02
6.147830009460449219e+00 7.992196784553218247e-02
6.152949810028076172e+00 5.876056445473978179e-02
6.160799980163574219e+00 5.587830026455799931e-02
6.171239852905273438e+00 7.214770776726431301e-02
6.222149848937988281e+00 2.190479487004919415e-02
6.228260040283203125e+00 3.680815700728836543e-02
6.235390186309814453e+00 1.882521153597466537e-02
6.236539840698242188e+00 1.208889951487168192e-02
6.239699840545654297e+00 3.853544205307581072e-02
6.239900112152099609e+00 3.313339189432022019e-02
6.242599964141845703e+00 4.357371068695741444e-03
6.245860099792480469e+00 1.227328515408678267e-01
6.246419906616210938e+00 3.500914628075091350e-02
6.247099876403808594e+00 1.253142702028072486e-01
6.251570224761962891e+00 2.366673913411597788e-02
6.255050182342529297e+00 5.276177144190936225e-02
6.255360126495361328e+00 3.819288202926365144e-02
6.256120204925537109e+00 7.507357098590183853e-02
6.256430149078369141e+00 4.869734318908723603e-02
6.259809970855712891e+00 6.440483274226303789e-02
6.262030124664306641e+00 2.689208973500081465e-02
6.264979839324951172e+00 7.602237087070663757e-02
6.266809940338134766e+00 5.012254530510061590e-02
6.276440143585205078e+00 1.734592929882433632e-02
6.279109954833984375e+00 5.137898894546384654e-02
6.280859947204589844e+00 6.092784100302266193e-02
6.281770229339599609e+00 3.809100607956542039e-02
6.282430171966552734e+00 8.888570597987165145e-02
6.288010120391845703e+00 5.946752390005689143e-02
6.303430080413818359e+00 5.774208807436631563e-02
6.316420078277587891e+00 8.041018120388813972e-02
6.319739818572998047e+00 3.825736208905319152e-02
6.331039905548095703e+00 1.588553814191958347e-01
6.338829994201660156e+00 1.653323490802423579e-01
6.370870113372802734e+00 4.564211453040263600e-02
6.371769905090332031e+00 2.890640960364267986e-01
6.382979869842529297e+00 5.904509537939955227e-02
6.455389976501464844e+00 4.363441171109454925e-02
6.456769943237304688e+00 3.221648731214175609e-01
6.457149982452392578e+00 1.230088725935435667e-01
6.458179950714111328e+00 1.936762535089046541e-02
6.460239887237548828e+00 4.864797560084838102e-02
6.462029933929443359e+00 4.758835187253267207e-02
6.467559814453125000e+00 5.675125656088262499e-02
6.475699901580810547e+00 1.167167991315693799e-02
6.478489875793457031e+00 2.636512140469961935e-02
6.482659816741943359e+00 1.023379972483275391e-01
6.483310222625732422e+00 2.434097022675287825e-01
6.485109806060791016e+00 3.158510325542231434e-01
6.485819816589355469e+00 4.159254977022507765e-02
6.486470222473144531e+00 5.528076962856050963e-02
6.486690044403076172e+00 8.868615168537631599e-02
6.487460136413574219e+00 6.378960942260751554e-02
6.492119789123535156e+00 2.873616897325958347e-02
6.495269775390625000e+00 7.481125630009688443e-02
6.495999813079833984e+00 2.926451298637936307e-02
6.498139858245849609e+00 5.862481406207976226e-02
6.498400211334228516e+00 3.430756231644879195e-01
6.501999855041503906e+00 2.930687449431400027e-01
6.516379833221435547e+00 4.622047459203878356e-02
6.536409854888916016e+00 6.330323954630793226e-01
6.577129840850830078e+00 8.633696834076970417e-02
6.600399971008300781e+00 6.742354997008712103e-02
6.601200103759765625e+00 7.048516158885492766e-02
6.613689899444580078e+00 5.287808747623768540e-02
6.630690097808837891e+00 1.186204624044076214e-02
6.636159896850585938e+00 2.693879140836908520e-02
6.648560047149658203e+00 4.269399016779236444e-02
6.663889884948730469e+00 8.566107762392499714e-02
6.669050216674804688e+00 3.845929495365589534e-02
6.674230098724365234e+00 6.552486460138930990e-01
6.675370216369628906e+00 8.044258867418001280e-02
6.683479785919189453e+00 6.442711484604071726e-02
6.685919761657714844e+00 1.243670393371699850e-01
6.691609859466552734e+00 9.903689126087716899e-03
6.691979885101318359e+00 1.577975353632026304e-02
6.694469928741455078e+00 5.328387684064512901e-03
6.697229862213134766e+00 6.868517680227365085e-02
6.698440074920654297e+00 2.186627617356255715e-02
6.701109886169433594e+00 5.179850898458982639e-02
6.702559947967529297e+00 9.161236932497514654e-03
6.704130172729492188e+00 6.053618394071290376e-02
6.705760002136230469e+00 2.958297304573140329e-02
6.707479953765869141e+00 1.150862123183168523e-01
6.708740234375000000e+00 1.670822971995294254e-02
6.709640026092529297e+00 6.516483205826219260e-02
6.711390018463134766e+00 2.385694782120583585e-02
6.720349788665771484e+00 1.357737818292339624e-02
6.723989963531494141e+00 3.720979777031319796e-02
6.735499858856201172e+00 4.762020244892214982e-02
6.735509872436523438e+00 3.224770251960038664e-02
6.742529869079589844e+00 2.134749947126801661e-02
6.742760181427001953e+00 2.601910224759679605e-02
6.745150089263916016e+00 1.663832607255227580e-01
6.753220081329345703e+00 4.115441554067252733e-02
6.777420043945312500e+00 3.998463420943789565e-02
6.794320106506347656e+00 4.064531420834440606e-02
6.797389984130859375e+00 3.655254234155783100e-02
6.813859939575195312e+00 4.148735663536046170e-02
6.827189922332763672e+00 2.510471604095426690e-02
6.830200195312500000e+00 7.118394033330006920e-02
6.841579914093017578e+00 9.723190088809456622e-02
6.842889785766601562e+00 2.698673716648879867e-02
6.844009876251220703e+00 3.606733482754552467e-02
6.844260215759277344e+00 7.327694649156990363e-03
6.852310180664062500e+00 2.549927499360223060e-02
6.854259967803955078e+00 3.260170477932777811e-02
6.854770183563232422e+00 3.570956765313468284e-02
6.854939937591552734e+00 1.602964883946660091e-02
6.855249881744384766e+00 9.323935651759633625e-02
6.855939865112304688e+00 7.511830806664936133e-02
6.862520217895507812e+00 1.734125038317234357e-01
6.863790035247802734e+00 7.194004928871443327e-02
6.868390083312988281e+00 4.375145948090403830e-02
6.871300220489501953e+00 4.682704065414636935e-02
6.873089790344238281e+00 4.127663197163675135e-02
6.879320144653320312e+00 3.258339551434230597e-02
6.881519794464111328e+00 5.359538999728239578e-02
6.883840084075927734e+00 4.624648004385684824e-02
6.884250164031982422e+00 1.441803907948634444e-01
6.893370151519775391e+00 1.484477079044942693e-01
6.899610042572021484e+00 5.404368785296284616e-02
6.907489776611328125e+00 5.012799307543092803e-02
6.911019802093505859e+00 8.011305564905100984e-02
6.926179885864257812e+00 6.249623029494386084e-02
6.939780235290527344e+00 1.597496430370404508e-01
6.948140144348144531e+00 3.091851244072138516e-01
6.950530052185058594e+00 5.487538540793588521e-02
6.957049846649169922e+00 4.480078622971551683e-01
7.020269870758056641e+00 2.700884211018423353e-01
7.024069786071777344e+00 5.011918071509359474e-02
7.047760009765625000e+00 4.458459745551848069e-02
7.053120136260986328e+00 9.079417843031828417e-02
7.061409950256347656e+00 1.015048815784261038e-01
7.061729907989501953e+00 1.137617431942435919e-01
7.066420078277587891e+00 9.497154738271779140e-02
7.068109989166259766e+00 2.523302597935421845e-02
7.068699836730957031e+00 9.110726066947928692e-02
7.070610046386718750e+00 4.234903855168085929e-02
7.072609901428222656e+00 2.003004383253849940e-01
7.072820186614990234e+00 2.422804305039832629e-01
7.074260234832763672e+00 1.086595062597277284e-01
7.080120086669921875e+00 5.731556760601654033e-02
7.083059787750244141e+00 4.345824656455761492e-02
7.084589958190917969e+00 1.540405087402803852e-01
7.090889930725097656e+00 1.591221110929388893e-01
7.094200134277343750e+00 6.130085788054696894e-02
7.094230175018310547e+00 2.444770955974434334e-01
7.095099925994873047e+00 9.508429581032178113e-02
7.099510192871093750e+00 5.557583940704551306e-01
7.107510089874267578e+00 1.544091892507079289e-01
7.109469890594482422e+00 5.705839552995927572e-02
7.167079925537109375e+00 1.491248270234213080e-01
7.186610221862792969e+00 6.694946277770090493e-02
7.194789886474609375e+00 3.907888869832504275e-02
7.208250045776367188e+00 2.216201257695575022e-01
7.213990211486816406e+00 5.672465904938510384e-02
7.214089870452880859e+00 7.750157607895927225e-02
7.219749927520751953e+00 3.966363704676558605e-02
7.228859901428222656e+00 5.828517687160623267e-02
7.231490135192871094e+00 4.152911053896830157e-02
7.255720138549804688e+00 2.529825145009399062e-02
7.262090206146240234e+00 5.586819190454136302e-02
7.265810012817382812e+00 9.019877386781076367e-02
7.266809940338134766e+00 3.831610703937371465e-02
7.279139995574951172e+00 1.144742134035422465e-01
7.282730102539062500e+00 1.173201382973150519e-01
7.286260128021240234e+00 5.276042205057569767e-02
7.286379814147949219e+00 3.742488004157507042e-02
7.290619850158691406e+00 3.275451567770097661e-02
7.292749881744384766e+00 2.085408662722363360e-01
7.293240070343017578e+00 4.483178838460924465e-02
7.297160148620605469e+00 6.187939636947963062e-02
7.298210144042968750e+00 3.035801928294905305e-02
7.300559997558593750e+00 1.046710340316864551e-01
7.301390171051025391e+00 6.243346774975473690e-02
7.307740211486816406e+00 1.033849755464268938e-01
7.311530113220214844e+00 1.434278269777821690e-01
7.312019824981689453e+00 1.819348756117535604e-01
7.313049793243408203e+00 4.604429209586271415e-02
7.316140174865722656e+00 1.660249358289882932e-02
7.322450160980224609e+00 2.817546626699458587e-02
7.338200092315673828e+00 2.189705968276993778e-02
7.338850021362304688e+00 3.862289401659133037e-02
7.348539829254150391e+00 4.707323357101639294e-02
7.353119850158691406e+00 5.406229203205899919e-02
7.372930049896240234e+00 7.985396118869977911e-02
7.373760223388671875e+00 9.104020808369989171e-02
7.378630161285400391e+00 9.181915807742807231e-03
7.406219959259033203e+00 7.192032425722906241e-01
7.411590099334716797e+00 1.624086934122547787e-01
7.414750099182128906e+00 3.135481625410627832e-02
7.421070098876953125e+00 3.060699866826614712e-02
7.422920227050781250e+00 4.648686103224307364e-02
7.426809787750244141e+00 8.061676852603913424e-02
7.426949977874755859e+00 4.034102286559066580e-02
7.427529811859130859e+00 1.581681840013666324e-02
7.433619976043701172e+00 2.598452147597891601e-02
7.441699981689453125e+00 4.228229815354719867e-02
7.450009822845458984e+00 2.629723865797413060e-02
7.452539920806884766e+00 1.350727533173817496e-01
7.456910133361816406e+00 5.071017366312348396e-02
7.463659763336181641e+00 1.274719284892245237e-02
7.465300083160400391e+00 2.368243666691523253e-01
7.466939926147460938e+00 1.950535544403016533e-02
7.469709873199462891e+00 1.604246413394980753e-01
7.472859859466552734e+00 3.890513572644543894e-02
7.478730201721191406e+00 1.386833940856749270e-01
7.479849815368652344e+00 3.586996922974269864e-02
7.481850147247314453e+00 1.172886527781885763e-01
7.482590198516845703e+00 4.670846930523445129e-02
7.488739967346191406e+00 8.191650840597020089e-02
7.490059852600097656e+00 1.691658485756893926e-01
7.503660202026367188e+00 2.221381890599696471e-02
7.509640216827392578e+00 2.157134353921975056e-01
7.509980201721191406e+00 7.182973257121891275e-02
7.514239788055419922e+00 6.604366766262065314e-02
7.525629997253417969e+00 1.105113533756392902e-01
7.530489921569824219e+00 9.796997931206673227e-02
7.537260055541992188e+00 2.193762118070202716e-01
7.545279979705810547e+00 7.089016839197047337e-02
7.622320175170898438e+00 1.376284629284303118e-01
7.637179851531982422e+00 7.427402161357285482e-02
7.639259815216064453e+00 9.892580917988400002e-02
7.643330097198486328e+00 1.187791843465175190e-01
7.644499778747558594e+00 9.789614040873023670e-02
7.648210048675537109e+00 2.715018220858568185e-02
7.650330066680908203e+00 3.067369230871059768e-02
7.651760101318359375e+00 3.072948510256359039e-02
7.652669906616210938e+00 1.038729033601707291e-01
7.656320095062255859e+00 1.022437814760289027e-01
7.656330108642578125e+00 9.163352757896883749e-02
7.663919925689697266e+00 8.553932546140359527e-02
7.665380001068115234e+00 1.017111022056224473e-01
7.674680233001708984e+00 2.515887451126857521e-01
7.675449848175048828e+00 1.293114784749637564e-02
7.678999900817871094e+00 3.512100741648989666e-01
7.689290046691894531e+00 6.859195083269897797e-02
7.689809799194335938e+00 3.384726451001898728e-02
7.690849781036376953e+00 1.093775182101614368e-01
7.695849895477294922e+00 2.818001382681454073e-02
7.708069801330566406e+00 6.161805042762480422e-02
7.715899944305419922e+00 4.892231317414420105e-02
7.718009948730468750e+00 3.302976114904122851e-02
7.738430023193359375e+00 1.714286881792835837e-01
7.763090133666992188e+00 1.014082175751448434e-01
7.772999763488769531e+00 9.658541917258520182e-02
7.790410041809082031e+00 1.784881310192842629e-01
7.790900230407714844e+00 8.202085879388382184e-02
7.791510105133056641e+00 1.751696703396929122e-01
7.797599792480468750e+00 1.441162259943716724e-02
7.800839900970458984e+00 5.974290930381211118e-02
7.803289890289306641e+00 3.315725664212535589e-02
7.839320182800292969e+00 6.460546402985646586e-02
7.842760086059570312e+00 5.947204140324818811e-02
7.844240188598632812e+00 3.070238553512992866e-02
7.855840206146240234e+00 6.346104694883046571e-02
7.860819816589355469e+00 4.541206576905291309e-02
7.862100124359130859e+00 3.773650232415171057e-02
7.871880054473876953e+00 1.715742361434902108e-01
7.873310089111328125e+00 7.287600810414681524e-03
7.874020099639892578e+00 1.471007520290836847e-02
7.880380153656005859e+00 3.489504392543565370e-01
7.886769771575927734e+00 2.630759700937903081e-02
7.892670154571533203e+00 1.111398589673149168e-01
7.893149852752685547e+00 2.918577703509895108e-02
7.893400192260742188e+00 1.676657882714331360e-01
7.893489837646484375e+00 4.722590316551127793e-02
7.895130157470703125e+00 4.165921339681832175e-02
7.896530151367187500e+00 2.874621746374581566e-01
7.898970127105712891e+00 4.613126672243299253e-02
7.899489879608154297e+00 6.760754976316289688e-02
7.907400131225585938e+00 1.447075389543248658e-01
7.910570144653320312e+00 5.923523078672011249e-02
7.914750099182128906e+00 5.026096358581846196e-02
7.921710014343261719e+00 4.728382232898511311e-02
7.927400112152099609e+00 3.450391222635901256e-02
7.933199882507324219e+00 4.963296016223216894e-02
7.948520183563232422e+00 3.809582311272301236e-02
7.953629970550537109e+00 6.969117910470140620e-02
7.968860149383544922e+00 1.195581446265418374e-01
8.004929542541503906e+00 3.892424481987871027e-02
8.008669853210449219e+00 3.553228466789255802e-02
8.011870384216308594e+00 3.238700307704735215e-02
8.012450218200683594e+00 8.083230904646604431e-02
8.013950347900390625e+00 1.762464650669024954e-02
8.018529891967773438e+00 1.263403716447435501e-02
8.022089958190917969e+00 4.496099599735443181e-02
8.022970199584960938e+00 3.275352381737577784e-02
8.024370193481445312e+00 3.165370837426605133e-02
8.025779724121093750e+00 5.084934767831018193e-02
8.029350280761718750e+00 5.653844637621612684e-02
8.029439926147460938e+00 7.994717718994472089e-02
8.037659645080566406e+00 4.499786725094988282e-02
8.038579940795898438e+00 1.331532265400090509e-01
8.041359901428222656e+00 1.696983220112176574e-02
8.046420097351074219e+00 9.708768882905037534e-02
8.052639961242675781e+00 3.463002139974812044e-02
8.054220199584960938e+00 1.413131325870030652e-01
8.054820060729980469e+00 1.242812550505776187e-01
8.060130119323730469e+00 2.841232502395527049e-02
8.060279846191406250e+00 1.699069275946154742e-02
8.062829971313476562e+00 8.035401849663210971e-02
8.064829826354980469e+00 5.656602787950154587e-02
8.073180198669433594e+00 3.061223154456072307e-02
8.079389572143554688e+00 1.969514467040313632e-01
8.092940330505371094e+00 9.854899531694876202e-01
8.110300064086914062e+00 8.472285915522037580e-02
8.115889549255371094e+00 9.209279705279289907e-02
8.124340057373046875e+00 1.408613161363433397e-01
8.126520156860351562e+00 3.990740086786300767e-01
8.131569862365722656e+00 2.392966759029307999e-01
8.143250465393066406e+00 8.519049423490137052e-01
8.206560134887695312e+00 2.848822200003056637e-01
8.224849700927734375e+00 9.514610940238490966e-02
8.225720405578613281e+00 6.791523044687473865e-02
8.230629920959472656e+00 1.418948635614619355e-02
8.232009887695312500e+00 2.952287479547505838e-02
8.234849929809570312e+00 2.699239011619122830e-01
8.242500305175781250e+00 5.953525286535374383e-02
8.242799758911132812e+00 5.593153040994055386e-02
8.249030113220214844e+00 1.844820628657494188e-01
8.251600265502929688e+00 8.958388208552372708e-03
8.252160072326660156e+00 8.957840725167716400e-02
8.258680343627929688e+00 1.050375239286099188e-01
8.258850097656250000e+00 2.679114106937128398e-02
8.261030197143554688e+00 1.250867261183515877e-01
8.261210441589355469e+00 7.456790061501231658e-03
8.262120246887207031e+00 5.820063483868582327e-02
8.268329620361328125e+00 9.896778622325501373e-02
8.271180152893066406e+00 2.466243489214209675e-02
8.271719932556152344e+00 3.068239978633076001e-02
8.274689674377441406e+00 8.666807879984797514e-02
8.276659965515136719e+00 9.585221097327192852e-02
8.277999877929687500e+00 1.386859137930028865e-02
8.281109809875488281e+00 1.378326901796164128e-01
8.303420066833496094e+00 6.673569951567889791e-02
8.342709541320800781e+00 1.910803975090685503e-01
8.351869583129882812e+00 2.394116655609691557e-01
8.362549781799316406e+00 8.104189774185546757e-02
8.392660140991210938e+00 4.402757233882016730e-02
8.397339820861816406e+00 5.950249687590906944e-02
8.400159835815429688e+00 9.232000078760077555e-02
8.417019844055175781e+00 9.107440176753038574e-02
8.420330047607421875e+00 3.580761851339593627e-02
8.424320220947265625e+00 1.212535295422489667e-01
8.427029609680175781e+00 5.881899443193083776e-01
8.450340270996093750e+00 7.359776690696649692e-02
8.451479911804199219e+00 2.788899152944586124e-01
8.456040382385253906e+00 7.463012229232185435e-02
8.459329605102539062e+00 1.704370887566933890e-01
8.460940361022949219e+00 7.987286546415273136e-02
8.463640213012695312e+00 1.049165146788873931e-01
8.465290069580078125e+00 5.089428412093842391e-02
8.467120170593261719e+00 3.809895934907926024e-02
8.472889900207519531e+00 1.632405944620640981e-01
8.474080085754394531e+00 1.037827557790997057e-01
8.477860450744628906e+00 6.435549289471430290e-02
8.482020378112792969e+00 5.564106588313841861e-01
8.482319831848144531e+00 8.416522209573601421e-02
8.484310150146484375e+00 4.624329043074415502e-02
8.487489700317382812e+00 1.447499394313177257e-01
8.492329597473144531e+00 4.897858903902272548e-02
8.492799758911132812e+00 3.042996791112043478e-02
8.497110366821289062e+00 7.442486110413175371e-02
8.497839927673339844e+00 4.183441938381365910e-02
8.502380371093750000e+00 1.113001066752250801e-01
8.502969741821289062e+00 1.272102362940743803e-01
8.522290229797363281e+00 2.962290333012146046e-02
8.528280258178710938e+00 1.171800396916722470e-01
8.533650398254394531e+00 3.716421345688624561e-02
8.547780036926269531e+00 2.858231402125471429e-02
8.568710327148437500e+00 1.022038738534406521e-01
8.581379890441894531e+00 4.069203635213654302e-02
8.591659545898437500e+00 7.590159144721680962e-02
8.595170021057128906e+00 5.962977881544761355e-02
8.607339859008789062e+00 2.529071297384901176e-02
8.607709884643554688e+00 1.821624831652128296e-01
8.609180450439453125e+00 1.336793812195960496e-01
8.609539985656738281e+00 1.014364056307663686e+00
8.615509986877441406e+00 2.623880245056309929e-02
8.616749763488769531e+00 6.066824663240985571e-02
8.621970176696777344e+00 5.466719112621759580e-02
8.622599601745605469e+00 1.485380294143140156e-01
8.625370025634765625e+00 7.167259556669712539e-02
8.625960350036621094e+00 1.453521813516132355e-01
8.626330375671386719e+00 5.934927907225795440e-02
8.636699676513671875e+00 1.502162391452273038e-01
8.637299537658691406e+00 1.064419352106690808e-01
8.637929916381835938e+00 9.853134862386953019e-02
8.641949653625488281e+00 2.778727675194043664e-02
8.643670082092285156e+00 5.362167078767531014e-02
8.646309852600097656e+00 1.070790608394905363e-01
8.647439956665039062e+00 6.992543539282988774e-02
8.650939941406250000e+00 4.083078129852814320e-02
8.661259651184082031e+00 6.176443037979650885e-01
8.665809631347656250e+00 3.105808383599039102e-01
8.681320190429687500e+00 1.520104498664414938e-01
8.686019897460937500e+00 7.986964710858386607e-02
8.691909790039062500e+00 4.368209838979847381e-02
8.696330070495605469e+00 7.820479428360971319e-02
8.703700065612792969e+00 2.894357964047918758e-02
8.706190109252929688e+00 7.154618479691947364e-02
8.721509933471679688e+00 1.855854513788298688e-01
8.748840332031250000e+00 2.455239564414708753e-01
8.809490203857421875e+00 4.850807235274808005e-02
8.814920425415039062e+00 8.010057693491803854e-02
8.815150260925292969e+00 5.282271116825978940e-02
8.816889762878417969e+00 7.998015614818330954e-02
8.818229675292968750e+00 5.031718753598086319e-02
8.824830055236816406e+00 5.254362516954571433e-02
8.824999809265136719e+00 3.106808495299760026e-02
8.828809738159179688e+00 1.512141105069164382e-01
8.835180282592773438e+00 3.359299586362391593e-02
8.838170051574707031e+00 4.076310847440074020e-02
8.838210105895996094e+00 1.575093780821666331e-02
8.839209556579589844e+00 8.646704979797767074e-03
8.847129821777343750e+00 4.992188405350065500e-02
8.848629951477050781e+00 6.564242728488454970e-02
8.850500106811523438e+00 1.155264724223547118e-01
8.851039886474609375e+00 8.461558629117693631e-02
8.854860305786132812e+00 3.240595843548416122e-02
8.855239868164062500e+00 2.497889656211433607e-01
8.857029914855957031e+00 1.474996553085134443e-01
8.863849639892578125e+00 4.489042628534458540e-02
8.867170333862304688e+00 1.562238107925754127e-01
8.867770195007324219e+00 3.660077309136178236e-01
8.871450424194335938e+00 8.726797033981840979e-02
8.872289657592773438e+00 1.456431950420236307e-02
8.952289581298828125e+00 1.270767401467464142e-01
8.961620330810546875e+00 2.467716016487415953e-02
8.970560073852539062e+00 1.025733038155641902e-01
8.972140312194824219e+00 1.195156554296089718e-01
8.972949981689453125e+00 1.295966059585110797e-01
8.988670349121093750e+00 2.186583604185202839e-02
9.003549575805664062e+00 2.889957583692912002e-02
9.008480072021484375e+00 7.162484917402336948e-02
9.009280204772949219e+00 3.825934709657351912e-02
9.035880088806152344e+00 2.958888463112618883e-02
9.040180206298828125e+00 5.942861821836693120e-02
9.044850349426269531e+00 3.093758876923489651e-02
9.046719551086425781e+00 7.523812586775172062e-02
9.047389984130859375e+00 6.473754566150287382e-02
9.056799888610839844e+00 1.596017850663026261e-01
9.058639526367187500e+00 2.771491116980895897e-01
9.060299873352050781e+00 2.736532302952109919e-01
9.063110351562500000e+00 1.388753550692019556e-01
9.063229560852050781e+00 1.116401405835971417e-01
9.068690299987792969e+00 3.917500071144157381e-02
9.068840026855468750e+00 3.762331430867607573e-02
9.068900108337402344e+00 2.304285695948786114e-02
9.077050209045410156e+00 1.276949231282175148e-02
9.079170227050781250e+00 4.475318853770179905e-02
9.080699920654296875e+00 1.778505922723068178e-01
9.081529617309570312e+00 6.261648987411831679e-02
9.082119941711425781e+00 4.708680912978600863e-02
9.087779998779296875e+00 3.497131294049130035e-02
9.089189529418945312e+00 7.123707156430318654e-02
9.089340209960937500e+00 1.868970276929209778e-02
9.092020034790039062e+00 3.166499955952523787e-02
9.107390403747558594e+00 4.215999921453660731e-02
9.121199607849121094e+00 1.034839104535273391e-01
9.123490333557128906e+00 6.162553123516655018e-02
9.124320030212402344e+00 1.378094813049874912e-01
9.136309623718261719e+00 3.584318621679392913e-02
9.155989646911621094e+00 1.932186069214040236e-01
9.177780151367187500e+00 2.937017096169532507e-02
9.182250022888183594e+00 2.216781975959862885e-02
9.203760147094726562e+00 1.804789952223133376e-02
9.209959983825683594e+00 3.908610080088201905e-02
9.210370063781738281e+00 2.372273496532561338e-02
9.211600303649902344e+00 3.424614164841242175e-02
9.213669776916503906e+00 5.612516707413760242e-02
9.214509963989257812e+00 3.702685415919027001e-02
9.216489791870117188e+00 1.309724206898894017e-01
9.217120170593261719e+00 1.400586431240974372e-02
9.221850395202636719e+00 3.864888485908895416e-02
9.223090171813964844e+00 8.684399877679725710e-02
9.223250389099121094e+00 3.102666649728741954e-01
9.224120140075683594e+00 8.651253176881359974e-02
9.225330352783203125e+00 1.146414662449290189e-01
9.225460052490234375e+00 3.574797015168047765e-02
9.225580215454101562e+00 4.176845016179275144e-02
9.227140426635742188e+00 7.220216193433720564e-02
9.228949546813964844e+00 1.888562330742071249e-01
9.230959892272949219e+00 3.146515373707624991e-02
9.243229866027832031e+00 9.988947682004432893e-02
9.252380371093750000e+00 5.686083145797965477e-03
9.252949714660644531e+00 5.802240807752337415e-02
9.277549743652343750e+00 6.080474872792335228e-02
9.278670310974121094e+00 3.489777437760980261e-01
9.286490440368652344e+00 5.469275373930523876e-02
9.287690162658691406e+00 4.880615708801036567e-02
9.298179626464843750e+00 6.903423507970163353e-02
9.306819915771484375e+00 1.370727622269739265e-01
9.308039665222167969e+00 1.317189551344854492e-01
9.338669776916503906e+00 5.192926144522039822e-01
9.373729705810546875e+00 2.676112838713305964e-01
9.379540443420410156e+00 5.302252779156955975e-02
9.408189773559570312e+00 3.530951744831314909e-02
9.408800125122070312e+00 1.585939085542672766e-01
9.418990135192871094e+00 4.090411926071641641e-02
9.421110153198242188e+00 1.943010864278399419e-02
9.435569763183593750e+00 5.722671125992060542e-02
9.442649841308593750e+00 2.269139203347740955e-02
9.443260192871093750e+00 1.499020088035985521e-01
9.443349838256835938e+00 1.220285197192002846e-01
9.449959754943847656e+00 4.932362228512109786e-02
9.450639724731445312e+00 2.158166069029727185e-01
9.456230163574218750e+00 2.353915989977843071e-01
9.459469795227050781e+00 6.175751415209314310e-02
9.462820053100585938e+00 2.051692462410171711e-02
9.463740348815917969e+00 6.823864287528107198e-02
9.464730262756347656e+00 4.016852091870483366e-02
9.465709686279296875e+00 9.194602961251106821e-02
9.466259956359863281e+00 7.892599090957125307e-02
9.471400260925292969e+00 1.795139918409451585e-01
9.474880218505859375e+00 6.669705953047296021e-02
9.481360435485839844e+00 6.507679853827254279e-02
9.488739967346191406e+00 2.575008956660361156e-02
9.495450019836425781e+00 3.367853182368357040e-02
9.534629821777343750e+00 9.359333646976714105e-01
9.537509918212890625e+00 1.996553342097037997e-01
9.538660049438476562e+00 4.908887059215370496e-01
9.548839569091796875e+00 1.384664839215306864e-01
9.564240455627441406e+00 1.235800088505028677e-01
9.570030212402343750e+00 2.977015387816817071e-02
9.589509963989257812e+00 1.231358309922558486e-01
9.589920043945312500e+00 3.975472708436986746e-01
9.591750144958496094e+00 1.681453240735150401e-01
9.593509674072265625e+00 3.396381232785475324e-02
9.610269546508789062e+00 6.440457008471831002e-02
9.627909660339355469e+00 1.178383261515336455e+00
9.630260467529296875e+00 5.723947876152389591e-02
9.633640289306640625e+00 2.549649994932779995e-01
9.638319969177246094e+00 1.104895033463489940e-01
9.638560295104980469e+00 6.098595113564769798e-02
9.646619796752929688e+00 4.063741165865778493e-01
9.647239685058593750e+00 7.239652764013200514e-02
9.656270027160644531e+00 5.523010731954947072e-02
9.658729553222656250e+00 5.206635139523502903e-02
9.659709930419921875e+00 2.143030415257456134e-01
9.661089897155761719e+00 1.729688204795955253e-01
9.665539741516113281e+00 6.363256068969182222e-02
9.668990135192871094e+00 6.610361401019874787e-03
9.672730445861816406e+00 1.121075157630808533e-01
9.674850463867187500e+00 1.195199202838013869e-01
9.678409576416015625e+00 4.692191540383108990e-03
9.678830146789550781e+00 2.111037817122085603e-01
9.686039924621582031e+00 3.337153153905182690e-02
9.692299842834472656e+00 2.634592673392365664e-02
9.703289985656738281e+00 1.770312954971271224e-01
9.703570365905761719e+00 3.093627249914786617e-02
9.716369628906250000e+00 2.362814003469648760e-02
9.724749565124511719e+00 4.619442559102693996e-02
9.730500221252441406e+00 1.141748968823886212e+00
9.733880043029785156e+00 1.186377021251342062e-01
9.741499900817871094e+00 4.841396374025544458e-02
9.743069648742675781e+00 5.366821629903278240e-02
9.751290321350097656e+00 7.396997896085753810e-02
9.766050338745117188e+00 7.184784791433738993e-02
9.770939826965332031e+00 2.267605784758033316e-01
9.782070159912109375e+00 5.108017130626592295e-02
9.782199859619140625e+00 1.084085350875346188e-01
9.788640022277832031e+00 1.652547316880640105e-01
9.790349960327148438e+00 1.169719015695345476e-01
9.790809631347656250e+00 5.755131764008832723e-02
9.800620079040527344e+00 5.593164037094233015e-02
9.800950050354003906e+00 1.087056095217935781e+00
9.807709693908691406e+00 1.296862820629809177e+00
9.811289787292480469e+00 1.642764677973651000e-01
9.813329696655273438e+00 7.982901794415034336e-02
9.829939842224121094e+00 6.595264028331329631e-02
9.834320068359375000e+00 1.304635551227306955e-01
9.839369773864746094e+00 1.979962887609139632e-01
9.841670036315917969e+00 9.551024804041048644e-02
9.841990470886230469e+00 1.107809595137572711e-01
9.848480224609375000e+00 1.279156186272480511e+00
9.849160194396972656e+00 2.371972418607393440e-01
9.852720260620117188e+00 1.071758929338717525e-01
9.854379653930664062e+00 1.317013028202387026e-01
9.856840133666992188e+00 1.469035828674189817e-02
9.858810424804687500e+00 8.264814137045302378e-02
9.861269950866699219e+00 9.451763752357540405e-01
9.862569808959960938e+00 1.404232242206735259e+00
9.864549636840820312e+00 1.087897649850240733e-01
9.871430397033691406e+00 1.432415967795204192e+00
9.874500274658203125e+00 5.435722237441521082e-02
9.902310371398925781e+00 1.548513797678137960e-01
9.915209770202636719e+00 1.394303311210922658e+00
9.965760231018066406e+00 2.920961529375317722e-01
1.000249958038330078e+01 8.060794042883285826e-01
1.001519966125488281e+01 3.581199973592971153e-01
1.001939964294433594e+01 6.139181836661239400e-02
1.002000045776367188e+01 2.213901015725883992e-01
1.002050018310546875e+01 4.736042659546792211e-02
1.002060031890869141e+01 1.179518279133103142e+00
1.002359962463378906e+01 1.695250873675424041e-01
1.002449989318847656e+01 1.767692075016019659e-02
1.003149986267089844e+01 1.643207947053596241e-01
1.003369998931884766e+01 7.126927946553862636e-02
1.003460025787353516e+01 1.010611182196080149e+00
1.003629970550537109e+01 1.849889716140319662e-01
1.003940010070800781e+01 9.118982414253425928e-01
1.004500007629394531e+01 6.494102952780805849e-01
1.004580020904541016e+01 4.438180296528269064e-01
1.004800033569335938e+01 1.256777659496778110e+00
1.005869960784912109e+01 1.099237923011173512e+00
1.006250000000000000e+01 8.362835556545584748e-01
1.007030010223388672e+01 1.005951651646760370e-01
1.007250022888183594e+01 3.420615634136997540e-01
1.008860015869140625e+01 8.200136054460618884e-02
1.009200000762939453e+01 7.530616032798647108e-01
1.009850025177001953e+01 8.271895314088948403e-01
1.010509967803955078e+01 1.249539885306753945e-01
1.010849952697753906e+01 4.778522796783056248e-01
1.012059974670410156e+01 3.378052485740944411e-01
1.012349987030029297e+01 2.441760693174221120e-01
1.013010025024414062e+01 3.550592225709748861e-01
1.013119983673095703e+01 1.094439870130082815e-01
1.013440036773681641e+01 3.363907799762416162e-01
1.013980007171630859e+01 8.727412842706412377e-01
1.014360046386718750e+01 1.947917254140212551e+00
1.014560031890869141e+01 6.668832262566427582e-01
1.015419960021972656e+01 1.868255502475581198e-01
1.018579959869384766e+01 1.840333276001811791e-01
1.019229984283447266e+01 7.033343543529778641e-01
1.020180034637451172e+01 2.057632061048114025e+00
1.020300006866455078e+01 1.263209663043502129e+00
1.020349979400634766e+01 1.243431640278372274e+00
1.021240043640136719e+01 1.747220171474812123e+00
1.021689987182617188e+01 1.958516563890913553e-01
1.021780014038085938e+01 1.617231282518452884e-01
1.022640037536621094e+01 6.871886113762478709e-01
1.022850036621093750e+01 1.458163177684451139e-01
1.022889995574951172e+01 3.755815944258834582e-01
1.024330043792724609e+01 1.976000205473195104e-01
1.025389957427978516e+01 2.493063317021263214e-01
1.025619983673095703e+01 2.244290455196464862e-01
1.025650024414062500e+01 2.014712438821073814e-01
1.026220035552978516e+01 2.468052752148859053e-01
1.026389980316162109e+01 7.986795811711287774e-02
1.026420021057128906e+01 5.543625742343429863e-01
1.026480007171630859e+01 9.000305460950164260e-02
1.027159976959228516e+01 1.190711766652826631e+00
1.028120040893554688e+01 9.193123265743554651e-01
1.030039978027343750e+01 1.338307971250786432e-01
1.030169963836669922e+01 4.505075312609793103e-01
1.030370044708251953e+01 8.559710899038045495e-01
1.030609989166259766e+01 2.246269371774879620e+00
1.030729961395263672e+01 9.234842413890187451e-01
1.031149959564208984e+01 5.549185471357975796e-02
1.031989955902099609e+01 4.781418699317016019e-01
1.032100009918212891e+01 1.176535259046769186e-02
1.032450008392333984e+01 7.635800401553256844e-02
1.033689975738525391e+01 9.518884804112863751e-01
1.034179973602294922e+01 3.026205899717760994e-01
1.034739971160888672e+01 7.966363686028879454e-02
1.034790039062500000e+01 2.712680854974107714e-01
1.035249996185302734e+01 2.012936518779766953e-02
1.035319995880126953e+01 8.637680241505006906e-01
1.035620021820068359e+01 1.403862879610538184e-01
1.036310005187988281e+01 2.603850194862552744e-02
1.036690044403076172e+01 5.469871457102316592e-01
1.037380027770996094e+01 7.017524276174490483e-01
1.037629985809326172e+01 2.317477569035786278e-01
1.038220024108886719e+01 7.043298740486696463e-01
1.039410018920898438e+01 1.344795959699718879e-01
1.039939975738525391e+01 2.109378396944316947e-01
1.041989994049072266e+01 5.939853375430946825e-01
1.042819976806640625e+01 1.051947002757625649e+00
1.043840026855468750e+01 2.710457840212935898e-01
1.043949985504150391e+01 3.598517935842896476e-01
1.045100021362304688e+01 1.344999573789955161e+00
1.045160007476806641e+01 4.371063881407861729e-01
1.046850013732910156e+01 6.994345962058909905e-01
1.048999977111816406e+01 1.170458040525610199e+00
1.050609970092773438e+01 5.634903715090967546e-01
1.059679985046386719e+01 4.401183985846344321e-02
1.059910011291503906e+01 3.562750057599264331e-01
1.062209987640380859e+01 7.021772704799571496e-01
1.062699985504150391e+01 1.842079573375745433e-02
1.072869968414306641e+01 1.265295836279655382e-02
1.214789962768554688e+01 1.116458574461936734e-02
1.221490001678466797e+01 4.504744700211195108e-01
