4.244849830865859985e-02 4.506380635092933629e-01
4.773579910397529602e-02 1.030058286800825396e-01
6.405430287122726440e-02 7.736062322201489039e-01
7.812070101499557495e-02 3.849830661444325619e-01
7.847289741039276123e-02 2.006481333023155400e-01
9.290009737014770508e-02 5.735212565305533028e-01
9.967009723186492920e-02 5.824540845350512086e-01
1.037119999527931213e-01 2.068175955454827908e-01
1.111010015010833740e-01 9.370593016625643479e-01
1.168090030550956726e-01 9.032529040917949281e-01
1.326480060815811157e-01 7.500147543433691721e-01
1.332319974899291992e-01 5.171771822035167165e-01
1.347520053386688232e-01 7.041629967762383924e-01
1.361600011587142944e-01 1.817201006789022355e-01
1.531299948692321777e-01 1.323201901081279219e+00
1.540170013904571533e-01 1.590706847432049043e-01
1.668599992990493774e-01 1.680616925352356406e+00
1.677580028772354126e-01 1.327027426464346238e+00
1.695120036602020264e-01 5.697327942257226496e-01
1.740580052137374878e-01 1.011539105167066355e+00
1.918009966611862183e-01 2.624315477905895810e-01
1.918489933013916016e-01 7.578318884931325820e-03
2.040999978780746460e-01 4.841382828905032576e-01
2.060009986162185669e-01 1.127424810087968909e+00
2.136580049991607666e-01 8.073203881353539779e-02
2.171950042247772217e-01 3.950668881548616979e-02
2.215050011873245239e-01 7.250926174735731200e-01
2.272160053253173828e-01 1.175768859803967836e-01
2.300830036401748657e-01 5.912624481612893668e-01
2.336259931325912476e-01 1.110473174526902668e-02
2.418030053377151489e-01 7.599641009450239792e-01
2.466229945421218872e-01 1.431306868700688906e+00
2.494370043277740479e-01 1.313066730301079899e+00
2.502810060977935791e-01 7.327892949526161326e-01
2.557590007781982422e-01 3.826305354446511708e-02
2.638300061225891113e-01 1.583466519650616799e+00
2.668580114841461182e-01 4.321027703293944811e-01
2.671850025653839111e-01 2.423653477998514827e+00
2.674770057201385498e-01 5.029043457141894047e-01
2.719449996948242188e-01 2.502156151437230136e+00
2.772580087184906006e-01 7.317698386369154706e-01
2.776159942150115967e-01 1.904672011650270225e+00
2.846190035343170166e-01 5.771998150899946278e-01
2.934440076351165771e-01 2.764495249977245717e-01
2.972150146961212158e-01 2.811257790660141032e-01
3.032929897308349609e-01 1.577106737619915044e+00
3.098970055580139160e-01 9.019323894064568137e-02
3.117569983005523682e-01 4.709773030017351259e-01
3.131940066814422607e-01 1.003332958551307330e+00
3.161050081253051758e-01 1.195956068672003436e+00
3.209779858589172363e-01 5.917834116306885939e-01
3.237789869308471680e-01 2.459825575256902930e+00
3.241029977798461914e-01 1.949581623160397514e+00
3.318659961223602295e-01 9.148419796846113394e-01
3.372179865837097168e-01 2.037423874038649663e-01
3.417089879512786865e-01 9.865904871922993868e-03
3.474859893321990967e-01 7.300321620284129231e-01
3.757280111312866211e-01 6.672700346910434011e-01
3.877640068531036377e-01 1.109693150127095018e+00
3.892109990119934082e-01 1.005619050360967853e-01
4.008730053901672363e-01 4.531520658838587012e-01
4.078480005264282227e-01 1.640833881723712473e+00
4.143010079860687256e-01 7.545740062633351508e-01
4.210050106048583984e-01 1.892055802884553328e+00
4.277999997138977051e-01 1.580094116402096960e+00
4.427059888839721680e-01 1.004970714199762361e+00
4.484429955482482910e-01 2.944916108573660374e+00
4.510580003261566162e-01 6.763461583934399224e-02
4.532859921455383301e-01 3.187674373111208048e+00
4.729050099849700928e-01 1.616238780658499463e+00
4.744910001754760742e-01 9.345685004074647528e-01
4.759370088577270508e-01 1.358566230904076910e+00
4.765709936618804932e-01 2.155123449664476443e+00
4.766980111598968506e-01 4.594309232202833243e-02
4.768359959125518799e-01 1.595725575986640665e+00
4.780049920082092285e-01 2.354022874992020217e-02
4.794839918613433838e-01 1.383507016961436742e+00
4.805899858474731445e-01 1.187675906353483635e-01
4.876669943332672119e-01 3.705315502273918704e-01
4.878650009632110596e-01 1.150054482992270755e+00
4.887990057468414307e-01 1.155139954728331642e+00
4.931620061397552490e-01 1.205632193925877393e+00
4.951499998569488525e-01 2.941115577089059227e-02
5.072510242462158203e-01 2.195073029325605329e+00
5.113700032234191895e-01 8.323460739971472178e-02
5.185269713401794434e-01 1.636605863716888098e+00
5.263509750366210938e-01 5.014589973188025157e-02
5.323770046234130859e-01 8.679073582139498200e-01
5.325899720191955566e-01 7.768615444815858417e-01
5.326780080795288086e-01 1.218892999763576679e+00
5.334119796752929688e-01 5.792327024472324615e-01
5.395709872245788574e-01 2.041247970895809782e+00
5.509129762649536133e-01 1.900246083705260103e-01
5.526059865951538086e-01 5.536006750301699642e-01
5.633789896965026855e-01 8.291114063903529119e-02
5.690619945526123047e-01 4.329099139094428339e-01
5.741469860076904297e-01 1.876288550219196716e-01
5.764679908752441406e-01 2.997496078847466938e-01
5.781260132789611816e-01 1.567085081800338453e-01
5.792589783668518066e-01 2.771993927241878097e+00
5.802440047264099121e-01 1.531306694357784437e+00
5.929520130157470703e-01 3.570072667292593094e-01
6.128000020980834961e-01 1.601901949776658896e+00
6.135889887809753418e-01 6.282233801031904541e-01
6.164860129356384277e-01 1.098026420748244414e+00
6.181660294532775879e-01 7.409565752206528355e-01
6.212530136108398438e-01 5.930514712431997904e-01
6.239389777183532715e-01 2.728751031457633119e-02
6.440060138702392578e-01 1.909421828360617912e+00
6.607729792594909668e-01 7.953748561631717173e-01
6.618360280990600586e-01 6.592798737856089275e-01
6.620849967002868652e-01 8.285546752675523319e-01
6.885250210762023926e-01 2.450742443449135388e-01
6.983929872512817383e-01 6.932510230316062116e-02
6.985759735107421875e-01 1.694649992068266275e+00
6.992089748382568359e-01 8.624474793562386665e-01
7.064920067787170410e-01 1.283716731944521072e+00
7.067670226097106934e-01 2.323298500813598455e+00
7.152090072631835938e-01 1.212795040228712290e-01
7.243980169296264648e-01 4.285957519216882505e-01
7.248049974441528320e-01 2.819929182693879710e+00
7.320520281791687012e-01 7.239052235432820448e-02
7.336069941520690918e-01 1.467987074895193977e+00
7.418990135192871094e-01 7.758525835580853958e-01
7.431359887123107910e-01 2.118251722816540283e+00
7.465959787368774414e-01 1.614854744565561162e-01
7.501159906387329102e-01 1.031706310115763747e+00
7.540969848632812500e-01 1.832058132409063733e-01
7.547670006752014160e-01 1.090479299143404912e+00
7.554410099983215332e-01 1.184955396634883584e+00
7.570999860763549805e-01 6.054789705652290355e-01
7.628210186958312988e-01 6.761086826751838696e-01
7.676540017127990723e-01 1.152691932428774324e+00
7.680659890174865723e-01 2.228031130624258616e+00
7.715139985084533691e-01 4.758715054353935270e-01
7.728629708290100098e-01 1.433528932985752569e+00
7.733610272407531738e-01 1.638619374953668606e+00
7.787169814109802246e-01 1.064090584412697549e+00
7.991499900817871094e-01 4.807913052177366531e+00
8.027930259704589844e-01 2.517952440031485106e-01
8.053960204124450684e-01 1.388716485062060579e+00
8.188560009002685547e-01 1.032819687904374950e+00
8.198879957199096680e-01 8.190982414499937692e-01
8.282009959220886230e-01 2.219198142706964472e+00
8.374469876289367676e-01 2.119615209968648550e-01
8.393859863281250000e-01 3.733477239454149998e+00
8.530219793319702148e-01 1.720940279599515010e+00
8.598150014877319336e-01 1.087120794241622335e+00
8.647950291633605957e-01 6.423227989654044512e-01
8.708209991455078125e-01 8.634120191516218012e-01
8.755649924278259277e-01 1.508647741316830215e+00
8.807110190391540527e-01 1.266903831910035638e+00
8.831779956817626953e-01 1.220194987963140881e-01
8.854280114173889160e-01 9.891159364677080124e-01
8.911899924278259277e-01 5.472752368297741921e-01
9.004359841346740723e-01 2.146635836007005915e-01
9.004650115966796875e-01 1.231901141399707855e+00
9.050949811935424805e-01 9.419092933378700461e-02
9.179490208625793457e-01 6.450836044211696318e-01
9.274889826774597168e-01 1.592730876794613337e+00
9.348199963569641113e-01 1.793786912041499537e-01
9.373199939727783203e-01 1.004841237123853814e-01
9.381089806556701660e-01 9.281987468570837008e-01
9.514439702033996582e-01 2.672186518559370172e-01
9.557780027389526367e-01 1.673415624351372588e-01
9.568589925765991211e-01 5.235120570290372477e-01
9.598590135574340820e-01 2.240491360477448735e-01
9.729049801826477051e-01 8.930479732544553961e-01
9.759929776191711426e-01 2.658341538804573911e-01
9.765800237655639648e-01 1.072475512408416876e+00
9.789839982986450195e-01 5.947598208319129220e-01
9.800009727478027344e-01 7.888005813019824952e-01
9.818549752235412598e-01 1.210911937881858469e+00
9.935730099678039551e-01 5.964482846792129589e-01
1.005970001220703125e+00 3.457973161119255456e-01
1.014389991760253906e+00 1.172912888215957850e+00
1.047549962997436523e+00 2.113168841804163034e-01
1.047889947891235352e+00 3.065042416995172325e-01
1.051509976387023926e+00 1.507381453723468379e-01
1.064470052719116211e+00 1.298080191479725976e+00
1.068940043449401855e+00 1.191874646192311316e-01
1.085540056228637695e+00 6.392969198642937112e-01
1.089900016784667969e+00 1.215649493271727666e+00
1.098240017890930176e+00 1.193327233580150776e-01
1.099599957466125488e+00 8.838815355033960430e-02
1.106860041618347168e+00 1.329766526581056318e+00
1.111989974975585938e+00 1.078972589487506406e+00
1.113090038299560547e+00 3.810921685088209387e-01
1.117959976196289062e+00 9.416156278034394367e-01
1.120530009269714355e+00 9.267630059802252074e-01
1.125980019569396973e+00 1.002487681741507597e+00
1.126489996910095215e+00 7.158578915588933445e-01
1.142339944839477539e+00 9.229924802005695650e-01
1.145730018615722656e+00 4.478658358932254835e-01
1.151200056076049805e+00 5.920632875787945615e-01
1.152050018310546875e+00 4.133255000885619618e-02
1.152379989624023438e+00 3.675788775076724302e-01
1.152539968490600586e+00 1.041647612225788805e-01
1.155990004539489746e+00 3.190486728917951709e-01
1.156610012054443359e+00 7.437558858779146354e-01
1.156900048255920410e+00 2.008762836509209171e-01
1.158990025520324707e+00 2.239148705280715745e-01
1.162320017814636230e+00 1.689668815467956220e-01
1.166679978370666504e+00 1.400484258109863100e-01
1.173120021820068359e+00 1.858739742196650335e-01
1.179720044136047363e+00 9.871636199904060271e-01
1.183019995689392090e+00 8.391186418791841684e-01
1.184080004692077637e+00 1.054469252738502671e+00
1.189450025558471680e+00 1.484133374516973358e+00
1.192199945449829102e+00 3.704309039991593999e-01
1.201429963111877441e+00 8.420987866780474951e-01
1.205729961395263672e+00 6.745310844783443116e-01
1.220430016517639160e+00 9.327045422819407738e-01
1.227090001106262207e+00 5.950571150489015748e-01
1.232280015945434570e+00 1.077779662533665528e-01
1.233450055122375488e+00 9.361683329908739859e-01
1.246760010719299316e+00 2.172462957002170736e+00
1.250460028648376465e+00 7.825771778901271514e-01
1.255970001220703125e+00 7.515655445882993835e-01
1.258829951286315918e+00 1.080842338213339859e+00
1.260519981384277344e+00 4.144692687186484759e-01
1.269320011138916016e+00 1.541230163162180533e+00
1.291319966316223145e+00 3.149491585303630714e+00
1.292209982872009277e+00 1.105339376960393860e+00
1.301659941673278809e+00 1.215056272085265787e+00
1.308349967002868652e+00 1.798344172621058501e+00
1.316269993782043457e+00 2.482927415773845681e-01
1.318799972534179688e+00 2.171997608514451839e-01
1.322029948234558105e+00 7.742891373952706657e-02
1.337919950485229492e+00 7.648254033380493810e-01
1.340190052986145020e+00 9.866354479067980243e-01
1.348070025444030762e+00 7.648188991190860708e-01
1.382760047912597656e+00 1.327655333164666551e+00
1.384009957313537598e+00 1.399512811196668594e+00
1.394629955291748047e+00 4.425277030604407580e-01
1.395699977874755859e+00 9.351968056444488475e-01
1.402999997138977051e+00 7.742083751038599804e-01
1.403710007667541504e+00 7.405178084783656800e-01
1.407559990882873535e+00 9.261717554520580986e-01
1.407729983329772949e+00 2.274137855839978961e+00
1.410400032997131348e+00 2.021725869723414448e-01
1.412400007247924805e+00 4.174477017882879254e-02
1.413210034370422363e+00 1.064180236117026945e+00
1.415179967880249023e+00 7.068743998308815168e-01
1.417619943618774414e+00 3.492722729422501615e-01
1.423640012741088867e+00 2.181259305859052144e+00
1.428969979286193848e+00 1.152958497490922607e+00
1.431789994239807129e+00 6.414847535882765850e-02
1.435580015182495117e+00 3.659539847153792658e-01
1.441679954528808594e+00 6.038167956808826453e-02
1.442620038986206055e+00 3.543152867166341619e-02
1.452829957008361816e+00 2.486214982050139743e-01
1.462630033493041992e+00 1.996936931592001307e-01
1.471889972686767578e+00 1.096994030388441094e-01
1.473819971084594727e+00 1.139750042328913526e+00
1.500239968299865723e+00 1.293213060833871220e+00
1.516209959983825684e+00 4.966408902212346987e-01
1.520419955253601074e+00 3.560777826138437074e-01
1.525689959526062012e+00 1.911953687989506045e-01
1.535099983215332031e+00 1.934025482597152124e+00
1.537350058555603027e+00 2.119094363290166261e-01
1.543210029602050781e+00 2.470664510666211178e-01
1.547320008277893066e+00 9.743820556337094985e-01
1.548720002174377441e+00 1.433782318568160408e+00
1.552569985389709473e+00 5.478257104068148808e-02
1.558069944381713867e+00 4.959055670123586057e-01
1.558959960937500000e+00 2.441285684224251185e+00
1.564540028572082520e+00 5.759886736195063417e-01
1.573089957237243652e+00 2.439627782811960022e-01
1.575459957122802734e+00 2.823385809618765840e-01
1.576169967651367188e+00 7.719490311705732299e-01
1.577579975128173828e+00 1.150779911135486472e-01
1.578230023384094238e+00 1.130614923887538481e+00
1.579020023345947266e+00 8.335270875104888733e-01
1.581609964370727539e+00 1.361903050305921958e+00
1.589159965515136719e+00 1.994484409449398254e-01
1.591050028800964355e+00 5.350548288384597839e-01
1.596439957618713379e+00 5.170836031879448846e-01
1.611829996109008789e+00 3.672139261689754131e-01
1.618929982185363770e+00 9.624597974634359066e-01
1.620489954948425293e+00 3.856765964170963956e-01
1.625659942626953125e+00 1.011142023810492341e-01
1.632830023765563965e+00 6.332072792108686121e-01
1.635249972343444824e+00 1.020147682866187344e-01
1.641080021858215332e+00 7.189890334454536180e-01
1.643740057945251465e+00 2.421847947206940549e-02
1.651659965515136719e+00 1.220847421397439181e+00
1.661190032958984375e+00 1.487692033208136699e+00
1.662060022354125977e+00 7.792019323213725812e-01
1.691030025482177734e+00 1.707942757609593187e-01
1.708729982376098633e+00 1.269694176115252704e+00
1.710639953613281250e+00 1.216603118984328935e+00
1.717599987983703613e+00 2.287206779649478827e-01
1.718750000000000000e+00 1.924122206738396734e+00
1.724480032920837402e+00 8.803929034060097025e-02
1.728829979896545410e+00 2.088370149181809410e+00
1.738669991493225098e+00 1.110226975956501022e-01
1.741189956665039062e+00 7.551622965950105515e-01
1.751649975776672363e+00 6.274389422858003829e-02
1.756410002708435059e+00 3.128580696401282446e-01
1.763380050659179688e+00 1.768522717534928845e-01
1.767339944839477539e+00 1.330543158874572529e-01
1.768360018730163574e+00 3.311920452329111808e-02
1.768419981002807617e+00 6.154596124835959303e-01
1.780709981918334961e+00 2.008753739153863460e-01
1.781559944152832031e+00 1.852471471263154923e+00
1.782320022583007812e+00 1.142903373062027217e-01
1.783179998397827148e+00 6.522362022018659555e-01
1.789080023765563965e+00 9.319470909734550723e-02
1.790680050849914551e+00 1.246797418954583847e+00
1.796640038490295410e+00 7.394864542116582617e-01
1.799010038375854492e+00 4.381946701626706492e-02
1.821089982986450195e+00 1.128612245911995604e+00
1.823719978332519531e+00 3.922549772828253789e-01
1.830940008163452148e+00 1.643525166460099163e+00
1.837610006332397461e+00 5.220872493162020955e-01
1.843840003013610840e+00 4.479454613213478265e-01
1.844990015029907227e+00 3.882081854307165014e-02
1.846940040588378906e+00 1.231812004095850926e-01
1.854220032691955566e+00 1.806325894727906389e+00
1.864109992980957031e+00 1.236453496205509872e-01
1.868379950523376465e+00 1.727304968759323378e-01
1.887940049171447754e+00 4.302804218047305562e-02
1.888849973678588867e+00 8.096901294288536555e-01
1.897099971771240234e+00 7.754116225234390924e-01
1.918400049209594727e+00 7.199322950405205868e-01
1.918490052223205566e+00 2.414812049592083731e+00
1.928570032119750977e+00 8.912854916743653266e-01
1.939720034599304199e+00 1.091991923636818351e-01
1.948199987411499023e+00 6.166209079765456735e-01
1.957389950752258301e+00 1.816377869948344048e-01
1.961359977722167969e+00 6.280196694799303758e-01
1.976140022277832031e+00 1.987618741980848869e-01
1.978189945220947266e+00 6.997346661388568201e-01
1.980139970779418945e+00 3.125950840862247726e-01
1.983340024948120117e+00 2.934668256357630955e-01
1.985599994659423828e+00 3.418410508070606618e-02
1.993690013885498047e+00 1.228804265439055188e-01
2.002249956130981445e+00 1.015506055469602986e-01
2.009010076522827148e+00 5.320546490461800504e-01
2.012459993362426758e+00 1.949309771083150566e-01
2.017009973526000977e+00 1.007574416792422767e-02
2.020550012588500977e+00 1.284344722807159722e-01
2.021559953689575195e+00 1.308083932596804111e-01
2.041480064392089844e+00 2.670128908724802436e-02
2.045680046081542969e+00 3.585988510628563414e-02
2.052109956741333008e+00 1.318003884407389359e+00
2.059689998626708984e+00 1.050124087255472904e+00
2.069659948348999023e+00 2.045989120359196015e-02
2.075730085372924805e+00 1.202375766239104082e-01
2.078649997711181641e+00 1.541921687180136946e-01
2.088560104370117188e+00 4.392678621476965584e-02
2.089890003204345703e+00 8.930081117982429095e-01
2.104500055313110352e+00 1.223301884954674373e-01
2.105829954147338867e+00 9.731899655141409977e-02
2.117100000381469727e+00 8.305972155418561709e-01
2.117850065231323242e+00 8.654197047477406313e-02
2.119179964065551758e+00 1.403576960797596751e+00
2.120739936828613281e+00 1.361073724744275848e-01
2.123769998550415039e+00 5.606420955268771600e-01
2.133850097656250000e+00 5.427276023210987621e-02
2.136840105056762695e+00 2.150730889084200709e-02
2.149830102920532227e+00 1.126596487823353226e-01
2.157419919967651367e+00 8.855080355960738558e-02
2.159650087356567383e+00 3.593995649438830320e-02
2.165560007095336914e+00 7.336710312739972428e-01
2.168879985809326172e+00 1.718806971815611540e-01
2.170650005340576172e+00 1.067230479838326695e-01
2.172990083694458008e+00 8.136978665257823540e-01
2.182379961013793945e+00 1.319652370425693777e-01
2.184299945831298828e+00 1.557054635420391242e-01
2.193860054016113281e+00 2.605579842260001278e-01
2.194859981536865234e+00 2.218195667746479527e-01
2.199160099029541016e+00 2.157180979901688611e-01
2.218060016632080078e+00 1.360251318918640484e-01
2.221750020980834961e+00 1.155695317110932152e-01
2.225990056991577148e+00 1.382595444862468326e-01
2.228100061416625977e+00 1.239331478914997425e-01
2.235460042953491211e+00 5.057242375810640928e-02
2.240789890289306641e+00 8.932329302840054386e-02
2.248830080032348633e+00 1.298800104276420120e+00
2.251840114593505859e+00 2.080770584809187307e-01
2.261950016021728516e+00 9.180159769230167299e-02
2.267460107803344727e+00 7.438088432729828003e-02
2.275010108947753906e+00 1.956227984620599880e-01
2.294850111007690430e+00 7.294265557967114511e-01
2.299410104751586914e+00 3.901045467902394259e-01
2.346590042114257812e+00 6.394427060971510923e-02
2.353660106658935547e+00 1.433872144469587329e-01
2.361020088195800781e+00 1.218882652357100999e-01
2.362720012664794922e+00 1.999198728484416487e-01
2.373939990997314453e+00 7.039332903251083184e-02
2.393980026245117188e+00 6.597634354856549699e-01
2.402139902114868164e+00 5.643234865685310686e-02
2.404220104217529297e+00 2.107555396972453712e-02
2.408109903335571289e+00 1.820939862669397058e-01
2.419229984283447266e+00 1.645024365237636732e-01
2.419280052185058594e+00 7.551526470485200870e-02
2.424789905548095703e+00 5.117297928782917060e-02
2.425590038299560547e+00 3.646996604974136469e-01
2.425879955291748047e+00 9.579700079153843917e-02
2.430710077285766602e+00 7.060587426942236400e-01
2.431149959564208984e+00 8.354619810465908902e-02
2.437170028686523438e+00 6.300660488577283225e-01
2.437259912490844727e+00 1.253185971829858525e-01
2.455699920654296875e+00 1.825074025177382819e-01
2.461390018463134766e+00 1.280280338022951603e-01
2.468970060348510742e+00 1.148088627321920824e-01
2.471909999847412109e+00 1.422628765248461769e-01
2.478159904479980469e+00 8.996232779292559489e-02
2.478640079498291016e+00 1.289754424658004495e-01
2.482460021972656250e+00 4.129194653966506562e-02
2.482759952545166016e+00 2.865714494389962619e-01
2.517050027847290039e+00 9.128290137164209173e-02
2.534229993820190430e+00 1.876894515784490736e-01
2.544579982757568359e+00 8.438718960817986892e-02
2.554039955139160156e+00 1.859001805020529807e-02
2.561789989471435547e+00 1.278925962909422537e-02
2.581249952316284180e+00 1.290034434034692534e-01
2.582920074462890625e+00 9.994465055126364184e-02
2.585210084915161133e+00 1.036365930426917936e-01
2.589649915695190430e+00 2.795785013298539567e-01
2.593080043792724609e+00 1.346273262335966892e-01
2.594890117645263672e+00 5.365855744389432663e-02
2.598020076751708984e+00 9.951729284428632860e-02
2.598809957504272461e+00 1.005224352870228710e-01
2.605360031127929688e+00 1.560366695585179153e-01
2.609539985656738281e+00 1.547598586196714532e-01
2.609780073165893555e+00 1.168133806879325248e-01
2.610869884490966797e+00 1.122840715448818194e-01
2.615930080413818359e+00 6.556526550884224369e-02
2.616149902343750000e+00 6.681779152818781431e-02
2.628149986267089844e+00 5.521038329003653822e-02
2.634769916534423828e+00 7.299542717206719544e-02
2.639659881591796875e+00 1.054552374985624347e-01
2.645610094070434570e+00 1.583948248221095367e-02
2.645859956741333008e+00 3.688446819370144736e-02
2.647469997406005859e+00 1.492793667848213608e-02
2.654680013656616211e+00 2.124421203349053516e-02
2.659120082855224609e+00 1.091418135182978810e-01
2.668459892272949219e+00 1.204667279152614040e-01
2.672729969024658203e+00 1.147936457866093607e-01
2.675199985504150391e+00 8.196568403279194670e-02
2.681190013885498047e+00 6.115270323059596863e-02
2.698750019073486328e+00 1.821751719629937927e-01
2.729020118713378906e+00 4.118402129931628131e-02
2.735300064086914062e+00 1.297128877955406878e-01
2.746059894561767578e+00 3.579295726182769172e-02
2.755599975585937500e+00 5.863285062433279959e-01
2.766239881515502930e+00 2.533880447563605434e-02
2.768559932708740234e+00 6.821503211729691707e-02
2.772160053253173828e+00 1.152085109926093837e-01
2.777169942855834961e+00 2.498898405003684153e-02
2.783610105514526367e+00 2.422155024173180959e-02
2.784199953079223633e+00 7.202156657402124240e-02
2.785619974136352539e+00 5.508872050733825548e-02
2.790349960327148438e+00 1.940209379835510506e-01
2.793790102005004883e+00 2.040139422133860347e-01
2.798599958419799805e+00 1.849259761983766404e-01
2.804739952087402344e+00 7.419211877151006551e-02
2.806070089340209961e+00 2.874085905105872724e-02
2.806740045547485352e+00 1.075611158609397211e-01
2.811059951782226562e+00 7.326936869256507612e-02
2.815579891204833984e+00 9.032502660341576450e-02
2.819439888000488281e+00 2.415484985502937276e-01
2.824359893798828125e+00 5.795513665694537742e-02
2.826149940490722656e+00 2.143706744623112906e-02
2.829149961471557617e+00 3.038663532405453532e-02
2.830980062484741211e+00 6.759372938181304469e-02
2.834510087966918945e+00 1.391012751916074347e-02
2.838000059127807617e+00 1.802813834180861663e-01
2.843389987945556641e+00 7.936436074398445575e-03
2.845999956130981445e+00 1.433422701010544364e-01
2.848829984664916992e+00 4.517880026072296912e-02
2.850430011749267578e+00 2.312364141633382053e-01
2.908540010452270508e+00 1.077005568051959267e-01
2.957479953765869141e+00 1.756801427922596512e-02
2.973030090332031250e+00 1.352645069528917998e-01
2.982229948043823242e+00 2.789835664989217048e-02
3.004489898681640625e+00 1.411093624461635943e-01
3.006989955902099609e+00 3.303443325476335679e-01
3.007760047912597656e+00 4.338122857772364754e-02
3.008130073547363281e+00 6.416280453502588577e-01
3.012540102005004883e+00 1.705460344658427108e-01
3.013200044631958008e+00 8.975704167735482769e-03
3.019979953765869141e+00 7.983543893314246076e-02
3.023169994354248047e+00 2.346591558304324948e-02
3.028929948806762695e+00 1.064696697919391699e-01
3.031970024108886719e+00 1.364381699158992434e-01
3.032259941101074219e+00 5.621674814593800862e-02
3.037199974060058594e+00 9.240292968556720887e-02
3.040450096130371094e+00 1.399383718510258286e-02
3.040580034255981445e+00 3.682558628443990956e-02
3.041699886322021484e+00 1.196842897787492727e-01
3.043999910354614258e+00 5.319068452492831112e-02
3.048180103302001953e+00 3.610655591753510196e-02
3.052530050277709961e+00 6.943965731240062111e-02
3.060199975967407227e+00 2.160786288490621973e-02
3.061680078506469727e+00 2.256898968499939512e-02
3.061719894409179688e+00 1.049742780126568936e-01
3.064409971237182617e+00 1.086199181086915516e-01
3.064759969711303711e+00 5.037160007708442466e-02
3.078550100326538086e+00 4.277108732498846599e-02
3.093559980392456055e+00 1.719969486530109962e-02
3.098649978637695312e+00 6.947550762681925507e-02
3.100480079650878906e+00 1.441955799838585406e-01
3.106739997863769531e+00 1.196835978039185178e-01
3.109780073165893555e+00 1.753012909028224542e-02
3.144999980926513672e+00 1.381156140602326776e-01
3.153439998626708984e+00 1.845192745794454678e-02
3.166280031204223633e+00 2.046649210894074811e-02
3.167720079421997070e+00 8.641245582300721706e-02
3.171530008316040039e+00 5.293127128011072824e-02
3.173180103302001953e+00 2.062481099444835042e-02
3.173729896545410156e+00 8.069865146838819947e-02
3.176409959793090820e+00 8.666050061452396092e-02
3.176490068435668945e+00 2.430624671249802596e-02
3.182149887084960938e+00 5.930247851561368938e-02
3.184629917144775391e+00 3.122606414067301273e-02
3.185659885406494141e+00 1.092958933597915488e-01
3.187309980392456055e+00 1.021824516227703705e-01
3.187939882278442383e+00 1.257654685279911977e-01
3.196650028228759766e+00 9.906707388679347748e-02
3.197299957275390625e+00 8.252077873235756644e-02
3.198290109634399414e+00 1.507602270529526285e-02
3.199330091476440430e+00 3.687573141078508837e-02
3.205009937286376953e+00 2.216408297973421898e-02
3.215480089187622070e+00 9.850289678358500889e-02
3.220309972763061523e+00 5.412085868371591113e-02
3.222359895706176758e+00 2.332879898371993665e-02
3.224600076675415039e+00 2.353960839724891091e-02
3.226890087127685547e+00 6.009217446734258644e-02
3.227360010147094727e+00 2.222748717702011101e-02
3.239480018615722656e+00 4.583469957626803981e-02
3.264709949493408203e+00 6.613871745015338643e-02
3.265350103378295898e+00 1.338337821250863424e-01
3.278059959411621094e+00 1.402030062539434685e-02
3.283469915390014648e+00 9.547699747560801919e-02
3.285710096359252930e+00 1.798734370368452462e-01
3.287940025329589844e+00 3.142828181374186097e-02
3.317660093307495117e+00 6.149049900308977551e-02
3.325170040130615234e+00 3.829283511849589788e-02
3.327699899673461914e+00 4.931391302951119299e-02
3.368210077285766602e+00 5.158605360479762147e-02
3.373869895935058594e+00 5.935189364795998013e-02
3.378240108489990234e+00 6.431468039441362583e-02
3.391170024871826172e+00 1.353350474731769282e-01
3.392149925231933594e+00 4.543387999632942514e-02
3.393579959869384766e+00 1.832683067555034018e-02
3.399389982223510742e+00 4.000794055765617696e-02
3.403249979019165039e+00 7.458718664105329355e-02
3.404969930648803711e+00 9.748791694191205615e-02
3.410490036010742188e+00 7.340047321116510703e-02
3.412130117416381836e+00 4.195315538858840343e-02
3.414230108261108398e+00 6.077761947783676816e-02
3.416260004043579102e+00 1.669554340807878900e-01
3.421819925308227539e+00 1.078392494781213184e-01
3.426219940185546875e+00 4.872723200740796679e-01
3.428109884262084961e+00 4.089207547165619183e-01
3.432440042495727539e+00 1.811228733270250219e-02
3.433459997177124023e+00 1.472438007373775073e-02
3.437969923019409180e+00 1.081016870202965302e-01
3.438460111618041992e+00 5.619726019743098017e-02
3.440000057220458984e+00 1.923871885068955123e-01
3.441819906234741211e+00 2.440798054273975171e-02
3.443020105361938477e+00 9.260010836582582838e-02
3.447799921035766602e+00 9.808246312282015156e-02
3.546390056610107422e+00 7.893291580459066425e-02
3.548759937286376953e+00 4.064795266079820196e-02
3.551290035247802734e+00 1.674865271224939001e-01
3.560640096664428711e+00 4.705701673763514059e-02
3.562419891357421875e+00 7.351888740009857037e-02
3.576230049133300781e+00 7.651510813946348077e-02
3.599030017852783203e+00 4.373058612331988393e-02
3.607059955596923828e+00 4.701999674667321077e-02
3.607949972152709961e+00 1.171600607458123111e-02
3.615430116653442383e+00 1.243092370630104193e-01
3.619199991226196289e+00 1.038285727477799153e-01
3.620019912719726562e+00 1.878627758695780581e-02
3.620670080184936523e+00 1.339282242984831395e-01
3.632240056991577148e+00 6.311672875394756799e-02
3.632849931716918945e+00 5.043014617353942797e-02
3.637160062789916992e+00 4.587233624360333162e-02
3.640429973602294922e+00 8.157194809485358855e-02
3.640990018844604492e+00 1.706299736669544126e-02
3.641520023345947266e+00 7.518380357413437243e-02
3.643729925155639648e+00 3.606629548186576772e-02
3.644860029220581055e+00 4.810339870318273287e-02
3.648099899291992188e+00 6.401649038622408971e-02
3.649219989776611328e+00 6.258565946967777072e-02
3.649620056152343750e+00 4.955962047865600933e-02
3.650049924850463867e+00 9.821140665601825470e-02
3.650069952011108398e+00 3.320702976791809619e-02
3.650510072708129883e+00 3.838707557255575942e-02
3.650510072708129883e+00 1.129808665124272249e-01
3.658299922943115234e+00 3.335917891172818922e-02
3.661809921264648438e+00 8.757396023998123558e-03
3.665359973907470703e+00 1.916839109836314392e-01
3.672539949417114258e+00 9.764777580282553437e-02
3.710139989852905273e+00 3.424276883560390533e-02
3.725150108337402344e+00 5.057338954759229774e-03
3.726890087127685547e+00 5.196815406259611830e-02
3.733740091323852539e+00 4.480414634380042171e-02
3.762720108032226562e+00 7.100221069649743921e-02
3.763390064239501953e+00 7.907478580990418005e-02
3.768980026245117188e+00 3.181056572087374162e-02
3.769269943237304688e+00 7.619596538793356466e-02
3.769720077514648438e+00 2.460591944886389437e-02
3.771169900894165039e+00 5.748667811306961556e-02
3.773869991302490234e+00 1.794706144758143398e-02
3.783629894256591797e+00 5.041120462579054551e-02
3.790930032730102539e+00 1.840612061794901222e-01
3.790999889373779297e+00 8.348394952662786805e-02
3.791019916534423828e+00 1.705360709968287494e-02
3.791330099105834961e+00 5.886203451524096159e-02
3.801039934158325195e+00 2.067540243165140804e-02
3.801820039749145508e+00 8.761879475570492903e-02
3.802690029144287109e+00 2.004551782831612630e-02
3.805259943008422852e+00 2.596940884611932676e-02
3.806070089340209961e+00 1.372873329090750494e-01
3.806540012359619141e+00 2.267558605168748867e-02
3.807519912719726562e+00 2.992777053689437555e-02
3.807660102844238281e+00 2.653028906206328363e-02
3.810220003128051758e+00 9.843191844154176862e-02
3.821079969406127930e+00 3.012312166171620120e-01
3.821690082550048828e+00 3.699307070834889077e-01
3.825599908828735352e+00 2.491459409495363347e-02
3.843650102615356445e+00 3.411855845642899204e-02
3.853359937667846680e+00 6.033705299527367116e-02
3.858239889144897461e+00 4.098093498488595415e-02
3.875139951705932617e+00 6.973852832572628724e-02
3.887010097503662109e+00 1.110762337307555220e-01
3.903579950332641602e+00 2.740052869602839780e-01
3.906970024108886719e+00 4.505721578842900726e-02
3.923340082168579102e+00 1.202028691615441569e-01
3.964449882507324219e+00 4.968070974713059695e-02
3.976799964904785156e+00 1.309696518157723033e-01
3.996510028839111328e+00 2.964691147532293528e-02
3.997440099716186523e+00 1.926747414495598443e-01
4.000860214233398438e+00 2.976093667832824599e-02
4.005509853363037109e+00 4.554454717313095174e-02
4.006629943847656250e+00 8.396084259222154345e-02
4.010499954223632812e+00 2.398320439543055183e-01
4.011159896850585938e+00 1.503223252850874048e-01
4.011169910430908203e+00 8.311758623262614776e-02
4.011600017547607422e+00 9.805613443328128898e-02
4.012979984283447266e+00 1.347871359881067967e-02
4.013879776000976562e+00 2.469327436892972127e-02
4.013989925384521484e+00 1.180526130054569967e-01
4.015689849853515625e+00 8.655569560080350611e-02
4.015820026397705078e+00 4.047760721031547215e-02
4.017189979553222656e+00 9.644540792109843053e-02
4.018209934234619141e+00 7.159340620506669806e-02
4.021460056304931641e+00 1.925381502740692030e-01
4.023950099945068359e+00 1.301346073093915812e-01
4.024740219116210938e+00 2.152627231610445072e-02
4.032979965209960938e+00 2.558902410265900262e-01
4.041530132293701172e+00 6.600387904284649165e-01
4.060170173645019531e+00 4.210248041341478620e-02
4.119329929351806641e+00 1.272039905438026863e-01
4.130839824676513672e+00 6.523487108003614421e-02
4.138629913330078125e+00 1.230298068469663358e-01
4.159820079803466797e+00 8.080681726739673276e-02
4.163189888000488281e+00 1.808162241562772526e-02
4.164800167083740234e+00 1.377674308156222049e-01
4.169809818267822266e+00 2.774719509680872651e-02
4.183179855346679688e+00 6.023696714560284882e-01
4.190569877624511719e+00 3.283670633948998496e-02
4.193890094757080078e+00 4.633895658499737613e-01
4.202010154724121094e+00 3.395713886489581945e-01
4.203110218048095703e+00 4.004303301561266265e-02
4.207119941711425781e+00 5.763520158661752379e-01
4.211190223693847656e+00 1.365723378282473754e-01
4.220860004425048828e+00 2.839058451657025528e-02
4.222270011901855469e+00 2.004218385250698953e-01
4.236370086669921875e+00 1.258953399957815078e-01
4.236619949340820312e+00 7.362057490116022396e-02
4.237080097198486328e+00 1.396077352879918076e-02
4.237090110778808594e+00 6.253234183706546379e-02
4.240049839019775391e+00 1.132820324217741204e-01
4.242350101470947266e+00 3.542575495460226903e-02
4.244140148162841797e+00 8.304404990934835529e-02
4.249979972839355469e+00 1.405873655327413985e-01
4.250810146331787109e+00 2.219702693995173615e-02
4.250989913940429688e+00 1.599736937513795976e-01
4.256629943847656250e+00 9.968573897645445492e-03
4.256659984588623047e+00 1.084570808643307155e-01
4.257999897003173828e+00 5.888439883094444272e-02
4.259160041809082031e+00 1.363974699687958148e-01
4.259850025177001953e+00 2.432013449901058444e-01
4.271639823913574219e+00 1.606425489849861929e-02
4.277040004730224609e+00 4.291245855086161382e-02
4.298900127410888672e+00 3.474003510768565450e-02
4.304800033569335938e+00 2.370615495678474183e-02
4.330989837646484375e+00 1.282921727637688358e-01
4.346270084381103516e+00 1.935799879274349433e-01
4.354949951171875000e+00 1.869441445162061399e-01
4.360449790954589844e+00 6.709395368587200981e-02
4.360849857330322266e+00 6.526649746247645267e-02
4.362619876861572266e+00 4.504143486047305911e-02
4.364640235900878906e+00 4.275435269802151800e-02
4.366849899291992188e+00 1.600035098966990366e-01
4.370820045471191406e+00 8.257326661212642527e-03
4.371840000152587891e+00 3.781263019019206334e-02
4.376410007476806641e+00 1.401665747811007556e-01
4.378210067749023438e+00 4.188620187841560899e-02
4.378680229187011719e+00 8.768349903122266142e-03
4.385409832000732422e+00 8.047354434468094453e-02
4.388249874114990234e+00 1.385633873530345561e-01
4.395090103149414062e+00 3.971468695906017060e-02
4.396269798278808594e+00 4.747281890266995957e-02
4.398059844970703125e+00 8.622484626001578056e-02
4.404459953308105469e+00 1.142754318620168297e-01
4.409279823303222656e+00 8.575990827004164041e-01
4.419300079345703125e+00 5.828737722266951193e-01
4.420030117034912109e+00 1.738454013835503964e-01
4.421110153198242188e+00 6.732691588541431238e-02
4.431670188903808594e+00 3.905529725680673137e-01
4.439990043640136719e+00 4.892312922541058873e-02
4.440390110015869141e+00 9.426035004074079238e-02
4.442150115966796875e+00 1.648606790930909338e-02
4.444379806518554688e+00 7.807872781865846101e-02
4.447329998016357422e+00 2.099670537564861661e-01
4.455120086669921875e+00 4.202745238682571716e-02
4.457789897918701172e+00 1.946120977012697970e-02
4.480959892272949219e+00 3.652222822779310762e-02
4.485819816589355469e+00 8.082796255834868993e-02
4.560160160064697266e+00 1.123215593969780352e-01
4.566219806671142578e+00 1.482481496814402055e-01
4.580070018768310547e+00 1.143397713951609385e-01
4.581960201263427734e+00 4.083591549114413966e-02
4.582530021667480469e+00 9.472755119370274146e-02
4.586120128631591797e+00 2.568020828138709022e-02
4.587389945983886719e+00 2.721367514621781947e-01
4.596960067749023438e+00 6.512466766672690699e-02
4.600309848785400391e+00 2.913611559909356011e-02
4.602459907531738281e+00 2.145522154468319231e-01
4.604509830474853516e+00 3.539640462420292483e-02
4.607079982757568359e+00 5.279809784816976576e-02
4.607570171356201172e+00 3.679750739487953198e-02
4.615129947662353516e+00 1.791676546752965782e-01
4.619299888610839844e+00 5.319108849988606058e-02
4.619729995727539062e+00 4.967742907081693776e-02
4.624889850616455078e+00 1.677139636245411278e-02
4.630390167236328125e+00 5.355572781441914759e-02
4.631979942321777344e+00 2.841543987384204106e-02
4.639679908752441406e+00 2.001952584373443700e-01
4.639840126037597656e+00 1.128257193731359298e-01
4.649459838867187500e+00 5.992748542491001251e-02
4.657269954681396484e+00 5.344382877907147972e-02
4.672959804534912109e+00 5.382805639664325209e-02
4.684219837188720703e+00 1.416727407104499403e-01
4.700829982757568359e+00 1.994685766559879392e-01
4.717500209808349609e+00 2.190002574516824729e-01
4.721159934997558594e+00 5.354590663407182011e-02
4.721859931945800781e+00 2.278542839217130578e-01
4.728720188140869141e+00 2.227761082096693934e-01
4.731080055236816406e+00 2.259705493838940482e-01
4.757979869842529297e+00 1.175386991791820546e-01
4.761270046234130859e+00 6.674198462941388632e-01
4.762320041656494141e+00 9.573274373277633476e-02
4.785140037536621094e+00 2.187378105491327371e-02
4.791830062866210938e+00 8.698210134172626451e-02
4.795340061187744141e+00 9.149174463416252789e-02
4.797820091247558594e+00 3.319241751383388700e-02
4.805459976196289062e+00 1.859449434341288801e-02
4.811769962310791016e+00 1.799976194830736273e-02
4.817480087280273438e+00 2.395805400188350670e-02
4.817729949951171875e+00 5.484415353804250604e-02
4.819560050964355469e+00 1.518028254966691803e-01
4.820199966430664062e+00 1.751490575401904587e-02
4.825749874114990234e+00 3.213327129209047738e-03
4.827209949493408203e+00 6.762604542995132029e-02
4.829040050506591797e+00 2.397948543403388699e-01
4.830289840698242188e+00 2.298358967352284177e-01
4.834780216217041016e+00 3.362004468911469757e-02
4.835070133209228516e+00 6.094927254295402774e-02
4.842420101165771484e+00 1.282872297833373143e-01
4.843979835510253906e+00 1.007472344552139826e-01
4.852169990539550781e+00 4.764586627022104892e-02
4.856329917907714844e+00 1.466977998970216135e-01
4.862370014190673828e+00 1.805376032910227524e-02
4.862699985504150391e+00 1.369654373118249779e-01
4.882629871368408203e+00 3.863513643417707671e-02
4.885930061340332031e+00 6.817492889191496819e-02
4.907899856567382812e+00 1.024588557818129908e-01
4.915589809417724609e+00 2.218015325724540660e-02
4.917590141296386719e+00 4.023765807932001837e-02
4.921619892120361328e+00 7.519402173860054162e-02
4.936820030212402344e+00 1.466528426642976224e-01
4.938650131225585938e+00 4.955746389742163305e-02
4.942160129547119141e+00 9.439914397348168895e-02
4.951429843902587891e+00 2.888002206448262582e-02
4.955800056457519531e+00 8.174726965979228765e-02
4.958529949188232422e+00 5.309834649981508281e-02
4.962160110473632812e+00 2.541420218293232169e-01
4.968790054321289062e+00 2.355765965109144280e-02
4.970560073852539062e+00 7.025411313648605161e-02
4.972879886627197266e+00 2.643232198993211365e-02
4.977640151977539062e+00 4.274215257682281027e-02
4.978869915008544922e+00 1.357781505349990418e-02
4.979499816894531250e+00 8.798956289258498542e-02
4.980869770050048828e+00 7.520646391277295562e-02
4.982639789581298828e+00 7.178936976658845115e-02
4.983210086822509766e+00 2.199723617376024218e-02
4.990149974822998047e+00 1.210880804033669100e-02
4.990699768066406250e+00 6.960820213122569100e-02
4.994550228118896484e+00 3.974023553887705978e-02
4.995669841766357422e+00 1.167821319856569978e-01
5.002009868621826172e+00 2.184855940689329201e-01
5.020380020141601562e+00 6.984293382252672322e-02
5.020689964294433594e+00 3.885437441322699137e-02
5.042200088500976562e+00 1.703513960066612709e-01
5.060080051422119141e+00 1.800155993408757982e-01
5.061719894409179688e+00 1.460574437817989679e-01
5.063849925994873047e+00 1.717427727637945156e-01
5.065169811248779297e+00 6.214643255815473916e-02
5.074369907379150391e+00 9.130246651161000315e-02
5.101550102233886719e+00 1.239884724997463578e-01
5.131879806518554688e+00 6.342056163821523096e-02
5.147890090942382812e+00 1.524198780557964872e-01
5.158720016479492188e+00 6.109530391652671921e-02
5.161940097808837891e+00 2.018910563710416689e-02
5.169690132141113281e+00 1.248543846609429520e-01
5.171090126037597656e+00 4.593405581335734816e-02
5.182559967041015625e+00 7.542261692634293080e-02
5.183129787445068359e+00 2.315185250497031055e-01
5.187439918518066406e+00 3.564059957760125352e-02
5.187479972839355469e+00 4.853966763071634882e-02
5.188869953155517578e+00 1.528345146497589180e-01
5.197460174560546875e+00 2.368624537654948348e-01
5.197679996490478516e+00 6.376722390243166894e-02
5.200890064239501953e+00 4.219311786632540251e-02
5.206910133361816406e+00 5.507307237583825010e-02
5.208799839019775391e+00 9.067191448676288623e-02
5.213550090789794922e+00 4.144480128715245792e-02
5.215240001678466797e+00 9.085390246436286787e-02
5.219580173492431641e+00 1.168040789301477006e-01
5.221079826354980469e+00 7.603417473800647142e-02
5.227389812469482422e+00 1.533781639606076053e-01
5.238059997558593750e+00 8.570395074529221779e-02
5.242730140686035156e+00 6.176722917740039981e-02
5.245850086212158203e+00 3.102550007054474812e-01
5.301569938659667969e+00 5.320798381100182162e-02
5.321889877319335938e+00 8.832138589070483159e-02
5.326710224151611328e+00 5.967426586793635190e-02
5.327370166778564453e+00 3.274706808022305460e-02
5.330480098724365234e+00 6.641867153823867442e-02
5.340439796447753906e+00 2.161328192819544913e-02
5.348420143127441406e+00 1.345382616470932879e-01
5.355579853057861328e+00 4.320824099746718716e-02
5.370230197906494141e+00 8.613812086228925247e-02
5.378980159759521484e+00 3.424338394639574179e-02
5.386330127716064453e+00 2.731920234543985457e-02
5.389609813690185547e+00 7.822104177968233762e-02
5.394919872283935547e+00 9.147416931197072110e-02
5.396249771118164062e+00 1.639140116201012187e-01
5.405010223388671875e+00 2.900514948796130421e-02
5.405680179595947266e+00 6.160563108414786326e-02
5.409379959106445312e+00 1.010319624904682245e-01
5.410510063171386719e+00 4.786917689789386976e-02
5.412179946899414062e+00 2.280848296988406687e-01
5.420040130615234375e+00 1.515954287173854054e-01
5.422900199890136719e+00 1.909007788097216995e-01
5.425940036773681641e+00 3.811581552508346710e-02
5.425950050354003906e+00 1.809488344721632003e-01
5.427490234375000000e+00 6.021965149208143714e-02
5.429599761962890625e+00 7.303725619268522373e-02
5.430590152740478516e+00 8.374105836759182520e-02
5.431039810180664062e+00 4.416514849928149244e-02
5.444419860839843750e+00 5.589477641296449612e-02
5.449450016021728516e+00 1.671051583871492260e-02
5.449840068817138672e+00 1.040037929869441907e-01
5.460919857025146484e+00 5.658890214024513837e-02
5.461820125579833984e+00 3.943185953586748199e-02
5.465730190277099609e+00 5.368879115749276149e-02
5.465849876403808594e+00 1.089596092217115786e-01
5.471799850463867188e+00 4.661174511645142099e-02
5.530940055847167969e+00 4.966455864122244768e-02
5.533279895782470703e+00 4.017245170201030890e-02
5.535960197448730469e+00 6.621824988133426237e-02
5.538390159606933594e+00 5.038139645962771973e-02
5.544050216674804688e+00 7.462203989903928858e-02
5.550529956817626953e+00 7.538672711702591733e-02
5.557499885559082031e+00 1.028334914590726540e-01
5.559679985046386719e+00 5.864991207135713397e-02
5.563389778137207031e+00 2.001642213962175412e-02
5.567599773406982422e+00 1.072643652251474011e-01
5.568429946899414062e+00 2.504856701166900679e-02
5.573530197143554688e+00 2.138728544897463418e-02
5.573560237884521484e+00 2.357807833444826653e-02
5.574910163879394531e+00 6.363512582416624985e-02
5.576779842376708984e+00 1.864202043989507396e-02
5.577020168304443359e+00 1.625132777775720461e-01
5.580890178680419922e+00 9.102776901887009442e-02
5.584969997406005859e+00 1.729445543289955534e-01
5.590670108795166016e+00 3.684006668213458263e-02
5.594689846038818359e+00 1.735029676571595292e-01
5.605840206146240234e+00 5.538044759975375986e-02
5.607150077819824219e+00 1.393788051208868783e-01
5.608389854431152344e+00 3.717694627539567392e-02
5.608890056610107422e+00 2.531480748065319947e-02
5.614339828491210938e+00 1.773891305813096730e-01
5.627749919891357422e+00 3.818103709787126210e-01
5.631060123443603516e+00 1.630121062598288706e-01
5.639969825744628906e+00 9.257726856508284585e-02
5.646590232849121094e+00 2.246555506114696898e-01
5.646699905395507812e+00 1.157423149446861754e-01
5.660349845886230469e+00 1.442106020946974654e-01
5.681670188903808594e+00 1.222608157993956557e-01
5.698019981384277344e+00 9.493136426022541485e-02
5.751810073852539062e+00 1.997881826869828958e-01
5.767799854278564453e+00 2.303740283791127011e-02
5.768219947814941406e+00 1.415797124946722718e-01
5.769209861755371094e+00 2.895325499486177054e-02
5.772699832916259766e+00 4.607034856756195285e-02
5.782939910888671875e+00 1.956756517681744190e-01
5.783490180969238281e+00 1.344397523869610978e-01
5.783579826354980469e+00 9.204592066729297417e-02
5.786690235137939453e+00 1.316633625820153586e-01
5.788280010223388672e+00 2.159195912361317471e-01
5.788410186767578125e+00 2.170107204816547897e-01
5.793230056762695312e+00 1.981926527511027741e-02
5.793230056762695312e+00 5.072358341786781244e-02
5.796259880065917969e+00 1.634054753673774840e-01
5.797170162200927734e+00 5.135106577057162863e-02
5.798120021820068359e+00 5.862649491889933978e-02
5.807879924774169922e+00 4.398343311501155123e-02
5.813360214233398438e+00 2.062793296800706222e-01
5.817890167236328125e+00 3.960687628289402684e-02
5.828320026397705078e+00 4.846929414408712722e-02
5.830860137939453125e+00 5.910156164939321666e-02
5.839920043945312500e+00 8.836682633064840697e-02
5.840050220489501953e+00 6.939708063238882174e-02
5.846069812774658203e+00 1.361846533126448711e-01
5.917590141296386719e+00 1.308079003079488933e-01
5.927070140838623047e+00 4.704267980909070113e-02
5.934750080108642578e+00 1.187555035866398601e-01
5.935979843139648438e+00 7.378818728837564789e-02
5.939449787139892578e+00 5.463068675571899901e-02
5.939720153808593750e+00 5.916313611489083107e-02
5.954410076141357422e+00 3.351630987370819714e-02
5.973380088806152344e+00 6.865623141181845246e-02
5.986619949340820312e+00 1.188346618535414748e-02
5.999070167541503906e+00 6.457278071395011754e-02
6.001739978790283203e+00 4.103326892064756287e-02
6.002099990844726562e+00 3.951586606423727194e-02
6.004570007324218750e+00 7.317866000846821872e-02
6.007190227508544922e+00 3.723224846120370274e-02
6.010250091552734375e+00 2.551496696410095535e-02
6.011229991912841797e+00 1.270500279293075296e-01
6.015699863433837891e+00 1.889296664419445881e-01
6.019400119781494141e+00 1.375546622510057104e-01
6.019440174102783203e+00 1.964439401139557104e-02
6.020899772644042969e+00 7.872159640171294548e-02
6.021560192108154297e+00 1.340924059706964655e-01
6.022349834442138672e+00 9.144638887849793063e-02
6.024680137634277344e+00 2.324912944010961227e-02
6.024859905242919922e+00 9.895228905006817066e-02
6.026919841766357422e+00 9.181416872873390811e-02
6.027820110321044922e+00 2.660108381265590197e-02
6.030980110168457031e+00 1.133588861039458995e-01
6.033629894256591797e+00 4.761522575311052941e-02
6.033760070800781250e+00 5.596150001145323155e-02
6.035759925842285156e+00 9.101395030491742089e-02
6.054190158843994141e+00 4.139607737721054392e-02
6.074669837951660156e+00 1.262079977229147443e-01
6.092780113220214844e+00 5.559794506893678961e-02
6.092830181121826172e+00 3.713888413372599950e-02
6.095119953155517578e+00 6.548551251552442443e-02
6.120329856872558594e+00 7.031492806137522311e-02
6.126910209655761719e+00 6.865407715486557261e-02
6.131730079650878906e+00 9.607592674381490450e-02
6.137810230255126953e+00 8.579602062645381999e-02
6.144090175628662109e+00 3.586398168419819427e-02
6.148119926452636719e+00 1.268878684384084909e-01
6.156400203704833984e+00 5.867861043146070654e-02
6.156889915466308594e+00 5.101025917267428683e-02
6.162159919738769531e+00 2.659098061623488621e-02
6.167630195617675781e+00 1.078853559750979213e-01
6.168889999389648438e+00 1.555427010250793815e-02
6.169270038604736328e+00 7.084397968904769527e-02
6.171830177307128906e+00 1.000084303586648848e-01
6.173409938812255859e+00 7.329283795061855566e-02
6.173419952392578125e+00 6.861378222423214490e-02
6.176609992980957031e+00 5.761709545462462279e-02
6.177390098571777344e+00 4.814248100433261152e-02
6.180799961090087891e+00 8.004991268944051941e-02
6.182240009307861328e+00 2.296544738802332453e-01
6.188920021057128906e+00 1.382685507845001494e-01
6.191180229187011719e+00 3.020996980907719037e-02
6.194139957427978516e+00 6.593172245522295472e-02
6.194519996643066406e+00 6.902419247894714394e-02
6.199709892272949219e+00 4.314620785465517888e-02
6.202020168304443359e+00 5.476868161220744824e-01
6.222000122070312500e+00 4.114133926585435835e-02
6.231900215148925781e+00 1.885228833705209217e-01
6.233670234680175781e+00 6.752824349443017904e-02
6.249949932098388672e+00 5.880717142591138091e-02
6.253509998321533203e+00 5.024652844895465681e-02
6.276679992675781250e+00 1.245417059894509543e-01
6.277510166168212891e+00 3.925640638010534367e-02
6.281330108642578125e+00 1.471272652981179818e-01
6.326879978179931641e+00 3.325212788636971450e-01
6.338109970092773438e+00 1.488209967881908846e-01
6.347939968109130859e+00 1.022663425464452741e-01
6.358079910278320312e+00 5.481522317905879182e-02
6.366069793701171875e+00 2.450214343882252399e-01
6.366449832916259766e+00 1.052288979089536503e-01
6.374209880828857422e+00 3.237009014667392021e-02
6.375599861145019531e+00 1.287968460573250540e-01
6.378980159759521484e+00 9.245659580382840914e-02
6.380519866943359375e+00 6.772705495500115358e-01
6.383520126342773438e+00 2.599817936040567379e-02
6.386600017547607422e+00 7.144335998217707373e-02
6.389939785003662109e+00 1.160718703670823582e-01
6.394330024719238281e+00 5.849635852087003984e-02
6.395669937133789062e+00 6.785953624722770861e-02
6.395760059356689453e+00 8.941584646931907687e-02
6.399079799652099609e+00 3.067893972790633125e-02
6.400430202484130859e+00 1.254054949429267152e-01
6.401010036468505859e+00 8.797628221751632727e-02
6.405159950256347656e+00 1.147406432036933016e-01
6.417930126190185547e+00 4.000037896812800448e-02
6.418300151824951172e+00 8.860765915005841542e-02
6.426089763641357422e+00 1.638166407475649400e-01
6.440030097961425781e+00 1.714795393372716692e-01
6.485859870910644531e+00 2.403977844320228652e-01
6.493219852447509766e+00 1.631388005614718417e-01
6.508580207824707031e+00 5.312177036937370395e-02
6.521880149841308594e+00 1.001698714349783803e-01
6.522809982299804688e+00 8.301658748705274815e-02
6.533170223236083984e+00 9.963889372446974035e-02
6.542890071868896484e+00 6.455323308476533517e-02
6.566760063171386719e+00 2.204205988729212098e-02
6.567070007324218750e+00 6.966291203989613545e-02
6.580959796905517578e+00 8.025441253987733448e-02
6.586040019989013672e+00 5.368043171135119390e-02
6.586790084838867188e+00 3.835910545971477070e-02
6.589640140533447266e+00 9.718909069313182159e-02
6.594089984893798828e+00 9.157050154614272686e-02
6.594530105590820312e+00 2.698734662122247441e-01
6.594590187072753906e+00 2.932499524071590508e-02
6.596630096435546875e+00 1.914514643875091238e-02
6.610380172729492188e+00 2.464362176171753377e-02
6.612259864807128906e+00 4.843961340204128857e-02
6.613269805908203125e+00 1.690577264336799029e-02
6.613589763641357422e+00 1.278611080459067240e-01
6.614290237426757812e+00 5.405786853072583331e-02
6.616320133209228516e+00 1.771931880905868173e-01
6.620319843292236328e+00 2.713608962142580183e-02
6.620689868927001953e+00 2.461770507809363934e-02
6.629670143127441406e+00 2.901040360941459229e-02
6.631840229034423828e+00 5.118220667921720424e-02
6.637700080871582031e+00 4.636171279146904939e-02
6.642950057983398438e+00 4.354641137316817706e-02
6.644199848175048828e+00 1.950344025753097954e-02
6.646830081939697266e+00 9.627019822510080038e-02
6.651780128479003906e+00 5.467267907342440725e-02
6.654950141906738281e+00 6.677312760134752889e-02
6.664859771728515625e+00 6.500434930102189091e-02
6.676420211791992188e+00 9.293767669081977323e-02
6.701019763946533203e+00 3.997126408634359140e-02
6.704480171203613281e+00 8.713941724866297589e-02
6.722799777984619141e+00 4.369335078873913536e-02
6.725609779357910156e+00 6.122568883769323456e-02
6.729420185089111328e+00 7.952659807720769553e-03
6.731090068817138672e+00 5.066164158144795954e-02
6.742229938507080078e+00 9.742532891643936044e-02
6.746290206909179688e+00 3.861040192077162120e-02
6.764060020446777344e+00 1.191537936348987942e-01
6.764860153198242188e+00 4.262775304424068316e-03
6.769149780273437500e+00 2.715526133469922665e-02
6.770890235900878906e+00 3.872603184395820991e-02
6.773059844970703125e+00 2.029805284444465008e-02
6.774010181427001953e+00 1.715099169171831472e-01
6.774610042572021484e+00 3.192299345398558891e-02
6.776760101318359375e+00 1.566786904371536213e-02
6.779089927673339844e+00 7.323836926612334319e-02
6.780879974365234375e+00 3.643749977460382650e-01
6.782120227813720703e+00 7.330319756230595230e-02
6.784979820251464844e+00 1.031313956436570589e-01
6.786389827728271484e+00 9.989815004442355317e-02
6.790729999542236328e+00 5.560306187651506971e-01
6.791180133819580078e+00 1.953065920775063843e-02
6.794960021972656250e+00 1.969157133049200675e-02
6.810679912567138672e+00 1.485210774608692608e-01
6.814109802246093750e+00 1.795957961357629307e-01
6.829979896545410156e+00 7.906705017232866506e-02
6.835460186004638672e+00 3.192596340627271850e-02
6.856530189514160156e+00 1.270423895884354171e-01
6.859230041503906250e+00 3.616511400412412702e-01
6.865550041198730469e+00 1.670678166330778203e-01
6.865560054779052734e+00 6.934584072982960534e-02
6.903309822082519531e+00 2.180121209349898115e-01
6.931330204010009766e+00 5.666229465895721712e-02
6.942739963531494141e+00 2.180620197259388326e-01
6.948309898376464844e+00 1.539911891009484654e-02
6.955190181732177734e+00 4.510006299334839985e-02
6.959650039672851562e+00 1.437277233015530897e-01
6.961649894714355469e+00 9.625554291333945911e-02
6.972169876098632812e+00 8.876390942434543574e-02
6.975409984588623047e+00 9.483179697176888356e-02
6.975639820098876953e+00 2.624624391494841807e-02
6.980629920959472656e+00 3.470418451893733658e-02
6.982130050659179688e+00 1.706328131958830541e-01
6.983880043029785156e+00 4.603819419359250764e-01
6.984739780426025391e+00 4.616049116018658416e-02
6.985990047454833984e+00 3.411078017334486651e-02
6.988659858703613281e+00 3.788088872275452434e-02
6.994679927825927734e+00 1.122129338384122293e-01
6.994969844818115234e+00 8.265185144064737810e-02
6.995460033416748047e+00 3.376167895300295763e-02
6.996119976043701172e+00 3.167637944316066545e-02
6.999979972839355469e+00 4.807333678903034924e-02
7.002510070800781250e+00 5.961663478334412736e-02
7.004839897155761719e+00 5.626936338127445925e-02
7.007850170135498047e+00 7.833348387597956208e-02
7.009809970855712891e+00 4.152060448090923866e-02
7.068950176239013672e+00 9.145050939502094023e-01
7.101480007171630859e+00 2.525883009661357703e-01
7.116079807281494141e+00 1.890071209423720977e-01
7.126580238342285156e+00 2.165435169808049148e-02
7.130350112915039062e+00 3.872113007877873159e-01
7.145110130310058594e+00 7.831346009522056895e-02
7.159450054168701172e+00 5.264628529392165190e-02
7.164939880371093750e+00 1.296135758011707495e-01
7.165589809417724609e+00 4.180947224230044390e-02
7.175399780273437500e+00 1.411535869518652231e-01
7.177639961242675781e+00 5.233353588983408189e-02
7.182429790496826172e+00 3.920758708603473003e-02
7.184329986572265625e+00 1.066827748224759287e-01
7.184720039367675781e+00 5.632354512817216996e-02
7.188869953155517578e+00 2.655264781607932778e-02
7.189139842987060547e+00 7.585993436155380465e-02
7.193850040435791016e+00 2.350869602937933900e-01
7.195710182189941406e+00 3.631172243673862210e-02
7.197519779205322266e+00 4.168931257971660032e-02
7.198430061340332031e+00 5.474140670080288734e-02
7.200890064239501953e+00 6.656070775519890015e-02
7.201340198516845703e+00 4.307503160320451385e-02
7.202660083770751953e+00 5.784868584145939213e-02
7.208300113677978516e+00 2.810867888185330371e-02
7.208889961242675781e+00 8.576719190158976769e-02
7.212339878082275391e+00 1.899794388957016800e-01
7.212729930877685547e+00 6.919811796951473581e-02
7.213940143585205078e+00 2.912153130485091099e-02
7.216740131378173828e+00 1.484100544238560748e-01
7.236030101776123047e+00 8.636353675051977596e-02
7.242430210113525391e+00 5.033679791405824833e-02
7.253970146179199219e+00 1.043935196921841058e-01
7.254990100860595703e+00 3.434920990597004758e-02
7.275400161743164062e+00 6.049921775347821828e-02
7.303279876708984375e+00 9.136377908713257112e-02
7.304240226745605469e+00 5.447180837123201391e-02
7.307300090789794922e+00 9.557909671968610466e-02
7.311759948730468750e+00 3.588628148097399578e-02
7.321809768676757812e+00 6.409386884126179462e-02
7.322859764099121094e+00 1.753246908028723017e-01
7.332560062408447266e+00 5.922146740845037061e-02
7.333899974822998047e+00 1.467125900173026631e-01
7.338500022888183594e+00 4.268441723509031061e-02
7.339869976043701172e+00 3.782373488387829469e-02
7.340529918670654297e+00 4.527969944235465255e-02
7.343070030212402344e+00 4.713826163766558081e-02
7.343319892883300781e+00 1.238837984823777938e-01
7.348680019378662109e+00 2.022857200804921707e-01
7.348849773406982422e+00 1.375339951466090505e-01
7.350619792938232422e+00 8.427793547885864545e-02
7.351719856262207031e+00 1.414800839097511143e-01
7.356649875640869141e+00 3.818744223196987586e-02
7.358729839324951172e+00 3.347310460170175445e-02
7.363210201263427734e+00 2.122278664507223078e-01
7.366529941558837891e+00 2.787158195999056565e-02
7.374700069427490234e+00 8.090296709916117157e-02
7.376900196075439453e+00 8.623407255652031089e-02
7.378610134124755859e+00 4.450080032330897689e-02
7.395750045776367188e+00 3.235850794304581668e-02
7.403570175170898438e+00 5.518582554741921498e-02
7.414020061492919922e+00 1.724573874171081433e-01
7.421629905700683594e+00 2.143986025157740977e-02
7.425630092620849609e+00 1.549014596572054481e-01
7.430830001831054688e+00 1.080787228398008976e-01
7.431029796600341797e+00 1.979226450108642621e-01
7.448599815368652344e+00 4.277663779798406007e-02
7.452680110931396484e+00 9.147468945060716061e-02
7.489039897918701172e+00 2.583460446850885939e-01
7.531929969787597656e+00 3.350825245741964609e-02
7.533559799194335938e+00 2.231384642283523040e-02
7.539450168609619141e+00 1.934129730655380353e-02
7.542890071868896484e+00 2.417247874922001313e-02
7.543889999389648438e+00 7.693986642273120680e-02
7.546589851379394531e+00 1.751442918636250679e-01
7.547870159149169922e+00 2.281197683844254920e-02
7.549389839172363281e+00 2.449369074618335529e-01
7.550139904022216797e+00 7.386685714252748391e-02
7.554810047149658203e+00 6.762260429153724162e-02
7.555300235748291016e+00 1.467889862524699163e-01
7.555970191955566406e+00 7.238459554886569891e-02
7.564469814300537109e+00 1.459331581267696125e-02
7.568250179290771484e+00 6.442103602177445820e-02
7.568659782409667969e+00 2.260433365821576113e-01
7.572169780731201172e+00 6.806981721909266536e-02
7.573420047760009766e+00 2.707437757335726461e-02
7.580239772796630859e+00 5.216620608868029196e-02
7.580599784851074219e+00 1.184523686250646933e-02
7.582139968872070312e+00 1.681529178756997200e-01
7.585569858551025391e+00 9.384256271597513077e-02
7.591720104217529297e+00 8.596513744917876065e-02
7.609409809112548828e+00 1.376404024126906267e-01
7.630179882049560547e+00 7.450145824273489426e-02
7.667150020599365234e+00 3.602172431800399477e-01
7.690480232238769531e+00 4.260752541197812548e-02
7.692820072174072266e+00 4.953237199608174351e-02
7.695889949798583984e+00 4.765047655861640030e-02
7.698440074920654297e+00 6.818332546919930737e-02
7.723330020904541016e+00 1.283418572174678252e-01
7.724659919738769531e+00 1.972869160450816395e-01
7.730609893798828125e+00 1.530996291156073996e-01
7.735819816589355469e+00 3.670004209074118617e-01
7.747129917144775391e+00 1.655947342895445762e-01
7.748589992523193359e+00 1.227882806361270812e-01
7.749710083007812500e+00 1.341844731182174344e-01
7.761889934539794922e+00 2.638350396518109042e-02
7.765930175781250000e+00 8.949638136752996465e-02
7.769740104675292969e+00 1.283595514170537411e-01
7.772610187530517578e+00 2.768916317346607064e-02
7.773469924926757812e+00 1.604466579022231776e-01
7.777050018310546875e+00 2.921123263057875952e-02
7.778940200805664062e+00 3.690427881977225572e-02
7.780179977416992188e+00 3.846999725722309582e-02
7.782479763031005859e+00 5.567690607335858827e-02
7.782939910888671875e+00 5.498006029087837421e-02
7.784200191497802734e+00 3.569546723414484396e-02
7.785299777984619141e+00 6.520782302660556307e-02
7.785749912261962891e+00 4.023177839858472875e-03
7.794519901275634766e+00 3.700619908741573094e-02
7.796090126037597656e+00 5.244892318026145306e-02
7.799389839172363281e+00 8.922035383023882438e-02
7.800559997558593750e+00 7.367115735545157196e-02
7.803579807281494141e+00 4.573045305036390479e-02
7.804180145263671875e+00 1.056437551355455667e-01
7.809020042419433594e+00 2.527682128006430995e-01
7.844399929046630859e+00 1.083006452501359129e-01
7.846139907836914062e+00 4.054794220576823233e-02
7.852089881896972656e+00 6.607227619377084582e-02
7.874619960784912109e+00 1.011822877021259226e-01
7.881680011749267578e+00 1.471063877780095508e-01
7.889550209045410156e+00 3.984370820794190526e-02
7.892109870910644531e+00 1.458584601769394307e-01
7.902780055999755859e+00 2.688964267702663447e-02
7.909420013427734375e+00 1.018318011336424023e-01
7.915289878845214844e+00 1.812298729736171177e-02
7.916590213775634766e+00 5.513305469870841830e-02
7.919040203094482422e+00 5.007796746221419848e-02
7.920010089874267578e+00 1.227341913943578305e-02
7.921480178833007812e+00 3.768089586444262062e-02
7.928699970245361328e+00 3.815789230514479713e-02
7.929580211639404297e+00 4.677937122709498879e-02
7.929780006408691406e+00 5.176866593494153929e-02
7.936240196228027344e+00 3.296543282992259183e-02
7.938779830932617188e+00 3.851789008489162058e-02
7.938950061798095703e+00 1.266989300084209735e-01
7.943669795989990234e+00 5.315696362057617530e-02
7.950570106506347656e+00 5.881985462885215565e-02
7.954199790954589844e+00 6.462017079070288272e-02
7.959799766540527344e+00 2.227281360483186756e-01
7.963190078735351562e+00 6.676776009232085474e-02
7.965240001678466797e+00 1.618576766974361980e-01
7.970419883728027344e+00 3.560731879855751902e-01
7.972750186920166016e+00 3.201945002282228225e-01
7.973969936370849609e+00 1.401117449001992865e-01
8.002499580383300781e+00 1.290800283228617229e-01
8.004770278930664062e+00 8.236275894880053239e-02
8.012180328369140625e+00 5.700567910706638014e-02
8.019760131835937500e+00 1.446443891803554649e-01
8.034950256347656250e+00 2.409472075762658094e-01
8.061209678649902344e+00 1.314083792571140163e-01
8.068940162658691406e+00 3.519059919342741871e-01
8.090640068054199219e+00 2.772690167810341194e-02
8.103910446166992188e+00 1.098108391834619613e-01
8.109310150146484375e+00 5.483332126372532367e-02
8.111789703369140625e+00 5.359507418983960186e-02
8.119250297546386719e+00 3.396556383301602144e-01
8.125069618225097656e+00 3.008246227288673413e-01
8.137359619140625000e+00 1.056305681459636797e-01
8.138110160827636719e+00 4.272131732389197745e-02
8.141110420227050781e+00 4.016236146549136132e-02
8.141130447387695312e+00 4.995369091353354940e-02
8.141309738159179688e+00 8.295217598507217960e-02
8.145380020141601562e+00 4.630212477761146139e-02
8.145480155944824219e+00 8.008778511986391901e-02
8.148739814758300781e+00 1.243349424392205665e-01
8.148880004882812500e+00 3.713007067476953998e-02
8.150369644165039062e+00 4.137290009174229843e-02
8.150460243225097656e+00 4.180199432376805607e-02
8.152070045471191406e+00 1.073590845436650509e-01
8.152370452880859375e+00 4.796525222269285016e-02
8.156860351562500000e+00 1.231846038634512863e-01
8.158020019531250000e+00 2.807874786253849661e-02
8.162799835205078125e+00 1.085784965268960373e-01
8.166419982910156250e+00 3.040436342988656754e-02
8.167929649353027344e+00 6.803924361682521516e-02
8.254409790039062500e+00 1.046334222248675588e-01
8.273550033569335938e+00 5.325098011990756636e-02
8.280070304870605469e+00 8.205801574420618083e-02
8.288330078125000000e+00 1.190332896167355797e-01
8.293800354003906250e+00 2.853400531495171033e-01
8.298850059509277344e+00 1.265390160624509097e-01
8.302499771118164062e+00 1.284597598432041798e-01
8.330860137939453125e+00 3.910761492008883039e-02
8.336600303649902344e+00 1.113269813682555842e-01
8.338080406188964844e+00 1.219112610493822413e-01
8.339389801025390625e+00 6.880028267005863785e-02
8.342960357666015625e+00 2.308689425445519527e-01
8.347430229187011719e+00 3.754754722911235465e-02
8.347610473632812500e+00 2.697343959889023646e-01
8.347629547119140625e+00 1.216405534203577887e-01
8.350709915161132812e+00 3.704871540583868500e-02
8.354280471801757812e+00 2.635437020715186707e-02
8.354660034179687500e+00 8.988908872955805179e-03
8.359199523925781250e+00 2.734340923398740908e-01
8.360239982604980469e+00 3.056335988761124667e-02
8.361280441284179688e+00 5.129326674345693025e-03
8.365349769592285156e+00 5.260653208418075016e-02
8.371040344238281250e+00 1.431761465586519899e-01
8.371580123901367188e+00 5.782229644066705365e-02
8.374870300292968750e+00 6.057189187420182475e-02
8.376070022583007812e+00 6.716350275882652932e-02
8.376139640808105469e+00 2.810410599948810761e-02
8.379280090332031250e+00 4.956885209766330458e-02
8.379489898681640625e+00 6.461406258122184831e-02
8.389479637145996094e+00 6.727952634912905128e-02
8.401519775390625000e+00 4.769783783193829590e-02
8.402910232543945312e+00 3.843712070242467221e-02
8.435480117797851562e+00 2.042964423769421875e-02
8.436109542846679688e+00 2.393709956098483832e-02
8.461689949035644531e+00 4.084878210556788791e-02
8.474679946899414062e+00 3.511318697616794271e-02
8.474980354309082031e+00 2.382913503755181295e-01
8.478320121765136719e+00 2.508075033592999104e-02
8.483619689941406250e+00 4.451180084814183868e-02
8.487879753112792969e+00 5.354551583187942831e-02
8.488369941711425781e+00 5.154603600977957639e-02
8.489789962768554688e+00 3.583752175067578954e-02
8.500679969787597656e+00 1.966492444080322408e-02
8.506279945373535156e+00 1.756536687130399316e-02
8.510549545288085938e+00 3.451129784746143070e-02
8.517299652099609375e+00 4.558830773751120641e-02
8.519209861755371094e+00 4.998572359710472257e-02
8.522120475769042969e+00 2.542497165285270352e-02
8.523750305175781250e+00 3.932372267678507782e-02
8.524230003356933594e+00 7.323016987112828113e-01
8.534720420837402344e+00 2.968029859664350276e-02
8.535679817199707031e+00 3.990490380506541562e-02
8.535699844360351562e+00 1.070036283191369911e-02
8.538000106811523438e+00 3.689487025756379990e-02
8.540109634399414062e+00 3.176297020821602923e-02
8.546150207519531250e+00 1.266079700309243605e-01
8.551899909973144531e+00 5.235574138611078787e-01
8.553230285644531250e+00 1.784868448938240759e-01
8.556670188903808594e+00 5.961135864640008941e-02
8.563599586486816406e+00 8.329224557340417223e-02
8.575209617614746094e+00 3.433336374754517029e-02
8.597669601440429688e+00 3.524481575229464897e-02
8.599140167236328125e+00 6.177829218413406764e-02
8.601860046386718750e+00 1.563353804624662002e-02
8.616580009460449219e+00 6.102957892452477023e-02
8.623640060424804688e+00 1.176230616360054160e-01
8.626859664916992188e+00 2.749251703338076447e-01
8.639499664306640625e+00 1.182306660909011320e-01
8.698929786682128906e+00 3.124765771540075066e-01
8.703599929809570312e+00 5.148430439461347541e-02
8.707909584045410156e+00 5.272636651321223333e-02
8.718000411987304688e+00 4.720027607993951269e-02
8.727230072021484375e+00 9.285331322820880584e-02
8.728429794311523438e+00 6.351109099590396267e-02
8.730669975280761719e+00 5.879058064302414288e-02
8.732390403747558594e+00 3.795918978855828546e-02
8.740710258483886719e+00 9.130830997102036550e-02
8.740710258483886719e+00 3.453549473252800345e-02
8.743700027465820312e+00 2.893943757005892348e-01
8.744480133056640625e+00 1.362712611075857054e-02
8.744669914245605469e+00 1.006172103321946593e-01
8.749609947204589844e+00 2.718978809668148866e-01
8.752019882202148438e+00 4.767556010387874466e-02
8.753370285034179688e+00 2.675602772300822788e-02
8.755339622497558594e+00 2.342098548499290112e-01
8.757260322570800781e+00 8.155205321978971356e-02
8.761819839477539062e+00 6.679852471010346016e-02
8.763810157775878906e+00 2.065405892944586763e-01
8.764069557189941406e+00 1.588310866066123817e-01
8.765890121459960938e+00 2.414487268820118826e-02
8.772339820861816406e+00 2.833750165838340163e-01
8.785409927368164062e+00 1.032710727587801830e-01
8.829839706420898438e+00 1.707409277198164987e-01
8.857419967651367188e+00 2.651865491233040273e-01
8.861350059509277344e+00 4.937457856733602768e-02
8.867070198059082031e+00 1.189582734917518370e-01
8.887519836425781250e+00 3.561127736443875369e-02
8.897109985351562500e+00 3.365639987437164526e-01
8.907489776611328125e+00 2.660261695707016177e-02
8.916299819946289062e+00 9.573830440455821655e-02
8.918419837951660156e+00 5.344136251320369402e-02
8.922769546508789062e+00 5.624207040478677866e-02
8.924189567565917969e+00 8.466091638316511347e-02
8.926639556884765625e+00 1.367284273464548783e-01
8.933230400085449219e+00 7.261334924370890787e-02
8.943200111389160156e+00 2.725893113916092250e-02
8.951479911804199219e+00 3.215964626271049509e-01
8.952879905700683594e+00 1.132382086365951168e-01
8.953909873962402344e+00 3.661702694898782973e-02
8.957169532775878906e+00 3.322415002175659049e-02
8.961569786071777344e+00 2.705446125502594668e-02
8.962369918823242188e+00 1.309509368139114005e-01
8.963680267333984375e+00 9.904173562312899859e-02
8.964690208435058594e+00 6.258696203365393673e-02
8.965410232543945312e+00 2.203307884160886354e-02
8.969490051269531250e+00 2.383131861605819468e-02
8.972929954528808594e+00 3.739710351137780220e-02
8.976840019226074219e+00 1.257527840301795874e-01
8.982390403747558594e+00 3.380025362753883572e-02
8.985320091247558594e+00 5.761737609362502233e-02
9.001569747924804688e+00 1.517269987847611468e-01
9.001859664916992188e+00 1.392491425959094253e-02
9.006759643554687500e+00 6.815747752864738385e-02
9.009480476379394531e+00 8.388806524135369175e-03
9.016400337219238281e+00 1.035494134223545332e-01
9.018560409545898438e+00 9.114446872775251729e-02
9.042389869689941406e+00 4.471505416990449733e-02
9.069089889526367188e+00 7.867057956610891412e-02
9.072340011596679688e+00 1.023287873110116375e-01
9.075530052185058594e+00 7.424709423072871350e-02
9.090009689331054688e+00 7.893635347155895099e-01
9.091939926147460938e+00 1.231454674839612025e-02
9.092129707336425781e+00 4.762156457067781568e-02
9.095219612121582031e+00 9.773778943134611707e-02
9.098990440368652344e+00 3.182947804043485124e-02
9.099399566650390625e+00 1.793819525636449266e-02
9.099720001220703125e+00 4.305763257409975925e-02
9.100460052490234375e+00 1.215285093808393252e-01
9.110460281372070312e+00 2.574158226899285196e-01
9.117309570312500000e+00 1.095207320171392301e-01
9.118269920349121094e+00 8.131855042858390781e-02
9.120360374450683594e+00 5.414258899311428369e-02
9.121870040893554688e+00 4.142867041278384954e-02
9.123060226440429688e+00 2.168215418362213695e-02
9.126170158386230469e+00 7.651657350094703824e-02
9.126919746398925781e+00 1.413699514540603941e-01
9.133959770202636719e+00 5.145214938291639006e-01
9.137399673461914062e+00 6.814544348197171253e-02
9.140170097351074219e+00 1.935077430521563863e-02
9.146929740905761719e+00 1.525909160558317212e-01
9.164199829101562500e+00 4.187201553755877381e-02
9.166560173034667969e+00 4.621096373563259030e-02
9.175519943237304688e+00 7.868120661462796317e-02
9.187170028686523438e+00 4.632419948992756026e-02
9.192049980163574219e+00 1.515972926760792427e-01
9.208129882812500000e+00 8.433132492067493824e-02
9.220479965209960938e+00 1.016942351823802160e-01
9.221170425415039062e+00 1.241566042211031534e-01
9.221429824829101562e+00 3.004731116158756432e-01
9.260479927062988281e+00 4.698363934415723808e-02
9.293620109558105469e+00 1.556934718665413109e-01
9.298810005187988281e+00 4.534489272167648716e-02
9.303970336914062500e+00 1.325668855380619238e-01
9.306810379028320312e+00 7.576081969931003357e-02
9.307709693908691406e+00 6.954685489674053422e-02
9.309410095214843750e+00 3.327190467446695943e-02
9.311440467834472656e+00 1.184154723876987142e-01
9.315990447998046875e+00 1.147308598768805900e-02
9.318349838256835938e+00 1.515206410478610599e-01
9.321909904479980469e+00 1.656341860642238650e-01
9.322030067443847656e+00 1.039773227244506770e-01
9.331919670104980469e+00 1.673938334534585265e-02
9.332500457763671875e+00 8.083192381455454878e-02
9.335120201110839844e+00 8.943265997325079708e-02
9.339730262756347656e+00 3.650042201551881998e-02
9.343489646911621094e+00 1.747762362955707777e-02
9.352199554443359375e+00 1.051825491832999726e-01
9.356169700622558594e+00 5.992991617867830800e-02
9.366769790649414062e+00 1.593133266320294894e-01
9.367839813232421875e+00 6.097258700629801242e-02
9.369819641113281250e+00 1.469177781879658085e-01
9.373990058898925781e+00 1.159395572523166940e-01
9.375579833984375000e+00 1.277344767228028727e-02
9.382729530334472656e+00 6.370528004168803105e-02
9.416780471801757812e+00 3.772916904373369573e-01
9.453160285949707031e+00 7.685139283154787671e-02
9.461600303649902344e+00 2.069615436101478467e-01
9.475999832153320312e+00 1.366330034542456162e-01
9.483759880065917969e+00 4.873147755124551672e-02
9.484729766845703125e+00 3.605086156565150829e-02
9.488869667053222656e+00 5.558001895488580424e-02
9.494850158691406250e+00 3.140369116830996066e-02
9.518099784851074219e+00 1.859081822095407233e-01
9.518250465393066406e+00 4.303563427969932520e-01
9.518489837646484375e+00 7.981496707282856318e-02
9.519669532775878906e+00 2.622898168342634173e-02
9.522100448608398438e+00 3.036102515807914681e-02
9.523280143737792969e+00 2.125817294501475274e-01
9.524000167846679688e+00 2.623078860851683555e-02
9.525130271911621094e+00 3.543396420147922055e-02
9.536660194396972656e+00 1.877330210548981970e-01
9.549460411071777344e+00 5.388687533061404383e-02
9.549539566040039062e+00 5.301668382601747859e-02
9.553210258483886719e+00 3.748678783597084174e-02
9.557149887084960938e+00 9.317617752490214844e-02
9.557539939880371094e+00 3.100263834549749423e-02
9.557649612426757812e+00 3.798697217582706204e-02
9.559539794921875000e+00 1.207225607411226490e-02
9.562840461730957031e+00 1.784423892537915501e-01
9.566340446472167969e+00 3.649610976999434486e-02
9.573269844055175781e+00 4.073240294348884349e-02
9.573579788208007812e+00 1.696606693472673538e-02
9.575449943542480469e+00 1.753160855202910984e-01
9.577269554138183594e+00 2.354947496755800673e-02
9.582059860229492188e+00 4.573761832643415126e-02
9.586509704589843750e+00 4.232099942928503611e-02
9.593930244445800781e+00 9.865417498825455878e-02
9.609720230102539062e+00 1.097390312949231561e-01
9.656869888305664062e+00 4.843433529165094148e-02
9.661569595336914062e+00 1.351487586122148976e-01
9.666870117187500000e+00 1.745801481736619087e-01
9.668840408325195312e+00 4.567241617025788458e-02
9.670189857482910156e+00 9.249836279148744567e-02
9.673210144042968750e+00 1.073627985866472540e-01
9.674039840698242188e+00 2.458627987396010822e-02
9.674869537353515625e+00 1.141013903546208713e-01
9.688879966735839844e+00 7.528527135120809122e-02
9.690070152282714844e+00 5.805699072258302396e-02
9.690939903259277344e+00 1.553471314375122481e-02
9.699049949645996094e+00 8.947365094367243366e-02
9.702710151672363281e+00 1.211412604268293364e-01
9.702710151672363281e+00 6.303193387568045702e-02
9.704500198364257812e+00 5.449279757706704946e-02
9.704819679260253906e+00 1.472209064257080091e-01
9.709569931030273438e+00 1.074306222980050407e-01
9.709670066833496094e+00 5.538676096854365516e-02
9.709879875183105469e+00 5.383381822163680469e-02
9.719409942626953125e+00 6.784940162105221328e-02
9.722129821777343750e+00 7.056229461018762028e-02
9.724780082702636719e+00 1.723262286038585583e-02
9.725779533386230469e+00 4.743551987794147884e-02
9.729579925537109375e+00 1.030584920290050360e-01
9.740220069885253906e+00 6.444814793920465579e-02
9.741609573364257812e+00 1.097226232834246640e-01
9.767470359802246094e+00 2.647500454640341547e-02
9.768659591674804688e+00 1.540955943427637087e-01
9.770210266113281250e+00 3.393816798587343669e-02
9.770939826965332031e+00 2.742710480562709358e-02
9.787199974060058594e+00 1.337263881106212637e-01
9.802240371704101562e+00 1.808728087021521103e-01
9.821020126342773438e+00 1.079764561265593725e-01
9.851940155029296875e+00 2.916802504332423052e-01
9.881500244140625000e+00 6.459970450408153431e-02
9.894610404968261719e+00 1.112637586955637359e-01
9.898420333862304688e+00 3.517905637673531677e-02
9.899299621582031250e+00 1.877085425717738010e-01
9.906279563903808594e+00 1.271961582538291557e-01
9.911040306091308594e+00 8.328925325807343127e-02
9.924440383911132812e+00 3.075235687945588117e-02
9.924940109252929688e+00 4.095995967999104675e-02
9.926199913024902344e+00 1.070726587764365273e-01
9.927300453186035156e+00 1.454508553267458149e-01
9.930729866027832031e+00 2.497782758769473421e-02
9.932169914245605469e+00 1.302549881231802875e-01
9.935939788818359375e+00 2.222195398649533249e-01
9.936499595642089844e+00 3.069404159005189037e-01
9.936550140380859375e+00 3.023854091875279385e-02
9.936619758605957031e+00 9.032005076196727988e-02
9.940059661865234375e+00 1.111148734696441737e-01
9.944219589233398438e+00 9.405939069488850057e-02
9.947879791259765625e+00 1.357079506121131041e-01
9.959250450134277344e+00 7.805572815640077211e-02
9.959369659423828125e+00 8.344795422570382148e-02
9.961079597473144531e+00 9.929720434648038607e-02
9.980099678039550781e+00 9.710640207338319674e-02
9.987079620361328125e+00 7.852294364530501558e-02
1.002849960327148438e+01 7.718913119030509362e-01
1.003009986877441406e+01 3.911334265879529842e-02
1.003540039062500000e+01 1.346207504116996578e-01
1.005340003967285156e+01 2.245234191255240236e-02
1.006190013885498047e+01 2.857638120701734563e-02
1.007649993896484375e+01 2.192098421082336046e-01
1.009109973907470703e+01 2.471792038171114481e-01
1.009200000762939453e+01 1.243869900266533768e-01
1.009679985046386719e+01 9.621476893123592777e-02
1.010750007629394531e+01 5.208695119813908647e-01
1.010929965972900391e+01 9.159096446147348136e-02
1.012119960784912109e+01 4.312806140859814369e-02
1.012230014801025391e+01 5.540131916796087186e-01
1.012870025634765625e+01 7.277115765485691057e-01
1.013510036468505859e+01 2.931667333565121103e-01
1.013669967651367188e+01 1.073528464107421088e-01
1.014060020446777344e+01 1.042584752758519001e-01
1.014159965515136719e+01 7.462126144963075747e-02
1.015190029144287109e+01 1.415230297749904276e-01
1.015340042114257812e+01 2.357029759693786697e-01
1.015489959716796875e+01 8.442706219567025494e-02
1.015489959716796875e+01 9.182754103278578661e-02
1.015740013122558594e+01 1.552596214753318993e+00
1.015859985351562500e+01 6.397471348220599985e-02
1.016209983825683594e+01 8.415061049850006136e-02
1.016609954833984375e+01 2.928384324305060085e-02
1.017730045318603516e+01 5.850079197939769271e-01
1.018000030517578125e+01 1.358946072439600750e-01
1.018019962310791016e+01 4.863317295648373340e-01
1.018120002746582031e+01 2.916839085758523020e-01
1.018379974365234375e+01 9.133293653131102641e-02
1.018929958343505859e+01 2.996687434716294729e-01
1.019369983673095703e+01 9.522419676578382230e-02
1.021720027923583984e+01 8.225382215520222751e-01
1.021940040588378906e+01 1.891492276627111668e-01
1.022970008850097656e+01 3.068388384901181154e-01
1.023729991912841797e+01 1.146724408988187560e-01
1.023970031738281250e+01 7.766370512663597903e-02
1.024600028991699219e+01 4.579644085777669904e-01
1.024619960784912109e+01 6.214322378916542489e-02
1.024909973144531250e+01 7.185903797867641829e-02
1.025759983062744141e+01 2.063389603135706851e-01
1.026570034027099609e+01 1.775180522742975664e-01
1.028569984436035156e+01 4.931714331335775026e-02
1.029030036926269531e+01 1.457864385190902112e+00
1.030130004882812500e+01 1.669523055174259099e-02
1.030259990692138672e+01 3.853390286930070130e-01
1.030650043487548828e+01 9.151974121005630458e-01
1.031739997863769531e+01 1.128966362028357463e-02
1.032269954681396484e+01 3.080944903150524272e-01
1.032409954071044922e+01 4.551079917715187273e-01
1.032479953765869141e+01 1.800020900020754266e-01
1.032759952545166016e+01 3.626979646827392222e-04
1.034140014648437500e+01 8.167076263338055031e-02
1.035379981994628906e+01 5.889394996448630475e-04
1.036260032653808594e+01 2.212534625399611987e-02
1.036579990386962891e+01 8.546552855433421636e-02
1.036690044403076172e+01 2.608980386126906470e-02
1.036800003051757812e+01 7.115478194871271977e-01
1.039159965515136719e+01 6.270319228464898975e-02
1.041250038146972656e+01 6.716960502346934758e-01
1.042590045928955078e+01 6.558843759101432580e-01
1.043080043792724609e+01 4.528731578009700387e-01
1.045899963378906250e+01 8.939400129361216307e-02
1.046529960632324219e+01 2.432525963340321021e-02
1.048680019378662109e+01 6.816869036799544368e-02
1.051949977874755859e+01 3.414099836247368180e-02
1.055060005187988281e+01 0.000000000000000000e+00
1.056459999084472656e+01 2.926948129249664493e-02
1.067459964752197266e+01 1.316502882078123340e-02
1.199429988861083984e+01 1.079864086119852962e+00
1.205420017242431641e+01 7.291536398764171256e-01
1.208710002899169922e+01 4.200478983298658875e-01
1.209570026397705078e+01 1.534203136531053779e+00
1.213949966430664062e+01 5.880062809314112737e-02
1.214109992980957031e+01 1.610128410274501265e+00
1.214260005950927734e+01 1.965468780639431645e-01
