4.317279905080795288e-03 1.077736828114519985e-01
6.404110230505466461e-03 4.470664556498701175e-02
2.582670003175735474e-02 5.572727313049118808e-02
2.693359926342964172e-02 4.535720666859492656e-02
3.398270159959793091e-02 3.217001561784711972e-01
3.812349960207939148e-02 8.537316696730936627e-01
4.312260076403617859e-02 2.063534003084057517e-02
4.567709937691688538e-02 2.361560417748522975e-02
4.769000038504600525e-02 5.499054870660025768e-02
5.124890059232711792e-02 3.277686936773782644e-02
5.126959830522537231e-02 1.163775327299457485e-01
5.141450092196464539e-02 4.344988906549376168e-02
5.480179935693740845e-02 6.798675732455737586e-02
8.793400228023529053e-02 4.328363979013206686e-01
9.156849980354309082e-02 6.181114095532051766e-02
9.173469990491867065e-02 2.223452836398204457e+00
1.218760013580322266e-01 2.116570212504659265e-01
1.267990022897720337e-01 9.449471704457184512e-03
1.285690069198608398e-01 3.165672906846173779e-02
1.322019994258880615e-01 1.611099170413926029e-01
1.328520029783248901e-01 7.429218545232402215e-02
1.367609947919845581e-01 4.664753789447138865e-02
1.399469971656799316e-01 1.880198599725574904e-01
1.491190046072006226e-01 3.178792552423360951e-02
1.493780016899108887e-01 9.191933105627797529e-02
1.560489982366561890e-01 3.426478158177169442e-02
1.568569988012313843e-01 2.577280174529660295e-01
1.590510010719299316e-01 1.936005678897189108e-01
1.595409959554672241e-01 1.478605207234360563e-01
1.647849977016448975e-01 6.375915531243209200e-02
1.658120006322860718e-01 5.732628758373447403e-02
1.736640036106109619e-01 2.884131936185662520e-02
1.737139970064163208e-01 3.465865195721710978e-02
1.915529966354370117e-01 1.039917500658791016e-01
1.947270035743713379e-01 7.381196831104909484e-02
1.965840011835098267e-01 3.992134732982856316e-02
2.004539966583251953e-01 7.815407857734964214e-02
2.012429982423782349e-01 7.457590736631634909e-02
2.604239881038665771e-01 1.022381624568698133e-01
2.842760086059570312e-01 1.343358765302591074e-01
2.939299941062927246e-01 6.865577161720391730e-02
2.971889972686767578e-01 7.843967717772540316e-02
3.073559999465942383e-01 5.842850047660140544e-02
3.175190091133117676e-01 5.193307511078885247e-02
3.258680105209350586e-01 3.552217722377532666e-02
3.356060087680816650e-01 1.867724328752746188e-01
3.569560050964355469e-01 1.328817509406356179e-01
3.627499938011169434e-01 1.854487201369471316e-01
3.690440058708190918e-01 5.620445363730630639e-02
3.717170059680938721e-01 1.507385297235996346e-01
3.777169883251190186e-01 9.906125371675275626e-02
3.851920068264007568e-01 1.471967661978335618e-01
3.870359957218170166e-01 1.030928889272083315e-01
3.910290002822875977e-01 4.914514136498260299e-02
3.959810137748718262e-01 7.987165748050402414e-02
3.966979980468750000e-01 9.764149812089967934e-03
3.985469937324523926e-01 1.364939228662253590e-01
3.989970088005065918e-01 4.940002005945400010e-02
3.994880020618438721e-01 6.545516979423607329e-02
4.038519859313964844e-01 1.317312101300089910e-01
4.072729945182800293e-01 4.357736165806401496e-02
4.107860028743743896e-01 6.980726674519956154e-02
4.156369864940643311e-01 9.198142146547479137e-02
4.201830029487609863e-01 1.133964697535408822e-01
4.213249981403350830e-01 2.099059971074169195e-01
4.290289878845214844e-01 3.959384103765586221e-02
4.294849932193756104e-01 1.605786548939168168e-01
4.343029856681823730e-01 1.466463034737672810e-01
4.540779888629913330e-01 1.555222628126445850e-01
4.624449908733367920e-01 6.705803567325040182e-02
4.686590135097503662e-01 5.602364378817991514e-02
4.695850014686584473e-01 4.078652980375833959e-02
4.847010076045989990e-01 1.068210440420926527e-01
4.941129982471466064e-01 7.299133025303805589e-02
4.946239888668060303e-01 5.036111533860884552e-03
5.114899873733520508e-01 1.568830101156861445e-01
5.210809707641601562e-01 5.384701809298555325e-02
5.291730165481567383e-01 7.934287883226992522e-02
5.315369963645935059e-01 1.701409786225230661e-02
5.336740016937255859e-01 6.444955128936483146e-02
5.420799851417541504e-01 1.020996242619422525e-02
5.421209931373596191e-01 1.712428458499120829e-02
5.426319837570190430e-01 5.019043640967980890e-02
5.445359945297241211e-01 4.994015601641722812e-02
5.447270274162292480e-01 1.005562316120230948e-01
5.496519804000854492e-01 9.870112891863558335e-02
5.499640107154846191e-01 3.208376699615481109e-02
5.533819794654846191e-01 1.204789530787030716e-01
5.548549890518188477e-01 2.527242918036307628e-01
5.612109899520874023e-01 2.893109650463932328e-02
5.695949792861938477e-01 1.069500609809082362e-02
5.709530115127563477e-01 8.306959290799462159e-02
5.761500000953674316e-01 3.711632433269575898e-02
5.787240266799926758e-01 1.681086944980741266e-02
5.802649855613708496e-01 1.385029732628566823e-01
5.805090069770812988e-01 7.045416765541095971e-02
5.881389975547790527e-01 5.938549441157793540e-02
5.940290093421936035e-01 4.899236061738515557e-02
6.013569831848144531e-01 8.230199633326899800e-02
6.045169830322265625e-01 2.214609455124635362e-01
6.164349913597106934e-01 9.030628873287467606e-02
6.475250124931335449e-01 8.315554407021574779e-02
6.477810144424438477e-01 7.306173096965196123e-02
6.565099954605102539e-01 1.166650004821759568e-01
6.598230004310607910e-01 1.718789726119391570e-01
6.694959998130798340e-01 8.446601194705451177e-02
6.956710219383239746e-01 7.044602251697301698e-02
6.982110142707824707e-01 3.662057636795700843e-01
7.347589731216430664e-01 5.397101341491535725e-02
7.398319840431213379e-01 1.383952928724708209e-01
7.446029782295227051e-01 3.739741697977939927e-02
7.451059818267822266e-01 9.699554411992920844e-02
7.460259795188903809e-01 3.443780956930230647e-02
7.490469813346862793e-01 5.970483480970013163e-02
7.506660223007202148e-01 2.184844339028656490e-01
7.508659958839416504e-01 4.116707408933011070e-02
7.551630139350891113e-01 2.302850092153983785e-02
7.615060210227966309e-01 1.913265114399088224e-02
7.631959915161132812e-01 4.182647390448825109e-02
7.721369862556457520e-01 1.537494760713938036e-02
7.729669809341430664e-01 3.213729135877616255e-03
7.753850221633911133e-01 6.172061916214062471e-02
7.755640149116516113e-01 5.321355622679168479e-02
7.766990065574645996e-01 2.838097933328280476e-02
7.793210148811340332e-01 7.010592162301758357e-03
7.807549834251403809e-01 9.573360990862120334e-02
7.917299866676330566e-01 2.507467286647366983e-02
8.056439757347106934e-01 3.083660455711688675e-01
8.216009736061096191e-01 5.301800581148821689e-02
8.655120134353637695e-01 1.315367363762081632e-01
8.753619790077209473e-01 1.892324543893171562e-02
8.818600177764892578e-01 1.911436784273180464e-02
8.831089735031127930e-01 3.228824177242776983e-02
8.986740112304687500e-01 2.178177850177851760e-01
9.074069857597351074e-01 4.633811003504730019e-02
9.110440015792846680e-01 7.605241587972232098e-02
9.169260263442993164e-01 3.603335395627896287e-02
9.292920231819152832e-01 9.243883990042923993e-02
9.387189745903015137e-01 1.998541014696103568e-01
9.397709965705871582e-01 1.082087691759372194e-01
9.519929885864257812e-01 5.062205212912303243e-02
9.527390003204345703e-01 7.641075219261949103e-01
9.551789760589599609e-01 1.003383289327999806e-01
9.598240256309509277e-01 2.574617186733113919e-02
9.716399908065795898e-01 1.766726890117052140e-01
9.746649861335754395e-01 4.195590825039613447e-02
9.784759879112243652e-01 4.817854776134772310e-02
9.790459871292114258e-01 4.678487872419909849e-02
9.795100092887878418e-01 7.754941837524145787e-02
9.802510142326354980e-01 9.195439305160339749e-02
9.811660051345825195e-01 5.292685556527965129e-01
9.839339852333068848e-01 4.052008484201279070e-02
9.840120077133178711e-01 5.837753635548956904e-02
9.890930056571960449e-01 1.045660410077869223e-01
9.950799942016601562e-01 1.508840380619022314e-01
9.973340034484863281e-01 1.799672813317698336e-02
1.003440022468566895e+00 2.577358538118563677e-02
1.004189968109130859e+00 9.549738020467372912e-02
1.004819989204406738e+00 2.770425388501026598e-01
1.011150002479553223e+00 9.963898875113948173e-02
1.013260006904602051e+00 6.980710445341105352e-02
1.016459941864013672e+00 1.282819537988299785e-01
1.026160001754760742e+00 4.591114826882937427e-02
1.038910031318664551e+00 1.285747978219111687e-01
1.043650031089782715e+00 2.197773994397873576e-01
1.051470041275024414e+00 7.362101128523981797e-02
1.063760042190551758e+00 4.920004982978787994e-02
1.067919969558715820e+00 1.067328255433583201e-01
1.092329978942871094e+00 2.099477137323264297e-01
1.093680024147033691e+00 8.204183849075606660e-02
1.099259972572326660e+00 7.718527593829598021e-02
1.111610054969787598e+00 5.705659615535672163e-02
1.117670059204101562e+00 2.631923810455046309e-01
1.117849946022033691e+00 2.277931280599490224e-02
1.119989991188049316e+00 2.454613604754633110e-02
1.123340010643005371e+00 5.598009202845270760e-02
1.125939965248107910e+00 8.290918156990301213e-02
1.131019949913024902e+00 1.307893016789019591e-01
1.138319969177246094e+00 1.616388362897217545e-01
1.139240026473999023e+00 4.405002541814195122e-02
1.139989972114562988e+00 1.556552694414685412e-01
1.140720009803771973e+00 2.295192559498633322e-01
1.141870021820068359e+00 3.827733264255216150e-02
1.147779941558837891e+00 4.174703771131353658e-02
1.148460030555725098e+00 7.622890641855967209e-02
1.161839962005615234e+00 1.579213131155787417e-02
1.162729978561401367e+00 1.489112857132551260e-01
1.169039964675903320e+00 7.062783387921685307e-02
1.178709983825683594e+00 9.158981915019584474e-02
1.187059998512268066e+00 1.094371410945708112e-01
1.193930029869079590e+00 2.012536969894276190e-02
1.195269942283630371e+00 1.568946241054933882e-02
1.204609990119934082e+00 3.609922652423207257e-02
1.205530047416687012e+00 1.150174250350907423e-01
1.211269974708557129e+00 6.057141429291901941e-02
1.240249991416931152e+00 5.374614627515863358e-02
1.240739941596984863e+00 1.637055278952008752e-01
1.242840051651000977e+00 8.243259511331459122e-02
1.266199946403503418e+00 6.391329053386399783e-01
1.309659957885742188e+00 1.243935980640208383e-01
1.316849946975708008e+00 4.774194634376512092e-02
1.321720004081726074e+00 6.412093453116496367e-02
1.347820043563842773e+00 3.412580815126209366e-02
1.361279964447021484e+00 6.638966386956615673e-02
1.367660045623779297e+00 3.801283985404571575e-02
1.370990037918090820e+00 7.111071042163225053e-02
1.380419969558715820e+00 1.992595875751502488e-01
1.387740015983581543e+00 2.624933839252438506e-02
1.389209985733032227e+00 3.109217923262387329e-01
1.389700055122375488e+00 3.969733032044964888e-02
1.391139984130859375e+00 5.834806671242037668e-02
1.391409993171691895e+00 4.537812126391324585e-02
1.398309946060180664e+00 1.432772826112820308e-01
1.401450037956237793e+00 3.148696962067828453e-01
1.404389977455139160e+00 3.207468732524625804e-02
1.406309962272644043e+00 7.731006293688119646e-02
1.409829974174499512e+00 1.063957816930113376e-01
1.417260050773620605e+00 4.375306762337619754e-02
1.420480012893676758e+00 8.198494985324307482e-02
1.423370003700256348e+00 1.551735824874291569e-01
1.430089950561523438e+00 4.882126721984143131e-02
1.431550025939941406e+00 4.689165877453031067e-02
1.431560039520263672e+00 8.951441669027965231e-02
1.432610034942626953e+00 7.197820092255392821e-02
1.432860016822814941e+00 1.821066133593986919e-02
1.444030046463012695e+00 1.195685782092666266e-01
1.450729966163635254e+00 6.855937530632033594e-02
1.453009963035583496e+00 7.998436683896481547e-01
1.484799981117248535e+00 1.624323787758091830e-02
1.484959959983825684e+00 3.809448852353347625e-02
1.497539997100830078e+00 2.687105656286639666e-02
1.498250007629394531e+00 2.033955077927205798e-02
1.499140024185180664e+00 3.233690072901993645e-02
1.499390006065368652e+00 3.135166289728100880e-02
1.502410054206848145e+00 9.912065760637200906e-02
1.509189963340759277e+00 1.069771742257120614e-02
1.523939967155456543e+00 1.054762951330547316e-01
1.534819960594177246e+00 6.733345662894471007e-01
1.536880016326904297e+00 4.890990151178790935e-02
1.544759988784790039e+00 3.604373209399441141e-02
1.546869993209838867e+00 5.653688800593285185e-02
1.547080039978027344e+00 6.538055523416237691e-02
1.553060054779052734e+00 1.372430377657741785e-01
1.557760000228881836e+00 5.335631329559922809e-02
1.560400009155273438e+00 4.542414719348548957e-02
1.577110052108764648e+00 8.421921171611440604e-02
1.580829977989196777e+00 3.420818564228442910e-02
1.581979990005493164e+00 2.282530897318159335e-02
1.587610006332397461e+00 9.032362793571548087e-02
1.593009948730468750e+00 1.992584549361249568e-02
1.597319960594177246e+00 7.920328301090365231e-02
1.613579988479614258e+00 4.303952168121900901e-02
1.613770008087158203e+00 1.018754886713485464e-01
1.614439964294433594e+00 2.052081505421026603e-02
1.616430044174194336e+00 5.143765939048835362e-02
1.617319941520690918e+00 1.257561721606485772e-01
1.617480039596557617e+00 9.730505690443477795e-02
1.631800055503845215e+00 1.544044749572481660e-02
1.632060050964355469e+00 3.878175926645308080e-02
1.632269978523254395e+00 3.485789421199689958e-02
1.636890053749084473e+00 8.036805532996064982e-02
1.654590010643005371e+00 1.631537659289460374e-01
1.672479987144470215e+00 2.796504466396074542e-02
1.687999963760375977e+00 1.575978835134126399e-01
1.696550011634826660e+00 1.420740974426126790e-01
1.735039949417114258e+00 7.786584314461580947e-02
1.742030024528503418e+00 4.852211267943181555e-02
1.749709963798522949e+00 3.898505107376085133e-02
1.754629969596862793e+00 7.626983469097324830e-01
1.766109943389892578e+00 5.195986431755496293e-02
1.769449949264526367e+00 3.419691536400019660e-01
1.783460021018981934e+00 6.664659695366155490e-02
1.786419987678527832e+00 1.175523500143546701e-01
1.787780046463012695e+00 4.940360061648659679e-02
1.788040041923522949e+00 6.025470320935682328e-02
1.788980007171630859e+00 4.433719241317009285e-02
1.807890057563781738e+00 2.806891480029452546e-01
1.809640049934387207e+00 9.038275888326894811e-03
1.814110040664672852e+00 4.395348705603367018e-02
1.814520001411437988e+00 9.945107642645581447e-02
1.814919948577880859e+00 3.886255503745882356e-01
1.817729949951171875e+00 1.099819167906438133e-01
1.826859951019287109e+00 2.407163304938087639e-02
1.827769994735717773e+00 4.051742227045588424e-02
1.847720026969909668e+00 1.258278982380137412e-01
1.848160028457641602e+00 1.168705043742751387e-01
1.850129961967468262e+00 4.612304805531607099e-02
1.851979970932006836e+00 5.624669141772319775e-02
1.859959959983825684e+00 7.704341469434011769e-02
1.860640048980712891e+00 2.315847563094008618e-02
1.867290019989013672e+00 6.501825097340682702e-02
1.868289947509765625e+00 8.296221914957710442e-02
1.877400040626525879e+00 3.348353735686012689e-01
1.884479999542236328e+00 6.372601747439966824e-02
1.891489982604980469e+00 7.396754689614799816e-02
1.898339986801147461e+00 1.214187192989665404e-01
1.901900053024291992e+00 3.731326065044338613e-01
1.915269970893859863e+00 1.181998861355564208e-02
1.944039940834045410e+00 2.569044422468922395e-01
1.945899963378906250e+00 4.413043865498664231e-02
1.950620055198669434e+00 3.517798626638328485e-02
1.955299973487854004e+00 8.652486031281974438e-03
1.981850028038024902e+00 7.407537991768503582e-02
1.982120037078857422e+00 2.037976584115583703e-02
1.990910053253173828e+00 1.176556969682576448e-01
1.992349982261657715e+00 3.578960089375912146e-01
1.998559951782226562e+00 2.803756531082978939e-02
2.004189968109130859e+00 3.756106815560365103e-02
2.014859914779663086e+00 2.740125007208901731e-02
2.021850109100341797e+00 1.074275215017314600e-02
2.022020101547241211e+00 2.247889816455188317e-01
2.024260044097900391e+00 5.224091388940671488e-01
2.024640083312988281e+00 1.598745665341679278e-01
2.030679941177368164e+00 1.392650100851438588e-01
2.040950059890747070e+00 4.745909569026462299e-02
2.045469999313354492e+00 1.261982907527758324e-01
2.049700021743774414e+00 5.955982828064723678e-02
2.055999994277954102e+00 4.788572358554669950e-02
2.059819936752319336e+00 6.379338652326987935e-02
2.066190004348754883e+00 4.060545898855539432e-02
2.066469907760620117e+00 2.351267055844353249e-01
2.068830013275146484e+00 2.788979556410551286e-01
2.077039957046508789e+00 8.635919671543323961e-02
2.081720113754272461e+00 7.357859637183440660e-02
2.082600116729736328e+00 1.148481615984663362e+00
2.085040092468261719e+00 3.325080552988234073e-02
2.086529970169067383e+00 1.432846032349859022e-01
2.087519884109497070e+00 3.426708080549349666e-02
2.106930017471313477e+00 2.709359854680388757e-01
2.114099979400634766e+00 4.845023342330848637e-01
2.122149944305419922e+00 1.731195367245805805e-01
2.131370067596435547e+00 1.756403678331895646e-01
2.131750106811523438e+00 7.552702352808743358e-02
2.141920089721679688e+00 1.556803463146769206e-01
2.147350072860717773e+00 5.583249952166632890e-02
2.155319929122924805e+00 1.089264654547389966e-01
2.155499935150146484e+00 7.797859207803756187e-02
2.170000076293945312e+00 6.177166648461904913e-02
2.181380033493041992e+00 1.105287855487780968e-01
2.185920000076293945e+00 5.818893094235946806e-02
2.186820030212402344e+00 2.318884215687300188e-02
2.218549966812133789e+00 6.168506369051497684e-02
2.221139907836914062e+00 1.688545865765999077e-01
2.222199916839599609e+00 6.651801094418631211e-01
2.232249975204467773e+00 1.317008427035660123e+00
2.232909917831420898e+00 1.534128590737123543e-01
2.236210107803344727e+00 1.872018202854195887e-02
2.254169940948486328e+00 3.273263975020964528e-02
2.254630088806152344e+00 2.522850713136103318e-01
2.257210016250610352e+00 8.596584669414457369e-02
2.276550054550170898e+00 2.740421761181569549e-01
2.279540061950683594e+00 1.562213252956112797e-01
2.286299943923950195e+00 1.463344504890573272e-01
2.287189960479736328e+00 7.463460783849147628e-02
2.287280082702636719e+00 1.729634739073113159e-02
2.294569969177246094e+00 1.557290503225321719e-02
2.308199882507324219e+00 3.537467946192199286e-01
2.313030004501342773e+00 9.135496849032399835e-02
2.316699981689453125e+00 1.035516707938835657e+00
2.326750040054321289e+00 6.900167575689825084e-01
2.328109979629516602e+00 2.377043470775609402e-01
2.333580017089843750e+00 2.912063799012370308e-02
2.342040061950683594e+00 1.294916703196783425e-01
2.344069957733154297e+00 9.977333386333828158e-02
2.381789922714233398e+00 5.534542566060810659e-02
2.387619972229003906e+00 1.056658642359127875e-01
2.393790006637573242e+00 7.139665344536226532e-02
2.399120092391967773e+00 1.408208424336378495e-01
2.399699926376342773e+00 9.953150951886422515e-01
2.405119895935058594e+00 3.591063282343959218e-01
2.412110090255737305e+00 2.305031788861719999e-01
2.424590110778808594e+00 2.626253678215798373e-02
2.425679922103881836e+00 1.266133653090407152e-01
2.441489934921264648e+00 5.353053459822447457e-02
2.448019981384277344e+00 2.947149029300932255e-01
2.451639890670776367e+00 1.092105071351968416e-02
2.458349943161010742e+00 8.963481870065624912e-01
2.465780019760131836e+00 6.362041537219223497e-02
2.467600107192993164e+00 5.206447693037261071e-02
2.475549936294555664e+00 5.030825818616264933e-02
2.479899883270263672e+00 4.778130230401798906e-02
2.482180118560791016e+00 3.925863576184470127e-01
2.484920024871826172e+00 1.824776718453611224e-01
2.486010074615478516e+00 7.690413941713785118e-01
2.489710092544555664e+00 9.250806130583497447e-03
2.490809917449951172e+00 3.540063287381870621e-02
2.495769977569580078e+00 1.327347424572159762e-01
2.502749919891357422e+00 6.214168247818806223e-02
2.506639957427978516e+00 2.953046787874536588e-02
2.524909973144531250e+00 2.455327258011900660e-01
2.529079914093017578e+00 7.405703752347168878e-02
2.532910108566284180e+00 2.241338253712129858e-01
2.535919904708862305e+00 9.527165298374273839e-02
2.551019906997680664e+00 3.454289588994357424e-02
2.558370113372802734e+00 5.201466361737244054e-02
2.560110092163085938e+00 2.364669279417433434e-02
2.563339948654174805e+00 1.281574782445688288e-01
2.564150094985961914e+00 1.738276428961198911e-02
2.569329977035522461e+00 2.031890562065983077e-02
2.573580026626586914e+00 5.335193839737532029e-01
2.574259996414184570e+00 3.299493914817122620e-02
2.582469940185546875e+00 2.141595030712291903e-01
2.615600109100341797e+00 1.872515672002975085e-01
2.616509914398193359e+00 3.119703503359925675e-02
2.619940042495727539e+00 7.009423392763630689e-02
2.630059957504272461e+00 2.644449617613640058e-01
2.632349967956542969e+00 8.272716311079784945e-02
2.639219999313354492e+00 2.298599265873140784e-01
2.646120071411132812e+00 9.845465678515405439e-02
2.668299913406372070e+00 3.498255066402353175e-02
2.674860000610351562e+00 6.505543277505401734e-02
2.679029941558837891e+00 2.797452574118839963e-01
2.681200027465820312e+00 5.772132740827141256e-02
2.684390068054199219e+00 1.949263875499358811e-01
2.684520006179809570e+00 4.106321849446253197e-02
2.684570074081420898e+00 1.044308177028969997e-01
2.689810037612915039e+00 5.445449663780205923e-02
2.694220066070556641e+00 8.597450994183786221e-02
2.695060014724731445e+00 4.910004237598557530e-01
2.697910070419311523e+00 4.000084740797828220e-02
2.698179960250854492e+00 3.114042863632914340e-02
2.704149961471557617e+00 5.282364813939417758e-02
2.710560083389282227e+00 8.975497891756767377e-02
2.720499992370605469e+00 1.628753333982709550e-01
2.725670099258422852e+00 1.944504356516561783e-01
2.726099967956542969e+00 4.525038547859856070e-02
2.726289987564086914e+00 7.925827445764889456e-02
2.731250047683715820e+00 1.726440279712398995e-02
2.763720035552978516e+00 1.662962472086995380e-01
2.811619997024536133e+00 1.868500313860385897e-01
2.813430070877075195e+00 7.651297981546596738e-02
2.825690031051635742e+00 6.741812547421502377e-02
2.842900037765502930e+00 2.931209825121580334e-02
2.856240034103393555e+00 2.035452225586718566e-01
2.862879991531372070e+00 1.804053480681356431e-02
2.864619970321655273e+00 2.719667052630738227e-02
2.866199970245361328e+00 6.484209123877360259e-02
2.866709947586059570e+00 1.235549727359043504e-01
2.871210098266601562e+00 4.879652360324675253e-02
2.874160051345825195e+00 1.117932955741267886e-01
2.874439954757690430e+00 7.958181260444210925e-02
2.889519929885864258e+00 9.353077548377154715e-02
2.889780044555664062e+00 3.321714647828463707e-02
2.894759893417358398e+00 4.670624940213255472e-02
2.911720037460327148e+00 3.550195385896164069e-02
2.912729978561401367e+00 6.812714652625528888e-02
2.914299964904785156e+00 2.336525236610246525e-01
2.916749954223632812e+00 7.594682928712336023e-02
2.918179988861083984e+00 2.132357683207887489e-02
2.919929981231689453e+00 1.370251542868786976e-01
2.923310041427612305e+00 1.176595143288677453e-01
2.928109884262084961e+00 1.129441286438181147e-01
2.928699970245361328e+00 4.153389194868244844e-02
2.937360048294067383e+00 1.919564771000116521e-02
2.949460029602050781e+00 1.029611392372446338e-01
2.950400114059448242e+00 4.196973261130770155e-02
2.952600002288818359e+00 2.459466615893221575e-02
2.954200029373168945e+00 7.551288008975418076e-02
2.965339899063110352e+00 1.662395043468129982e-02
2.980550050735473633e+00 4.302293585425373545e-02
2.983799934387207031e+00 3.507744107684338669e-02
2.988219976425170898e+00 1.073251339467564541e-01
2.994019985198974609e+00 8.850853558954135947e-02
2.996160030364990234e+00 9.079728931951235038e-02
3.005429983139038086e+00 8.687616277082767235e-02
3.011320114135742188e+00 2.713184485491630660e-02
3.036989927291870117e+00 3.542156099902903782e-02
3.039870023727416992e+00 3.016631918900209569e-02
3.042140007019042969e+00 1.186807903732342018e-01
3.052139997482299805e+00 2.984584318073192633e-02
3.057689905166625977e+00 1.348970640823224931e-01
3.059050083160400391e+00 7.294826335626540537e-02
3.060080051422119141e+00 1.832225188981154856e-02
3.061029911041259766e+00 5.533532770463796963e-02
3.061520099639892578e+00 3.803007469602086993e-02
3.062139987945556641e+00 1.511668703895415466e-01
3.064510107040405273e+00 9.675463372941647822e-02
3.069350004196166992e+00 3.660281796228308931e-02
3.080620050430297852e+00 2.749258759215923720e-02
3.081919908523559570e+00 5.843052002628917191e-02
3.085119962692260742e+00 6.451239562709321085e-03
3.087320089340209961e+00 6.413865216605250941e-02
3.087549924850463867e+00 1.284761568211614975e-02
3.088660001754760742e+00 1.512347563326985056e-01
3.090049982070922852e+00 1.911148772031683596e-01
3.096440076828002930e+00 8.157771767715925326e-02
3.111299991607666016e+00 2.897975922424469303e-02
3.111419916152954102e+00 2.865032552200746929e-02
3.113369941711425781e+00 6.167017675693576423e-02
3.147540092468261719e+00 4.912179040833423993e-02
3.153450012207031250e+00 2.009917282489380105e-02
3.158220052719116211e+00 3.549378982051906023e-02
3.163079977035522461e+00 2.219050488030544221e-01
3.171299934387207031e+00 2.179616985030838061e-01
3.181879997253417969e+00 4.162810372822816074e-01
3.202850103378295898e+00 7.496693615151178713e-02
3.215159893035888672e+00 1.207047774011959784e-01
3.240190029144287109e+00 2.641795304536578154e-02
3.243779897689819336e+00 1.103512069987301891e-01
3.251199960708618164e+00 1.120944785221949513e-01
3.255290031433105469e+00 1.546537801593977565e-02
3.258579969406127930e+00 8.235302193117848002e-02
3.264389991760253906e+00 5.517856090354994469e-02
3.264400005340576172e+00 4.512149183951393028e-02
3.275969982147216797e+00 6.503431722347599586e-02
3.277260065078735352e+00 1.083131713414033359e-01
3.277359962463378906e+00 7.817261879688382209e-02
3.277859926223754883e+00 9.595301006886333695e-02
3.284840106964111328e+00 6.031958475833043565e-02
3.288049936294555664e+00 4.760093697476100449e-02
3.289849996566772461e+00 1.293903569347597815e-01
3.295099973678588867e+00 4.212382733025915593e-02
3.297339916229248047e+00 1.157757647044012350e-01
3.297620058059692383e+00 4.460429328042138375e-02
3.298860073089599609e+00 3.983069865728280923e-02
3.305069923400878906e+00 6.012862003873493261e-02
3.310729980468750000e+00 3.760532336865570618e-02
3.311800003051757812e+00 2.151105025842742491e-01
3.312930107116699219e+00 1.129950060396257283e-01
3.313960075378417969e+00 6.042050430688425400e-02
3.335669994354248047e+00 8.995282734833327798e-02
3.413530111312866211e+00 7.621233033783512967e-02
3.426719903945922852e+00 1.633240516999638625e-01
3.429450035095214844e+00 2.240965253517632760e-01
3.439280033111572266e+00 1.533787083728806004e-02
3.448770046234130859e+00 6.895497833701798307e-02
3.456559896469116211e+00 8.705708248877976063e-02
3.463190078735351562e+00 7.752496525417990059e-02
3.463910102844238281e+00 5.012458739851707867e-02
3.472579956054687500e+00 1.144201133032723278e-01
3.474809885025024414e+00 8.882236204027685322e-02
3.477519989013671875e+00 1.087067175910224892e-01
3.481430053710937500e+00 8.457703304375395470e-02
3.485150098800659180e+00 1.241442360740802470e-01
3.488850116729736328e+00 4.973622465003677690e-02
3.498899936676025391e+00 1.298599523834351732e-01
3.504899978637695312e+00 4.608004089926260455e-02
3.508249998092651367e+00 1.710489915034721364e-02
3.509890079498291016e+00 8.138150547261596701e-02
3.510390043258666992e+00 2.993960307658001876e-02
3.515439987182617188e+00 3.259009878188875303e-02
3.519089937210083008e+00 1.009915376640172224e-01
3.524329900741577148e+00 5.573453268494035079e-02
3.527199983596801758e+00 4.538734396967124968e-02
3.527329921722412109e+00 4.597210063164861027e-02
3.527379989624023438e+00 5.214501385745767825e-02
3.529069900512695312e+00 6.070621829006699749e-02
3.529309988021850586e+00 1.875095610930254120e-01
3.534630060195922852e+00 6.781933859173429335e-02
3.540329933166503906e+00 1.012497311397535793e-01
3.541510105133056641e+00 4.916753690433275231e-02
3.542809963226318359e+00 4.534260397861913927e-02
3.544800043106079102e+00 3.386429235907186669e-02
3.546139955520629883e+00 2.658422866445291355e-01
3.582669973373413086e+00 1.876818706345222479e-02
3.582760095596313477e+00 8.131058111075353811e-02
3.611860036849975586e+00 4.464673390426820987e-02
3.627069950103759766e+00 7.415897284874765905e-02
3.631520032882690430e+00 6.170399430236096772e-02
3.631599903106689453e+00 1.094791852504038883e-02
3.636110067367553711e+00 2.785062324526548991e-02
3.639410018920898438e+00 9.800986282949307460e-02
3.643680095672607422e+00 7.564541350365187877e-02
3.649580001831054688e+00 5.064400976121521958e-02
3.652090072631835938e+00 4.690362493652672909e-02
3.653559923171997070e+00 9.688535757795761760e-02
3.653640031814575195e+00 8.541540989628142178e-02
3.660470008850097656e+00 2.562843462231562466e-02
3.661129951477050781e+00 2.229282624965970572e-01
3.672660112380981445e+00 1.862462991614877161e-01
3.675420045852661133e+00 1.141339911569445031e-01
3.676480054855346680e+00 1.267748158544804160e-01
3.677350044250488281e+00 3.058961881349531176e-02
3.681639909744262695e+00 1.150853473647298064e-01
3.681940078735351562e+00 6.467045094828526020e-02
3.690999984741210938e+00 3.998303199396655710e-02
3.694360017776489258e+00 3.279829973206237897e-02
3.695399999618530273e+00 2.563815072744072762e-02
3.696569919586181641e+00 3.848399327943965303e-02
3.696599960327148438e+00 3.445744732963777757e-02
3.711260080337524414e+00 1.304818896725432609e-01
3.714440107345581055e+00 8.755264257386995153e-02
3.721610069274902344e+00 9.950595722081483074e-02
3.723079919815063477e+00 7.183059223891846701e-02
3.725250005722045898e+00 1.086696812224460795e-02
3.736920118331909180e+00 2.534274758620527757e-01
3.745990037918090820e+00 9.513196798134773702e-02
3.756619930267333984e+00 8.653717604976532418e-03
3.758179903030395508e+00 3.307993680907479750e-02
3.817359924316406250e+00 1.099456847708886742e-01
3.851089954376220703e+00 6.889432552907213958e-02
3.856570005416870117e+00 3.431793381154352868e-02
3.864449977874755859e+00 1.309098998150751147e-01
3.873189926147460938e+00 3.378680130126725245e-02
3.876749992370605469e+00 3.678073995160537069e-02
3.878279924392700195e+00 2.650240416667037358e-01
3.878410100936889648e+00 1.087901129559434715e-01
3.878420114517211914e+00 5.971296123621373103e-02
3.878809928894042969e+00 5.670989812667951574e-02
3.878819942474365234e+00 5.362894442225041303e-02
3.879090070724487305e+00 1.988662100999159799e-02
3.881050109863281250e+00 1.311652393634039904e-01
3.881059885025024414e+00 1.751067725740942937e-01
3.886739969253540039e+00 8.581589107396514482e-02
3.889980077743530273e+00 7.691924878402783827e-02
3.890209913253784180e+00 5.478538533677272671e-02
3.890640020370483398e+00 1.480542346056155922e-01
3.891819953918457031e+00 2.032766944509952489e-01
3.903120040893554688e+00 4.356043381691154792e-02
3.914220094680786133e+00 1.693666583855987229e-01
3.917900085449218750e+00 8.532883329952847817e-02
3.922009944915771484e+00 3.590415975105143431e-02
3.927880048751831055e+00 1.337224290541955962e-01
3.953900098800659180e+00 2.827535873509603448e-01
3.991849899291992188e+00 2.194773094201511454e-01
3.997590065002441406e+00 3.752334795609536811e-02
3.998549938201904297e+00 3.779235290999794633e-02
4.001580238342285156e+00 3.070720474804279621e-02
4.006430149078369141e+00 5.441031930780593912e-02
4.014659881591796875e+00 1.352700820860989472e-01
4.025109767913818359e+00 8.283647986443118394e-02
4.053070068359375000e+00 8.612727803689014527e-02
4.065949916839599609e+00 6.652112893141121086e-02
4.072000026702880859e+00 7.883337221147442009e-02
4.073719978332519531e+00 7.039100361529405936e-02
4.075139999389648438e+00 6.375734440013920701e-02
4.082039833068847656e+00 8.815592531930482867e-02
4.082469940185546875e+00 2.656234457385064918e-01
4.083449840545654297e+00 1.211259954459334570e-01
4.089890003204345703e+00 1.140541427618360637e-02
4.090159893035888672e+00 2.423416228961990798e-02
4.091020107269287109e+00 7.244799860086469090e-02
4.091660022735595703e+00 1.284821772463974089e-02
4.095069885253906250e+00 5.437369456789351019e-02
4.100949764251708984e+00 9.690668528034054874e-02
4.107200145721435547e+00 5.533219653154981127e-02
4.107329845428466797e+00 1.081903845992092383e-01
4.108240127563476562e+00 9.794286151077553904e-02
4.117380142211914062e+00 1.426945254018211970e-02
4.121429920196533203e+00 1.385683731129071054e-02
4.121829986572265625e+00 2.364048131965116872e-01
4.123650074005126953e+00 4.980025293658794927e-02
4.123839855194091797e+00 3.048325484934449187e-02
4.128129959106445312e+00 8.088564010985331565e-02
4.140699863433837891e+00 7.718607793948137341e-02
4.151509761810302734e+00 2.768079821016336539e-02
4.156099796295166016e+00 9.606164648000373174e-02
4.156579971313476562e+00 1.190492724555115324e-02
4.186329841613769531e+00 2.132442137186364370e-02
4.204050064086914062e+00 6.908081996006094905e-02
4.216179847717285156e+00 4.497533122391681598e-02
4.220560073852539062e+00 1.100353335113551934e-01
4.226019859313964844e+00 5.626727267480834821e-02
4.229390144348144531e+00 1.199594583131880360e-01
4.230209827423095703e+00 4.330428575606512509e-02
4.231140136718750000e+00 1.009759653620040040e-02
4.233670234680175781e+00 5.787711266912442393e-02
4.234419822692871094e+00 6.618223865976954889e-02
4.236179828643798828e+00 4.893334611212946800e-02
4.236939907073974609e+00 1.133176078483281862e-01
4.244460105895996094e+00 2.683776921753134453e-02
4.249509811401367188e+00 1.546715683166802885e-02
4.253809928894042969e+00 3.045773498517805045e-02
4.255159854888916016e+00 1.445567869135398753e-01
4.258130073547363281e+00 4.482662818214603467e-02
4.259910106658935547e+00 1.882891130683395642e-01
4.264830112457275391e+00 3.064227168842380278e-02
4.265369892120361328e+00 3.211284332147223974e-01
4.270189762115478516e+00 8.697822682073252931e-02
4.274350166320800781e+00 4.602720677506431241e-02
4.280419826507568359e+00 1.034401019074886047e-01
4.284440040588378906e+00 3.681391630536653969e-02
4.300119876861572266e+00 3.691070464088908043e-02
4.302790164947509766e+00 4.359657327080925654e-02
4.311840057373046875e+00 5.055824723001457743e-02
4.314499855041503906e+00 2.262948526924649650e-01
4.317379951477050781e+00 1.292882312207174478e-01
4.326270103454589844e+00 1.540193429974949790e-01
4.336810111999511719e+00 3.642343739794203228e-01
4.342299938201904297e+00 2.895152112210212098e-02
4.382180213928222656e+00 1.000839982658783267e-01
4.423210144042968750e+00 7.675294171694176104e-02
4.431540012359619141e+00 6.493770639574576731e-02
4.434800148010253906e+00 3.617359107248638989e-02
4.438230037689208984e+00 1.594430001958390200e-02
4.452129840850830078e+00 7.675078334099671995e-02
4.452509880065917969e+00 2.170442268647072501e-02
4.456170082092285156e+00 7.872414263582051472e-03
4.461080074310302734e+00 5.282294108775847929e-02
4.462220191955566406e+00 4.506077811037158265e-02
4.466370105743408203e+00 1.345461746514119428e-01
4.466579914093017578e+00 3.663456985076657402e-02
4.468820095062255859e+00 9.635965023890297187e-02
4.469639778137207031e+00 1.185900288057774483e-02
4.470049858093261719e+00 1.597337802216504954e-01
4.471469879150390625e+00 6.448477801016729710e-03
4.472199916839599609e+00 2.445179196424675516e-01
4.476950168609619141e+00 5.942981073346831344e-02
4.483119964599609375e+00 3.572856721784337802e-02
4.484099864959716797e+00 1.830777147056228751e-02
4.485079765319824219e+00 4.008427651765559263e-01
4.485889911651611328e+00 6.266995050442525361e-02
4.489359855651855469e+00 2.968159377111388997e-01
4.491439819335937500e+00 1.222141738611447551e-02
4.506319999694824219e+00 1.826417995262585026e-01
4.576509952545166016e+00 1.022976394524785920e-01
4.583559989929199219e+00 8.794375324018373352e-02
4.584199905395507812e+00 2.637725908000281699e-02
4.594029903411865234e+00 8.335029045190407715e-02
4.597789764404296875e+00 1.809984545312958992e-01
4.606830120086669922e+00 2.067399688601651020e-01
4.619249820709228516e+00 1.342792226626553058e-02
4.633989810943603516e+00 7.095127138925064192e-02
4.634600162506103516e+00 5.012211798291842380e-01
4.642350196838378906e+00 2.080649375872013762e-02
4.645890235900878906e+00 1.092125799682437948e-01
4.657380104064941406e+00 2.012484453017006694e-02
4.660419940948486328e+00 2.205383234444480700e-01
4.661340236663818359e+00 2.222220116947022928e-01
4.669149875640869141e+00 6.186413658130686388e-02
4.674580097198486328e+00 4.702602688032009315e-02
4.674809932708740234e+00 1.378146191092121664e-01
4.683599948883056641e+00 7.312564126342264992e-02
4.687170028686523438e+00 4.238376384935376405e-03
4.690179824829101562e+00 4.525495086919827797e-02
4.693299770355224609e+00 1.068767879169297674e-03
4.693540096282958984e+00 5.348931369342810327e-02
4.695049762725830078e+00 2.228066595937654507e-02
4.695499897003173828e+00 7.109278147556384597e-02
4.698979854583740234e+00 1.433982199404669131e-02
4.701049804687500000e+00 2.411113465989835405e-02
4.704020023345947266e+00 1.148704759571000933e-01
4.705359935760498047e+00 6.568829740167771158e-02
4.705389976501464844e+00 1.531800103741934316e-02
4.706379890441894531e+00 6.527186378234196840e-02
4.708909988403320312e+00 5.806453828444228804e-02
4.714960098266601562e+00 2.331019081484931796e-02
4.717420101165771484e+00 7.965440860560768499e-02
4.758600234985351562e+00 9.741483725929041271e-03
4.761000156402587891e+00 2.646794557590265162e-02
4.778830051422119141e+00 1.017339874918943288e-01
4.787930011749267578e+00 1.043501877705407671e-01
4.790249824523925781e+00 5.008957658933760326e-02
4.794829845428466797e+00 1.446939921325224032e-01
4.795710086822509766e+00 5.626670914939191359e-02
4.811560153961181641e+00 1.211784312471232278e-01
4.813670158386230469e+00 2.030888477764851707e-01
4.814179897308349609e+00 7.854938515444523373e-02
4.826379776000976562e+00 2.504306487020216410e-02
4.828330039978027344e+00 2.949474628119697073e-02
4.833280086517333984e+00 2.944562877179124349e-02
4.833650112152099609e+00 1.551038651350367670e-01
4.836689949035644531e+00 8.931274929349367064e-02
4.840400218963623047e+00 1.841571174672618494e-01
4.841549873352050781e+00 1.132105272049130709e-02
4.846250057220458984e+00 1.478311560947427952e-02
4.849540233612060547e+00 2.719216952246661378e-01
4.849669933319091797e+00 4.665260925174637835e-02
4.850160121917724609e+00 1.156956977031118466e-01
4.854279994964599609e+00 3.546408812050327874e-02
4.859920024871826172e+00 6.843654763618789959e-03
4.864109992980957031e+00 1.042096537341107021e-01
4.868259906768798828e+00 1.074548995084412123e-01
4.868299961090087891e+00 1.597783126919899779e-02
4.888179779052734375e+00 1.627041778657720150e-01
4.890500068664550781e+00 6.436939454502317581e-02
4.903140068054199219e+00 6.542730192666401656e-02
4.910069942474365234e+00 1.850326423093960893e-01
4.917089939117431641e+00 6.821925454202339145e-02
4.917210102081298828e+00 2.884412751853539514e-01
4.923749923706054688e+00 7.928752830668255036e-02
4.930840015411376953e+00 3.986868120978726004e-02
4.946519851684570312e+00 4.441687110785337567e-02
5.013770103454589844e+00 1.299687923078079732e-01
5.028840065002441406e+00 8.076530173974952320e-02
5.031589984893798828e+00 2.067503481746326560e-02
5.034289836883544922e+00 5.099064948594399932e-02
5.037650108337402344e+00 5.286299211753892058e-02
5.042829990386962891e+00 2.077519053187792605e-02
5.042870044708251953e+00 3.329151994458130481e-01
5.046080112457275391e+00 1.312211644773923769e-01
5.051990032196044922e+00 1.034908214365200113e-01
5.052380084991455078e+00 3.024280592468511081e-02
5.059669971466064453e+00 5.981927570133181021e-02
5.060629844665527344e+00 1.727670593099112917e-01
5.061950206756591797e+00 2.701324855349486118e-02
5.062580108642578125e+00 9.690761090922425658e-02
5.063889980316162109e+00 1.481863611666233982e-01
5.064310073852539062e+00 1.441283581640712130e-01
5.067100048065185547e+00 8.447493264430537552e-02
5.070710182189941406e+00 2.043165528045531310e-01
5.071990013122558594e+00 8.609950243520950175e-02
5.072669982910156250e+00 8.904768377982197336e-02
5.077250003814697266e+00 5.687112328648593479e-02
5.078010082244873047e+00 4.081918473390434149e-02
5.081880092620849609e+00 8.268729857612422407e-02
5.087930202484130859e+00 3.595913790117811343e-02
5.163010120391845703e+00 1.085187918954014369e-01
5.177909851074218750e+00 6.125462002291205688e-02
5.195290088653564453e+00 4.199096846223571849e-02
5.205269813537597656e+00 5.485905994552878195e-02
5.211830139160156250e+00 1.807854270579440925e-01
5.217050075531005859e+00 2.643296194320425563e-02
5.220689773559570312e+00 8.461247854932055223e-02
5.250249862670898438e+00 2.837706957934028607e-01
5.253109931945800781e+00 9.386522785144905956e-02
5.254350185394287109e+00 5.458622344955363359e-02
5.256879806518554688e+00 3.120038998358707835e-02
5.257989883422851562e+00 1.754216920734115448e-02
5.265019893646240234e+00 1.072491168244850135e-01
5.265560150146484375e+00 3.453787028242032847e-02
5.265719890594482422e+00 1.055740513521775253e-01
5.268549919128417969e+00 1.130142759299793964e-01
5.270319938659667969e+00 8.852108527816722472e-02
5.271019935607910156e+00 1.091890834341193717e-01
5.272540092468261719e+00 2.240757752123917132e-02
5.276569843292236328e+00 4.699039411098683561e-02
5.277850151062011719e+00 1.159326025741175444e-02
5.280570030212402344e+00 3.216115224410955736e-02
5.285389900207519531e+00 1.919946016515692438e-02
5.286469936370849609e+00 3.246624124562577651e-02
5.291749954223632812e+00 1.414961487433723068e-02
5.294539928436279297e+00 4.425185878517987059e-02
5.297639846801757812e+00 2.149434771453278270e-01
5.297969818115234375e+00 3.471070478133319454e-02
5.298039913177490234e+00 2.743974006531115645e-02
5.299029827117919922e+00 2.428903331040714944e-02
5.300260066986083984e+00 1.212286179645207657e-01
5.302259922027587891e+00 1.745185461811604721e-02
5.310959815979003906e+00 4.300875868117121081e-02
5.320799827575683594e+00 4.258653974354781324e-02
5.372099876403808594e+00 1.005265833322084440e-01
5.391489982604980469e+00 3.772852467525046605e-02
5.397679805755615234e+00 3.163057561387012245e-02
5.400899887084960938e+00 4.798285240746245905e-02
5.405240058898925781e+00 8.149465323121490856e-02
5.414390087127685547e+00 9.326848570655489612e-02
5.414999961853027344e+00 1.433588489137722737e-02
5.415190219879150391e+00 5.099088053616113170e-02
5.418940067291259766e+00 9.715617360036914174e-02
5.419849872589111328e+00 5.830465327524429753e-02
5.423339843750000000e+00 3.440585083865877608e-02
5.424910068511962891e+00 4.146217182507001137e-02
5.426839828491210938e+00 8.537788265545383226e-02
5.432250022888183594e+00 1.037290289463522197e-01
5.432849884033203125e+00 4.364224349462734326e-02
5.440609931945800781e+00 1.012482872917415261e-01
5.442160129547119141e+00 2.007644912471097040e-02
5.444250106811523438e+00 7.348868694065203988e-02
5.445240020751953125e+00 5.705876334537363093e-02
5.446690082550048828e+00 4.782403728896546247e-02
5.447740077972412109e+00 8.792777080918832977e-02
5.448699951171875000e+00 3.900596147555428217e-02
5.449800014495849609e+00 2.930013952096474986e-02
5.452089786529541016e+00 1.550905907639343606e-01
5.464300155639648438e+00 8.546933197795931747e-01
5.470620155334472656e+00 6.651114197413281193e-02
5.476490020751953125e+00 3.314721127407198598e-01
5.483560085296630859e+00 8.972477940006073904e-02
5.490540027618408203e+00 9.924699613679459353e-02
5.501550197601318359e+00 1.534110417374608126e-01
5.502989768981933594e+00 2.849552799640459391e-02
5.527480125427246094e+00 8.050655350010643696e-02
5.538400173187255859e+00 1.220752069421668085e-01
5.568890094757080078e+00 1.943765019632703595e-01
5.599120140075683594e+00 7.000914774173198907e-02
5.603189945220947266e+00 1.031027163092775728e-01
5.606540203094482422e+00 6.456628544607483089e-02
5.617650032043457031e+00 1.687368722493132467e-01
5.618919849395751953e+00 1.758608197939142553e-02
5.630970001220703125e+00 2.448844166829003410e-02
5.632180213928222656e+00 9.500261541281666833e-02
5.634900093078613281e+00 1.086096938517124438e-01
5.640470027923583984e+00 1.640288032274373753e-01
5.640810012817382812e+00 1.076671435245826619e-01
5.643430233001708984e+00 3.479767178674044587e-02
5.643489837646484375e+00 2.153564462401999779e-01
5.643499851226806641e+00 1.138963949646574214e-01
5.651179790496826172e+00 1.591507643666457694e-01
5.652329921722412109e+00 2.006379865587579886e-02
5.652770042419433594e+00 3.023968421321923672e-01
5.658659934997558594e+00 2.061583997849883443e-01
5.659709930419921875e+00 5.602000020300983152e-02
5.659790039062500000e+00 2.454712751133950599e-01
5.662310123443603516e+00 5.282169211055881552e-02
5.670479774475097656e+00 4.548097685031285420e-02
5.680319786071777344e+00 6.103540135379230402e-02
5.683790206909179688e+00 8.701034998842102630e-02
5.694980144500732422e+00 2.449319479899971647e-02
5.762919902801513672e+00 6.066801040998184152e-02
5.769330024719238281e+00 4.538726281134763951e-02
5.769460201263427734e+00 4.170512724331783966e-02
5.775700092315673828e+00 8.230964948745253529e-02
5.779260158538818359e+00 4.099432334505691972e-02
5.800600051879882812e+00 1.679470439830138828e-01
5.807380199432373047e+00 9.199113543178086827e-01
5.808619976043701172e+00 1.437546409227832556e-01
5.815740108489990234e+00 7.642216256294458165e-02
5.826369762420654297e+00 4.522987391965617443e-02
5.830070018768310547e+00 4.367716880920640560e-02
5.833610057830810547e+00 7.994178113747152370e-02
5.840670108795166016e+00 8.485463673864031275e-02
5.848579883575439453e+00 5.080564858597161337e-02
5.853169918060302734e+00 7.583776860264440645e-02
5.853909969329833984e+00 6.805453014739616668e-02
5.857230186462402344e+00 1.425564815441518474e-02
5.863520145416259766e+00 1.846719766047716501e-03
5.864749908447265625e+00 2.354868012943720987e-02
5.865499973297119141e+00 2.337922318121511689e-02
5.866809844970703125e+00 8.714007826922312572e-02
5.867680072784423828e+00 1.785923933920494089e-01
5.867849826812744141e+00 1.726306634199860079e-01
5.873909950256347656e+00 2.264714489277644405e-02
5.874229907989501953e+00 4.536739049579190802e-02
5.877679824829101562e+00 4.625675774217276326e-02
5.879759788513183594e+00 1.432212609229116806e-01
5.884600162506103516e+00 6.300714622632599959e-02
5.889060020446777344e+00 5.342682195482219981e-02
5.890079975128173828e+00 2.513590953094348435e-01
5.890570163726806641e+00 4.422075468383463576e-02
5.897870063781738281e+00 9.838681950843057578e-02
5.897960186004638672e+00 2.800973945011778557e-02
5.905950069427490234e+00 2.582920431537195222e-02
5.924870014190673828e+00 2.570909624773782057e-02
5.929979801177978516e+00 1.107975756207111445e-01
5.957359790802001953e+00 3.922471985691100005e-01
5.963359832763671875e+00 4.517749299945261060e-02
5.989429950714111328e+00 1.759623999614255349e-02
6.006889820098876953e+00 4.651684865934139351e-02
6.008100032806396484e+00 1.103269910145678739e-01
6.008619785308837891e+00 2.904583022570935910e-02
6.010799884796142578e+00 5.070300383749384160e-02
6.011670112609863281e+00 1.767515793415153635e-01
6.016310214996337891e+00 1.014628026118311460e-01
6.018360137939453125e+00 5.807369896412108157e-02
6.020269870758056641e+00 9.773690566582134143e-02
6.021930217742919922e+00 6.384057459081854402e-02
6.023180007934570312e+00 9.091208119725691095e-02
6.024189949035644531e+00 3.285852413792636484e-02
6.024960041046142578e+00 7.203669885531324701e-02
6.029660224914550781e+00 4.716672040982780589e-02
6.029930114746093750e+00 2.047120577597648719e-02
6.030680179595947266e+00 5.866895855591578585e-02
6.039289951324462891e+00 5.480189027206457120e-02
6.041180133819580078e+00 1.523863560918235251e-02
6.043990135192871094e+00 1.261414705599754327e-01
6.044600009918212891e+00 2.442234843915772752e-02
6.047239780426025391e+00 6.103855347153984423e-02
6.050320148468017578e+00 1.372645209691620016e-01
6.052120208740234375e+00 1.312018297621710683e-01
6.061180114746093750e+00 2.480630473569607752e-01
6.068240165710449219e+00 1.982938846908034181e-01
6.073820114135742188e+00 3.113283344968956756e-01
6.087009906768798828e+00 1.007422496301288023e-01
6.092329978942871094e+00 7.631130941193289829e-02
6.104599952697753906e+00 3.418221257218938269e-02
6.124899864196777344e+00 1.057134521829536204e-02
6.187310218811035156e+00 5.787446207222388117e-02
6.197470188140869141e+00 5.955469241396269681e-02
6.214980125427246094e+00 6.658050240191910885e-02
6.215240001678466797e+00 2.592637479984865045e-01
6.219329833984375000e+00 2.308551245422834491e-02
6.221099853515625000e+00 5.821088373288998280e-02
6.226180076599121094e+00 2.045493410171273230e-01
6.226860046386718750e+00 3.941115974215617795e-02
6.231180191040039062e+00 5.589935673400386884e-02
6.235859870910644531e+00 8.583956700034428219e-03
6.236330032348632812e+00 1.887618841213799595e-02
6.236420154571533203e+00 1.403839010941474730e-01
6.236969947814941406e+00 3.073548958619841051e-02
6.238249778747558594e+00 8.388351829374654511e-02
6.240610122680664062e+00 4.044361492145535919e-02
6.241330146789550781e+00 8.702807525369808672e-02
6.243040084838867188e+00 5.058761474255148854e-02
6.253449916839599609e+00 5.366861963295695842e-02
6.255440235137939453e+00 3.325985638071340955e-02
6.262650012969970703e+00 2.245773684654720215e-01
6.263189792633056641e+00 2.365971823417488129e-01
6.266200065612792969e+00 8.654925931345609780e-02
6.267990112304687500e+00 4.471459888605591043e-02
6.273759841918945312e+00 6.124729944978237611e-02
6.315330028533935547e+00 2.969267425164318075e-01
6.334310054779052734e+00 2.102071605143511490e-02
6.348549842834472656e+00 2.864671735398554436e-02
6.353040218353271484e+00 6.936555198771074404e-02
6.353519916534423828e+00 1.753176223807595413e-01
6.371729850769042969e+00 1.031127288424942140e-01
6.379079818725585938e+00 6.544903094123299958e-02
6.406509876251220703e+00 7.664473317992237522e-02
6.420320034027099609e+00 2.254115530268720885e-02
6.420829772949218750e+00 8.871360827941313087e-02
6.423110008239746094e+00 1.222855187174261282e-01
6.427790164947509766e+00 1.197336312276859327e-01
6.433879852294921875e+00 7.252450812431543437e-02
6.436480045318603516e+00 1.984149865718172479e-01
6.437129974365234375e+00 8.311636207512111685e-02
6.437650203704833984e+00 2.212861639463749031e-01
6.441679954528808594e+00 4.300922162314939345e-02
6.445720195770263672e+00 6.621068459078990887e-03
6.449500083923339844e+00 1.357389136624149728e-01
6.451479911804199219e+00 4.574146647449457703e-02
6.457039833068847656e+00 2.480154146050434633e-02
6.461530208587646484e+00 2.101471972725888621e-02
6.463900089263916016e+00 2.416669584865207068e-02
6.464109897613525391e+00 2.420248300305385264e-02
6.465010166168212891e+00 2.931162122110056792e-02
6.467689990997314453e+00 3.239780190506356961e-02
6.470620155334472656e+00 6.572334214429192967e-02
6.473939895629882812e+00 5.275492120052298339e-02
6.475880146026611328e+00 6.331213469308107078e-02
6.485459804534912109e+00 4.711641700234137087e-02
6.487460136413574219e+00 1.559982527199759161e-01
6.494870185852050781e+00 5.140663923271406727e-02
6.496669769287109375e+00 4.221353376413630731e-02
6.511670112609863281e+00 8.331966783778048391e-02
6.538209915161132812e+00 4.819387028780287158e-02
6.561210155487060547e+00 3.615040977090325236e-02
6.564479827880859375e+00 5.125097902174210324e-02
6.566979885101318359e+00 9.892252095298850745e-02
6.581560134887695312e+00 7.691529971229053853e-02
6.583059787750244141e+00 1.658949055550746898e-01
6.585929870605468750e+00 3.682320595037864158e-02
6.598320007324218750e+00 5.296694353521620019e-02
6.602250099182128906e+00 4.851155655834807345e-02
6.602980136871337891e+00 3.818712052835310927e-02
6.604249954223632812e+00 4.163348996194930068e-02
6.607550144195556641e+00 2.155017916996745247e-02
6.609839916229248047e+00 9.591057968670085865e-02
6.614049911499023438e+00 2.585942966203682095e-02
6.615859985351562500e+00 1.774719344258790521e-02
6.622290134429931641e+00 1.693233676221414866e-02
6.623710155487060547e+00 1.170766622110537974e-01
6.624159812927246094e+00 1.748670372088997893e-01
6.624720096588134766e+00 1.203104863978113059e-01
6.626500129699707031e+00 1.143169409850437572e-02
6.628699779510498047e+00 5.215726919284200541e-02
6.631849765777587891e+00 1.513700612300809545e-01
6.636529922485351562e+00 4.110731651052433600e-02
6.636720180511474609e+00 3.899928619981530425e-02
6.639629840850830078e+00 7.674095233182887110e-02
6.643000125885009766e+00 1.921203241537339512e-01
6.653500080108642578e+00 2.034188813541955576e-01
6.660940170288085938e+00 8.632852117682185411e-02
6.663249969482421875e+00 2.499984767536083397e-01
6.680439949035644531e+00 4.844220906840304708e-02
6.684319972991943359e+00 1.337381604615042741e-01
6.694759845733642578e+00 5.367284837464347119e-02
6.699659824371337891e+00 1.483155674544284208e-01
6.711830139160156250e+00 1.348360919502991292e-02
6.786870002746582031e+00 1.444928802727731276e-01
6.792429924011230469e+00 4.948157146776863136e-02
6.795740127563476562e+00 6.163788704189193668e-02
6.800209999084472656e+00 1.388261073084779418e-01
6.808599948883056641e+00 6.277594746121621661e-02
6.822569847106933594e+00 6.155297404517580395e-02
6.827710151672363281e+00 1.369831744478845481e-01
6.830399990081787109e+00 4.057599701147152765e-02
6.830460071563720703e+00 1.543397132883890244e-01
6.832170009613037109e+00 7.568982934162506171e-02
6.834030151367187500e+00 1.843160986576364291e-02
6.835480213165283203e+00 2.229924136073880570e-01
6.835830211639404297e+00 8.072533419800101417e-02
6.839340209960937500e+00 2.166699219771980878e-02
6.840229988098144531e+00 5.999312658747789351e-02
6.846650123596191406e+00 1.651447897729796943e-01
6.849229812622070312e+00 1.402379499683533912e-02
6.849780082702636719e+00 4.124001703458392287e-02
6.850979804992675781e+00 7.236924590453348849e-02
6.852640151977539062e+00 4.041332606432557206e-02
6.859690189361572266e+00 5.640191661872560186e-02
6.863530158996582031e+00 1.044774225554692820e-01
6.870759963989257812e+00 2.637242889550121122e-02
6.872260093688964844e+00 8.048017299142010139e-02
6.922259807586669922e+00 1.006175200075204584e-01
6.927670001983642578e+00 6.676720376934469625e-02
6.946909904479980469e+00 9.313814091832410547e-02
6.967350006103515625e+00 1.242483247393015855e-01
6.968269824981689453e+00 1.806296533124521209e-02
6.980269908905029297e+00 2.133384956924836984e-01
6.981880187988281250e+00 1.564376735176382094e-01
6.984759807586669922e+00 1.255904624796157915e-02
7.020979881286621094e+00 9.218657837148763398e-03
7.022309780120849609e+00 6.038198596391734091e-02
7.023789882659912109e+00 1.064576990038932219e-01
7.026949882507324219e+00 1.099282752980629968e-01
7.029590129852294922e+00 7.705883396776067040e-02
7.030240058898925781e+00 4.733244756443264478e-01
7.038849830627441406e+00 4.506560676475600269e-02
7.041359901428222656e+00 4.142347196156036249e-02
7.042490005493164062e+00 1.892366729823028726e-01
7.050220012664794922e+00 2.608461794076854384e-02
7.054230213165283203e+00 3.732807217911982001e-02
7.055429935455322266e+00 2.847874755272318537e-02
7.056119918823242188e+00 7.517018353755014481e-02
7.058390140533447266e+00 3.308534907704088757e-02
7.059000015258789062e+00 5.874781169417173793e-02
7.061409950256347656e+00 3.697369941993217113e-02
7.061930179595947266e+00 2.207985948514698885e-02
7.063910007476806641e+00 4.072887040336059528e-02
7.069829940795898438e+00 2.123717777700559126e-02
7.070829868316650391e+00 3.324268283379955280e-02
7.071100234985351562e+00 6.452918064489369943e-02
7.077270030975341797e+00 1.222111609993434440e-02
7.081049919128417969e+00 1.274079385957200827e-01
7.090040206909179688e+00 1.852588423050144026e-02
7.106900215148925781e+00 2.618454621188376352e-02
7.111800193786621094e+00 5.206532860384587014e-02
7.132030010223388672e+00 1.342582493307521545e-02
7.136360168457031250e+00 2.428182941234641179e-02
7.152709960937500000e+00 7.288030008450989417e-02
7.174499988555908203e+00 1.103790222149187913e-02
7.174960136413574219e+00 2.287478164071172493e-01
7.179709911346435547e+00 1.074475814187349047e-02
7.180339813232421875e+00 5.639932301052831554e-02
7.182529926300048828e+00 1.241695172052283691e-01
7.184040069580078125e+00 1.202076603444384023e-01
7.192349910736083984e+00 1.587233925638772414e-01
7.193570137023925781e+00 1.988840627250858945e-02
7.196569919586181641e+00 3.783504217735952913e-02
7.202730178833007812e+00 8.194188376425548537e-02
7.207119941711425781e+00 2.334293959073746247e-02
7.208720207214355469e+00 1.558042419746635543e-01
7.209060192108154297e+00 1.413926177647741034e-01
7.209519863128662109e+00 3.990224580391349418e-02
7.209710121154785156e+00 1.472173864043760383e-01
7.217400074005126953e+00 1.623968672912327882e-02
7.217619895935058594e+00 1.629415730942557761e-01
7.223060131072998047e+00 4.009085405337151770e-02
7.223639965057373047e+00 2.869163916537808418e-02
7.224339962005615234e+00 6.323204314102681689e-02
7.226840019226074219e+00 3.581038889768628497e-02
7.227210044860839844e+00 1.017067917033353530e-01
7.233479976654052734e+00 8.319021405840672234e-02
7.248390197753906250e+00 4.229661722846266014e-02
7.270870208740234375e+00 2.497774129112477481e-01
7.271309852600097656e+00 5.853256765393298477e-02
7.274740219116210938e+00 1.324601049009257736e-01
7.283289909362792969e+00 1.155742088453828170e-01
7.297500133514404297e+00 5.260528613380244939e-02
7.300270080566406250e+00 9.182061395322463349e-02
7.314239978790283203e+00 1.422554823068245544e-01
7.367730140686035156e+00 1.315873624975663625e-01
7.368420124053955078e+00 2.745197424496886862e-01
7.380849838256835938e+00 2.776785683035035146e-02
7.387199878692626953e+00 5.545845750863846041e-02
7.395579814910888672e+00 3.837375400038098294e-02
7.395840167999267578e+00 4.998038178757825689e-02
7.411029815673828125e+00 2.374694363942617126e-01
7.412809848785400391e+00 2.572586426588749919e-01
7.413879871368408203e+00 4.877801801424409833e-02
7.415609836578369141e+00 1.128081036854535618e-01
7.425859928131103516e+00 1.014523048306829323e-01
7.425930023193359375e+00 4.226597931519675277e-02
7.428190231323242188e+00 4.383763769943757604e-02
7.428349971771240234e+00 5.617098565810153543e-01
7.433440208435058594e+00 8.080868728893328412e-02
7.436240196228027344e+00 1.268020289237395126e-01
7.437489986419677734e+00 2.946136657207567774e-02
7.438779830932617188e+00 8.065149697428990183e-02
7.441030025482177734e+00 4.051639104918285106e-02
7.441669940948486328e+00 2.276257924998940571e-02
7.442319869995117188e+00 3.689008713774349912e-02
7.445139884948730469e+00 1.437990387103153800e-01
7.465549945831298828e+00 1.078700493020168238e-01
7.479189872741699219e+00 6.265786564057108932e-02
7.515629768371582031e+00 6.003097462275525098e-02
7.537799835205078125e+00 3.087318650947361298e-02
7.551070213317871094e+00 3.628915278598227045e-02
7.561769962310791016e+00 2.658731510232911210e-01
7.563489913940429688e+00 5.813821152884253440e-02
7.565599918365478516e+00 9.813548017957213210e-02
7.576059818267822266e+00 4.210280234994460274e-02
7.576600074768066406e+00 5.839510408172603889e-02
7.577849864959716797e+00 1.622931402160913694e-01
7.602920055389404297e+00 1.780848114846849684e-01
7.608190059661865234e+00 9.996048911005656068e-02
7.609399795532226562e+00 4.364374666092217525e-02
7.613420009613037109e+00 2.855258980667988444e-01
7.631149768829345703e+00 2.236976611326796094e-01
7.631969928741455078e+00 7.807005951924975151e-02
7.634319782257080078e+00 1.052895657434157507e-02
7.634860038757324219e+00 1.428169897687266710e-01
7.638110160827636719e+00 7.060238484982166163e-02
7.639609813690185547e+00 3.080433553786514345e-02
7.640190124511718750e+00 4.711614251543896903e-02
7.644360065460205078e+00 1.502101780494430605e-01
7.644639968872070312e+00 4.621130608650417942e-02
7.646830081939697266e+00 5.425776008288153013e-02
7.649519920349121094e+00 7.814958325657145322e-02
7.649799823760986328e+00 1.070881527375057152e-01
7.650650024414062500e+00 9.330898196999651284e-02
7.658279895782470703e+00 1.946284107931629814e-02
7.658430099487304688e+00 3.826509320331514946e-02
7.659959793090820312e+00 1.433093694879938700e-02
7.669129848480224609e+00 4.003134091802636185e-02
7.669929981231689453e+00 8.977435866693726785e-02
7.674049854278564453e+00 7.101920257023647265e-02
7.697490215301513672e+00 4.672595900222908938e-02
7.701859951019287109e+00 5.309748582383001791e-02
7.729310035705566406e+00 1.450891572670649776e-02
7.739459991455078125e+00 4.977650219337251269e-02
7.746829986572265625e+00 6.169381128409743426e-02
7.749760150909423828e+00 1.081054007344935536e-01
7.751639842987060547e+00 5.555537682358591828e-02
7.755340099334716797e+00 2.046175377869952766e-02
7.757309913635253906e+00 5.369334922509179375e-02
7.758349895477294922e+00 3.408328695168988398e-02
7.759160041809082031e+00 7.563683259192029162e-02
7.778550148010253906e+00 5.935971121766978748e-02
7.779600143432617188e+00 2.566414092213918988e-02
7.785520076751708984e+00 1.473305495932131504e-01
7.786560058593750000e+00 4.435008044054812582e-02
7.786719799041748047e+00 6.424792773423722292e-02
7.787220001220703125e+00 1.821732226310179836e-02
7.788269996643066406e+00 1.216365169343054317e-02
7.789619922637939453e+00 4.368972851505723010e-02
7.791289806365966797e+00 6.474250047948529319e-02
7.792049884796142578e+00 3.118528268309509952e-02
7.795569896697998047e+00 2.267951721064336706e-02
7.801430225372314453e+00 5.153016383957428198e-03
7.814099788665771484e+00 1.810940536776938989e-02
7.820950031280517578e+00 3.245097095343365406e-02
7.831870079040527344e+00 2.889251368089378325e-01
7.836669921875000000e+00 3.634273792358553440e-02
7.837749958038330078e+00 3.390480445632782502e-01
7.848120212554931641e+00 2.783262513326028031e-01
7.854569911956787109e+00 1.452374610963665380e-01
7.858459949493408203e+00 6.830341750548601931e-02
7.866940021514892578e+00 6.345804357967259335e-02
7.874929904937744141e+00 5.294394688631930829e-02
7.899020195007324219e+00 3.073353712389875411e-02
7.913849830627441406e+00 1.045029502142841432e-01
7.918379783630371094e+00 1.075536841300842594e-01
7.949510097503662109e+00 1.692088528884963528e-01
7.965919971466064453e+00 3.689769163079457959e-02
7.980840206146240234e+00 1.468102336778856210e-01
7.982749938964843750e+00 1.347251108377468531e-01
7.987380027770996094e+00 9.220790594501529491e-02
7.990670204162597656e+00 5.962364061275055027e-02
7.991740226745605469e+00 8.863049474841191988e-02
7.992489814758300781e+00 4.173620785777411996e-02
7.993390083312988281e+00 5.372619939731958227e-02
7.994319915771484375e+00 1.326939843957025342e-02
7.996840000152587891e+00 4.260236279698460804e-02
8.001620292663574219e+00 1.098067162171594974e-01
8.002869606018066406e+00 3.587212996841547541e-02
8.003890037536621094e+00 1.862816692503396071e-02
8.006179809570312500e+00 3.222366482158094212e-03
8.008919715881347656e+00 1.356122305547282358e-01
8.009940147399902344e+00 3.504312936530627060e-02
8.013669967651367188e+00 3.069979994812360030e-02
8.015009880065917969e+00 1.482822446293644292e-01
8.018799781799316406e+00 5.811626155966917451e-02
8.037119865417480469e+00 3.363663313765436619e-02
8.044409751892089844e+00 1.441862185420569875e-01
8.064359664916992188e+00 8.778469023607657351e-02
8.070529937744140625e+00 7.405080589256336776e-02
8.107390403747558594e+00 2.281852653004595444e-01
8.107879638671875000e+00 1.346708325651269633e-01
8.123700141906738281e+00 4.507904135038090510e-02
8.124380111694335938e+00 2.099099353524322698e-01
8.149089813232421875e+00 5.749470098049828948e-02
8.159480094909667969e+00 1.409405317995667817e-01
8.169400215148925781e+00 1.001969540609172205e-01
8.175209999084472656e+00 6.501929885627441563e-02
8.181790351867675781e+00 3.787214592640648914e-02
8.188810348510742188e+00 1.125335245055738703e-01
8.198019981384277344e+00 3.354766169068840870e-02
8.198550224304199219e+00 1.473178689927054918e-01
8.199049949645996094e+00 8.875486129957881054e-02
8.199919700622558594e+00 2.459235788218328694e-02
8.212309837341308594e+00 1.426027389278121116e-01
8.218370437622070312e+00 1.132203858276278896e-01
8.220450401306152344e+00 3.663516078971387757e-02
8.221170425415039062e+00 2.636380437813713035e-02
8.222809791564941406e+00 1.140763925406538537e-01
8.223759651184082031e+00 1.971101105063285952e-01
8.227689743041992188e+00 5.023538162016799591e-02
8.229370117187500000e+00 2.924980904225311651e-01
8.229479789733886719e+00 2.324618846510820291e-02
8.236109733581542969e+00 8.768124880945388222e-02
8.236570358276367188e+00 3.400883319501853824e-02
8.242569923400878906e+00 3.865095142875909356e-02
8.243459701538085938e+00 6.941588179137900272e-02
8.245829582214355469e+00 1.298235416548381566e-02
8.258210182189941406e+00 1.081484232092879971e-01
8.272419929504394531e+00 3.683964679569728951e-02
8.287659645080566406e+00 1.910090582863817332e-02
8.289560317993164062e+00 6.635390194264165209e-02
8.290060043334960938e+00 1.179939635506802378e-02
8.293629646301269531e+00 4.194839602696774986e-03
8.313730239868164062e+00 1.409759383170371416e-01
8.315569877624511719e+00 1.882915844642238379e-02
8.318559646606445312e+00 1.654893013405825744e-02
8.321570396423339844e+00 8.528435086752514382e-02
8.333979606628417969e+00 4.741094811592678343e-02
8.343020439147949219e+00 6.549490316369453724e-02
8.347009658813476562e+00 5.003737053324291972e-02
8.348360061645507812e+00 8.085871058292112834e-02
8.348859786987304688e+00 1.931913794403114157e-02
8.356399536132812500e+00 2.068659620824448916e-02
8.373860359191894531e+00 8.175464361296350124e-02
8.381750106811523438e+00 1.863082164440436894e-02
8.385760307312011719e+00 1.510600208273716986e-02
8.387599945068359375e+00 1.866813349042826531e-01
8.392939567565917969e+00 1.104604093077531796e-02
8.395580291748046875e+00 2.545920268613558260e-02
8.398079872131347656e+00 4.938601756682775568e-02
8.398940086364746094e+00 2.425450939912315862e-02
8.399979591369628906e+00 6.400502580697334243e-02
8.402279853820800781e+00 8.172016619423802530e-02
8.404580116271972656e+00 4.094204838589722839e-01
8.407649993896484375e+00 6.601699577516799422e-02
8.411780357360839844e+00 1.047289602472990938e-01
8.412440299987792969e+00 8.959246834242359792e-02
8.413640022277832031e+00 4.954560852938290350e-02
8.430250167846679688e+00 2.755275055622432023e-01
8.439940452575683594e+00 3.109957880411699099e-02
8.449379920959472656e+00 1.293434873892783665e-01
8.451279640197753906e+00 8.702144024329647870e-03
8.465000152587890625e+00 3.782437659385314010e-02
8.468429565429687500e+00 2.238687047371043862e-02
8.471509933471679688e+00 1.175006221276450324e-01
8.480879783630371094e+00 7.422118749781389524e-02
8.488699913024902344e+00 4.981646217818347933e-01
8.555600166320800781e+00 1.522270084953063207e-01
8.555800437927246094e+00 8.129007831253567962e-02
8.570810317993164062e+00 2.569867915873340625e-01
8.576459884643554688e+00 1.027350213672177381e-01
8.576530456542968750e+00 1.181185157976624156e-01
8.580479621887207031e+00 2.066923797120334347e-02
8.582340240478515625e+00 3.553240000145643229e-01
8.583609580993652344e+00 2.273763907240552648e-02
8.589739799499511719e+00 6.062148401828169192e-02
8.592690467834472656e+00 5.904073059992599043e-02
8.596710205078125000e+00 8.077963899235431067e-02
8.602239608764648438e+00 1.899513731017592189e-01
8.604809761047363281e+00 1.418382976438900545e-01
8.607890129089355469e+00 2.618888887852937469e-02
8.609660148620605469e+00 8.724575561541889068e-02
8.610500335693359375e+00 9.424110352692617598e-02
8.612279891967773438e+00 2.938880412230589489e-01
8.613409996032714844e+00 6.864334312040895614e-02
8.619190216064453125e+00 1.510969551731444482e-01
8.625160217285156250e+00 7.420601696800747937e-02
8.627949714660644531e+00 2.291202672323806519e-02
8.628069877624511719e+00 9.491753866905416892e-02
8.637060165405273438e+00 8.162945547793944157e-02
8.639840126037597656e+00 2.435104358190056939e-01
8.716480255126953125e+00 1.174602590869995855e-01
8.720859527587890625e+00 3.300011495948534379e-01
8.727049827575683594e+00 1.374232454085312360e-01
8.738570213317871094e+00 1.678591360450194525e-01
8.748160362243652344e+00 6.857215782416438421e-02
8.753600120544433594e+00 7.194928543403003585e-02
8.760809898376464844e+00 1.876469847432799681e-02
8.764120101928710938e+00 2.146440242422548994e-01
8.774789810180664062e+00 8.513406732913432473e-02
8.775959968566894531e+00 9.743055947922289739e-02
8.784299850463867188e+00 3.474519498298046100e-02
8.785050392150878906e+00 1.562186547589939078e-01
8.790470123291015625e+00 1.145887122514116507e-01
8.797060012817382812e+00 3.908476430245131500e-02
8.797430038452148438e+00 1.025614519704591415e-01
8.799269676208496094e+00 9.568933375901378380e-02
8.800339698791503906e+00 9.474362499254627978e-02
8.811429977416992188e+00 8.135607810393843953e-02
8.812140464782714844e+00 5.508613077643897266e-02
8.813610076904296875e+00 1.707302881418280155e-02
8.818590164184570312e+00 4.693298232049257501e-02
8.821279525756835938e+00 2.771298163479459647e-02
8.826589584350585938e+00 2.215010964287640605e-02
8.827500343322753906e+00 6.702468829252890281e-02
8.833169937133789062e+00 5.119880576756870999e-02
8.835089683532714844e+00 4.095384443006615943e-02
8.836609840393066406e+00 1.798747637455042070e-01
8.836629867553710938e+00 6.887162333293588012e-02
8.842809677124023438e+00 9.967936902028393109e-02
8.852840423583984375e+00 7.323927542206920549e-02
8.853329658508300781e+00 4.080570037533606809e-02
8.871879577636718750e+00 2.051681789501667297e-01
8.889160156250000000e+00 5.078460563855130561e-02
8.893710136413574219e+00 2.812371724563915085e-02
8.894309997558593750e+00 6.148193665010312503e-02
8.898200035095214844e+00 3.789067341768653785e-02
8.898539543151855469e+00 6.716931870793044212e-02
8.906419754028320312e+00 1.153302164557732656e-01
8.913330078125000000e+00 7.595485403283917802e-02
8.921799659729003906e+00 6.154946279564436212e-02
8.934579849243164062e+00 4.622118533193027290e-02
8.938130378723144531e+00 4.422542870122853076e-02
8.946310043334960938e+00 1.110020141041517250e-01
8.946319580078125000e+00 8.737897745927673820e-02
8.947879791259765625e+00 8.079073077665434310e-02
8.953149795532226562e+00 1.243944758179421767e-01
8.960160255432128906e+00 5.697653712293913875e-02
8.969650268554687500e+00 5.566246971109121977e-02
8.971130371093750000e+00 1.072043902342983829e-01
8.972089767456054688e+00 4.680919219204454640e-02
8.977029800415039062e+00 6.245204119431743001e-02
8.978770256042480469e+00 8.972408439859580476e-02
8.987649917602539062e+00 1.266271769647300816e-01
8.988389968872070312e+00 2.207830972937186997e-01
8.991950035095214844e+00 6.898370189735229807e-02
8.998459815979003906e+00 3.774169183020407992e-02
8.999560356140136719e+00 6.514167614302632248e-02
9.000510215759277344e+00 7.302193476643048520e-02
9.004449844360351562e+00 1.248687212367517591e-01
9.007340431213378906e+00 4.733602678799023189e-02
9.015319824218750000e+00 2.434703657803432564e-01
9.016980171203613281e+00 7.344164118854654144e-02
9.038430213928222656e+00 8.856077354393368517e-02
9.059479713439941406e+00 5.671687721381350744e-02
9.065440177917480469e+00 7.116679389788579391e-01
9.075309753417968750e+00 6.238453527457771958e-02
9.078149795532226562e+00 1.500890840518273872e-01
9.109840393066406250e+00 6.968067617267792446e-01
9.119190216064453125e+00 3.673125080904666301e-02
9.141070365905761719e+00 1.351821490433200920e-02
9.153790473937988281e+00 1.724025732803622646e-01
9.155599594116210938e+00 3.463892624196174969e-02
9.161740303039550781e+00 2.341126533402267951e-01
9.169179916381835938e+00 4.330238608699771286e-02
9.170909881591796875e+00 4.087724027853556485e-02
9.174639701843261719e+00 1.400102934703594260e-01
9.180069923400878906e+00 3.022736397695656441e-02
9.181550025939941406e+00 1.644267968151215745e-02
9.183650016784667969e+00 2.930574056787444912e-02
9.189559936523437500e+00 7.933747184356577942e-02
9.193869590759277344e+00 1.389089897490261918e-02
9.196760177612304688e+00 3.030065667537714183e-02
9.196849822998046875e+00 1.085129414379221169e-02
9.202440261840820312e+00 4.830414226882270845e-01
9.204170227050781250e+00 4.189795237861169280e-02
9.207309722900390625e+00 4.210809294089901816e-02
9.208259582519531250e+00 5.442094494388751563e-02
9.211569786071777344e+00 4.646368534867727218e-02
9.213150024414062500e+00 7.947323481364045039e-02
9.217659950256347656e+00 1.360108027804484143e-01
9.219449996948242188e+00 5.642283849810640628e-02
9.251810073852539062e+00 1.955556947104928889e-01
9.281029701232910156e+00 1.717418056675822369e-01
9.312760353088378906e+00 8.167384121964624266e-02
9.313969612121582031e+00 7.939457570409856890e-01
9.319149971008300781e+00 1.468032409547195272e-01
9.321720123291015625e+00 1.455726559296152411e-01
9.324910163879394531e+00 6.832788682788400181e-02
9.336239814758300781e+00 1.617217509955532484e-01
9.354559898376464844e+00 2.584297578800504036e-01
9.362099647521972656e+00 3.855240821152107478e-02
9.371250152587890625e+00 1.134968289244485742e-02
9.381110191345214844e+00 1.315775167634522791e-01
9.383410453796386719e+00 4.425207944085848139e-02
9.383620262145996094e+00 7.891469563523326181e-02
9.398920059204101562e+00 5.227808273092175717e-02
9.400329589843750000e+00 1.664314252440527164e-01
9.400429725646972656e+00 4.517564475103277855e-02
9.400930404663085938e+00 2.250236314673507987e-02
9.407329559326171875e+00 2.033693405235967658e-02
9.411109924316406250e+00 6.520491625261985724e-02
9.411979675292968750e+00 2.476154982399800947e-02
9.416460037231445312e+00 3.571397951287122452e-02
9.418769836425781250e+00 2.458818317235452605e-02
9.420350074768066406e+00 3.900376102215174362e-02
9.424909591674804688e+00 1.274864447436200587e-01
9.426770210266113281e+00 3.028198744260900480e-02
9.434089660644531250e+00 1.577163439021954036e-02
9.438989639282226562e+00 1.864843230541593858e-02
9.441109657287597656e+00 8.917575502845971613e-02
9.441550254821777344e+00 3.500459558913410207e-02
9.444580078125000000e+00 4.493810726463508959e-02
9.447070121765136719e+00 3.197538719835417431e-02
9.448349952697753906e+00 5.579359161916663812e-02
9.454609870910644531e+00 5.424392944065512673e-02
9.479020118713378906e+00 4.420702328217489957e-02
9.494890213012695312e+00 1.537251329198861122e-02
9.496950149536132812e+00 9.180235503365663519e-02
9.500630378723144531e+00 3.363017843280656505e-02
9.503310203552246094e+00 1.348773126169053663e-02
9.505419731140136719e+00 9.821455168223469645e-02
9.523170471191406250e+00 1.329621759385518631e-01
9.536959648132324219e+00 2.744326250495890060e-02
9.541740417480468750e+00 1.448699114041137881e-01
9.547699928283691406e+00 1.986161229287685195e-02
9.550060272216796875e+00 1.618411004165797862e-01
9.551750183105468750e+00 3.555464218484016142e-02
9.552209854125976562e+00 5.912701919827309527e-02
9.555489540100097656e+00 2.712402976811764330e-02
9.556070327758789062e+00 4.752462069374210896e-02
9.569330215454101562e+00 5.025512679864136550e-02
9.572130203247070312e+00 3.020377941626794030e-02
9.572589874267578125e+00 3.411939316938503164e-02
9.575920104980468750e+00 7.680727724125337164e-02
9.577759742736816406e+00 5.489103815087990057e-01
9.578330039978027344e+00 2.224141367667928082e-01
9.578359603881835938e+00 8.853375192996656984e-02
9.578399658203125000e+00 1.378943385372386199e-01
9.579429626464843750e+00 1.057817355914035355e-02
9.606860160827636719e+00 5.488167425008455558e-02
9.606869697570800781e+00 1.061455594674304698e-01
9.621210098266601562e+00 8.004365943082074331e-02
9.621569633483886719e+00 2.543187059606217271e-01
9.628899574279785156e+00 4.654540531214514804e-02
9.643280029296875000e+00 2.962431201744544079e-02
9.650139808654785156e+00 4.807328544872494641e-02
9.650650024414062500e+00 4.992665070283967138e-02
9.652159690856933594e+00 1.065655187908852997e-01
9.661600112915039062e+00 3.347993932286363883e-01
9.666560173034667969e+00 1.885766307802824171e-01
9.716380119323730469e+00 1.161851773632752716e-01
9.722700119018554688e+00 1.244380711672456868e-01
9.735600471496582031e+00 9.130994299342236331e-02
9.739709854125976562e+00 7.969397898046949591e-02
9.752679824829101562e+00 9.090177624623904662e-02
9.753250122070312500e+00 5.825882490558103449e-02
9.754300117492675781e+00 1.351653980684026646e-01
9.761429786682128906e+00 5.101180420086184886e-02
9.778220176696777344e+00 3.887756415153763995e-02
9.778579711914062500e+00 1.824510777456441954e-02
9.780280113220214844e+00 7.901249459897910499e-02
9.784029960632324219e+00 7.871723073143011007e-02
9.790949821472167969e+00 4.107193855942291999e-02
9.797060012817382812e+00 2.565663721143194437e-02
9.799209594726562500e+00 2.916940278624735247e-02
9.805199623107910156e+00 7.986071187316436115e-02
9.805520057678222656e+00 1.396986090692898530e-01
9.806329727172851562e+00 4.915917556706839858e-02
9.808950424194335938e+00 8.742456572474750776e-02
9.810070037841796875e+00 3.180684454729667404e-02
9.815150260925292969e+00 2.165014330720721747e-01
9.820699691772460938e+00 7.876170604086107918e-02
9.828339576721191406e+00 2.107222440530579499e-01
9.856989860534667969e+00 3.668426970372916096e-01
9.886960029602050781e+00 7.426656724536001564e-02
9.912170410156250000e+00 1.015637120531693027e-01
9.913209915161132812e+00 1.072839661254341159e-01
9.913579940795898438e+00 3.188721509980308455e-01
9.917119979858398438e+00 9.107049574687743343e-01
9.926329612731933594e+00 6.701840581490466076e-02
9.933799743652343750e+00 1.407956828480073641e-01
9.935139656066894531e+00 4.628665943776804487e-02
9.948579788208007812e+00 1.596246818469384265e-01
9.949339866638183594e+00 3.736590740446176645e-02
9.949560165405273438e+00 6.065126504360636439e-02
9.962240219116210938e+00 1.459242816845508495e-01
9.968549728393554688e+00 4.713076496459534664e-02
9.970470428466796875e+00 9.509935923706329397e-02
9.982259750366210938e+00 1.245902211646177538e+00
9.989500045776367188e+00 1.366246985108840739e-01
9.998160362243652344e+00 1.717590433386503856e-01
9.999979972839355469e+00 4.231102322303413321e-01
1.000000000000000000e+01 8.285129920548220395e-02
1.000039958953857422e+01 1.722365243156290943e-02
1.000129985809326172e+01 4.657030688308908539e-01
1.000249958038330078e+01 1.094024835870211973e-02
1.000570011138916016e+01 4.462177281409385743e-01
1.000710010528564453e+01 1.315132294774608857e-01
1.001049995422363281e+01 6.861640507605804018e-02
1.002330017089843750e+01 7.420677821060925328e-02
1.002379989624023438e+01 9.734579547553810774e-02
1.002569961547851562e+01 7.716050268332773354e-02
1.003450012207031250e+01 1.123168469816376858e-01
1.003639984130859375e+01 1.196406866568109489e-02
1.003989982604980469e+01 9.214013004817310781e-01
1.004969978332519531e+01 7.883571127416080793e-02
1.007149982452392578e+01 2.476171106326786608e-01
1.007400035858154297e+01 1.541489767251115861e+00
1.007789993286132812e+01 7.477460178162235183e-01
1.009370040893554688e+01 7.305254760547646997e-01
1.009630012512207031e+01 1.118543100657847011e+00
1.009840011596679688e+01 6.312710354642353527e-01
1.009910011291503906e+01 2.172725918443156878e-01
1.010149955749511719e+01 2.100337988890179849e-02
1.010700035095214844e+01 8.267354832362414085e-02
1.011289978027343750e+01 3.776711552901260236e-03
1.011400032043457031e+01 5.487950810739276042e-01
1.011639976501464844e+01 1.118774209955873289e+00
1.012689971923828125e+01 4.452554478587335968e-02
1.012880039215087891e+01 1.057805346116711814e-01
1.013199996948242188e+01 3.109722377196569298e-02
1.013319969177246094e+01 1.527626476110709348e-02
1.013599967956542969e+01 5.564165113827782561e-01
1.013959980010986328e+01 9.204301597649316991e-01
1.015079975128173828e+01 1.730085397201538630e-02
1.016040039062500000e+01 1.904921083093395751e-02
1.016650009155273438e+01 5.533358752087124133e-01
1.017430019378662109e+01 1.955152730877082468e-01
1.017500019073486328e+01 9.546379377737326810e-02
1.017580032348632812e+01 1.605131704222871603e-02
1.017580032348632812e+01 7.443292151793909697e-03
1.019229984283447266e+01 3.372096287596554887e-01
1.019270038604736328e+01 5.109951991041870034e-01
1.019729995727539062e+01 4.618297411449622247e-01
1.022369956970214844e+01 3.039843231542034285e-01
1.022669982910156250e+01 2.729564260921283486e-02
1.027359962463378906e+01 8.257002533543984432e-03
1.028960037231445312e+01 3.343929610014565457e-01
1.030020046234130859e+01 8.105584810841681698e-02
1.032600021362304688e+01 1.206367089636174034e-02
1.034799957275390625e+01 6.196503486866734856e-02
1.042280006408691406e+01 0.000000000000000000e+00
1.128250026702880859e+01 2.771553440543347846e-02
1.130889987945556641e+01 5.916909202030112142e-02
1.131890010833740234e+01 2.647860131235134085e-01
1.137080001831054688e+01 4.098949655019848426e-03
1.140750026702880859e+01 6.872195085812663473e-01
1.141079998016357422e+01 9.342209914070664922e-02
1.142450046539306641e+01 1.203112309830478788e+00
1.143579959869384766e+01 6.550211045061251833e-03
1.144869995117187500e+01 9.372355799944337429e-02
1.145370006561279297e+01 2.307534836657438304e-01
1.145370006561279297e+01 4.717948698666937224e-01
1.145709991455078125e+01 1.178766237994292518e-02
1.146399974822998047e+01 2.395605233993994276e-01
1.147229957580566406e+01 5.415234327740612967e-04
1.147579956054687500e+01 7.939345594913072013e-01
1.147959995269775391e+01 1.014005301694977046e+00
1.148960018157958984e+01 1.152779675209737037e-01
1.151119995117187500e+01 2.650022924988668094e-01
1.151710033416748047e+01 3.006635783327959999e-02
1.151749992370605469e+01 3.694296780075622122e-01
1.152110004425048828e+01 1.350208700590824380e-02
1.152579975128173828e+01 9.926318688095803200e-01
1.154020023345947266e+01 1.440670218733951513e-01
1.154549980163574219e+01 3.041664735007627851e-02
1.155300045013427734e+01 1.144017796676345157e-02
1.155319976806640625e+01 1.633085055992831158e+00
1.155599975585937500e+01 4.348103524038194334e-01
1.155830001831054688e+01 1.651462500995041771e-01
1.158030033111572266e+01 8.365028613661729118e-01
1.158100032806396484e+01 2.308296093280722341e-02
1.158930015563964844e+01 1.454313903053588708e-01
1.159560012817382812e+01 1.291947880966102247e-01
1.160299968719482422e+01 1.316982381976169458e-01
1.161670017242431641e+01 7.567356592702167983e-02
1.161699962615966797e+01 1.080570978846576935e+00
1.161870002746582031e+01 3.940099033785443572e-01
1.163179969787597656e+01 7.636983164812763403e-02
1.163560009002685547e+01 5.032779753220779917e-02
1.163899993896484375e+01 1.259229694987459569e-01
1.164050006866455078e+01 1.603810929255430895e-01
1.165909957885742188e+01 8.441711368321284104e-01
1.165960025787353516e+01 3.700242850847482723e-01
1.166380023956298828e+01 3.452785066564231786e-01
1.166829967498779297e+01 5.773867995020294519e-02
1.168389987945556641e+01 9.510447462101807858e-02
1.168490028381347656e+01 5.740294772735098777e-02
1.168570041656494141e+01 1.075721420333527745e-01
1.168750000000000000e+01 5.877916471162778628e-02
1.169079971313476562e+01 1.819168488566678399e-01
1.170479965209960938e+01 5.169346458309476144e-01
1.170849990844726562e+01 4.221800382950081920e-02
1.171300029754638672e+01 2.542210250962021467e-01
1.171920013427734375e+01 1.731189475960184243e-01
1.172200012207031250e+01 3.066055545778766794e-02
1.172729969024658203e+01 1.143335157583210471e+00
