3.784569911658763885e-03 1.133951933474189877e+00
4.231450147926807404e-03 7.418851775614340727e-02
7.682799827307462692e-03 7.879644479233079979e-01
1.014900021255016327e-02 4.749429247288196043e-01
1.133619993925094604e-02 8.930894809997699246e-01
1.623700000345706940e-02 8.242912506305416498e-01
3.420900180935859680e-02 4.420273396201727101e-01
3.945960104465484619e-02 1.080288163321236061e-01
4.046149924397468567e-02 4.104174693846483479e-01
4.239320009946823120e-02 2.390969508894947027e-01
5.191640183329582214e-02 9.332088311880244458e-01
5.592960119247436523e-02 2.402441207181539307e-01
6.744679808616638184e-02 1.000348178059946025e-01
7.004389911890029907e-02 3.007055914617292380e+00
7.536470144987106323e-02 7.945847433237658297e-01
7.618310302495956421e-02 1.758900873206090232e+00
7.871759682893753052e-02 3.374222850439132504e-01
8.051080256700515747e-02 1.009957836539247200e+00
8.530189841985702515e-02 4.573468404365357148e-02
8.785189688205718994e-02 3.560158226191718067e-01
9.324029833078384399e-02 7.489014793460335717e-01
9.660480171442031860e-02 7.321672081766963380e-01
9.771479666233062744e-02 1.334610952682930840e+00
1.168870031833648682e-01 2.060039903995452004e-01
1.264429986476898193e-01 1.192062414964220274e+00
1.291320025920867920e-01 6.658122289627143031e-01
1.435649991035461426e-01 2.806726591775869917e-01
1.445620059967041016e-01 4.223921812678185089e-02
1.509370058774948120e-01 1.175052496055815965e+00
1.521759927272796631e-01 1.498411821658658161e+00
1.624629944562911987e-01 1.757532373673435233e-01
1.649180054664611816e-01 4.641342218582450996e-01
1.692319959402084351e-01 3.101217547785132256e-01
1.715119928121566772e-01 6.287139906008915036e-01
1.740940064191818237e-01 1.489585273963600354e-01
1.760009974241256714e-01 8.410726072487861860e-01
1.832000017166137695e-01 6.659371642940409286e-02
1.885270029306411743e-01 1.919525808207819706e+00
1.918489933013916016e-01 1.663013584288186297e-01
1.930609941482543945e-01 1.229382378197043879e+00
1.959140002727508545e-01 4.139321584555968880e-01
2.067620009183883667e-01 1.410283579272159082e-01
2.225559949874877930e-01 8.141022582117049544e-02
2.473089993000030518e-01 1.917405864328636023e+00
2.561649978160858154e-01 1.613901890666001593e-01
2.654730081558227539e-01 7.018956404800229532e-01
2.674149870872497559e-01 2.042485062365019921e+00
2.677179872989654541e-01 1.712959483478657896e+00
2.752589881420135498e-01 8.186640377224801979e-02
2.785669863224029541e-01 2.385298926174717338e-01
2.803629934787750244e-01 6.449384567833992277e-01
3.029409945011138916e-01 4.774917369901943154e-02
3.073129951953887939e-01 1.536537677660852474e-01
3.114250004291534424e-01 3.048078254081667549e-01
3.144029974937438965e-01 8.410092251903964478e-01
3.175039887428283691e-01 6.061508266599362899e-02
3.333869874477386475e-01 1.984009087590296594e-01
3.365660011768341064e-01 8.758385793986552814e-01
3.399249911308288574e-01 5.086823908820696516e-02
3.456749916076660156e-01 6.730392592082122816e-01
3.494670093059539795e-01 1.015888677765060200e+00
3.507950007915496826e-01 7.622560415911759646e-02
3.519890010356903076e-01 8.104672340608443104e-01
3.548370003700256348e-01 1.645918668163360576e-01
3.560529947280883789e-01 9.137620206627958264e-02
3.594869971275329590e-01 5.718635119249675380e-01
3.598029911518096924e-01 1.143428342816370735e+00
3.612889945507049561e-01 3.872458902051590379e-01
3.644059896469116211e-01 9.870774985575430094e-01
3.646079897880554199e-01 5.368426172666287410e-01
3.806070089340209961e-01 6.887056548050746185e-01
3.807219862937927246e-01 1.825874820908365004e-01
3.890169858932495117e-01 8.357144491668518915e-01
4.012460112571716309e-01 7.210281352417982625e-02
4.051649868488311768e-01 1.903597086141325112e-01
4.142650067806243896e-01 9.031959470059779116e-02
4.537020027637481689e-01 1.368251202295338143e+00
4.574240148067474365e-01 2.039144525542438136e-01
4.716779887676239014e-01 6.715590488961211690e-01
4.849050045013427734e-01 9.321028813179427219e-02
4.960730075836181641e-01 1.197609934175935809e-01
5.064309835433959961e-01 7.532358228134031775e-01
5.152919888496398926e-01 2.331024728373985722e-01
5.180879831314086914e-01 7.950269622868703923e-02
5.302199721336364746e-01 1.262980047173603237e+00
5.350019931793212891e-01 1.665249323934218928e-02
5.474249720573425293e-01 6.861785952117366305e-01
5.519160032272338867e-01 5.535402706400542605e-02
5.632299780845642090e-01 1.222606698965029715e-01
5.652599930763244629e-01 1.614258826501214356e-02
5.703780055046081543e-01 5.961390393062000748e-02
5.732060074806213379e-01 5.441364373845903463e-02
5.776399970054626465e-01 9.393215564760032388e-02
5.791159868240356445e-01 1.860357077115254443e-01
5.807049870491027832e-01 7.642906160338214239e-02
5.859580039978027344e-01 5.813626071944676399e-01
5.860869884490966797e-01 7.064734288243076921e-02
5.925620198249816895e-01 3.086604454448202417e-02
5.956289768218994141e-01 1.344268836895610164e-01
6.034150123596191406e-01 3.760537650039877944e-01
6.083379983901977539e-01 7.496235473110100800e-02
6.087139844894409180e-01 3.230083534588580330e-01
6.109799742698669434e-01 2.043378726413266552e-02
6.115679740905761719e-01 2.548913842715182579e-02
6.132339835166931152e-01 3.342371037170414894e-02
6.177020072937011719e-01 2.539394152748848665e-02
6.326439976692199707e-01 2.153675559005724660e-01
6.406019926071166992e-01 3.644881499595727797e-02
6.412069797515869141e-01 1.111350409371865688e-01
6.457509994506835938e-01 1.223015294490561317e-01
6.492549777030944824e-01 1.770906064621829423e-01
6.578609943389892578e-01 9.625428737415118174e-01
6.824899911880493164e-01 5.215800181639565491e-02
6.837469935417175293e-01 1.364758608330486067e-01
6.921449899673461914e-01 3.414678809269688226e-02
6.988580226898193359e-01 1.166094792070669628e-01
7.049760222434997559e-01 4.043306709980516722e-02
7.093269824981689453e-01 1.912846332668894853e-02
7.207620143890380859e-01 2.089343717351904023e-02
7.235649824142456055e-01 3.027264859720105172e-02
7.275159955024719238e-01 4.098407793939419508e-02
7.339990139007568359e-01 5.074295469520231222e-02
7.351329922676086426e-01 8.270462468541041334e-02
7.369329929351806641e-01 4.929823117845545666e-02
7.473419904708862305e-01 1.195938880537292803e-01
7.512670159339904785e-01 7.799647666298750726e-02
7.551800012588500977e-01 2.165663893256501993e-01
7.621030211448669434e-01 3.307506682721799568e-02
7.623680233955383301e-01 3.392079436397445191e-02
7.628390192985534668e-01 1.279573149143150290e-01
7.637860178947448730e-01 6.523737794222848885e-02
7.704049944877624512e-01 2.132241510800308992e-01
7.762179970741271973e-01 4.298863280923434504e-02
7.764400243759155273e-01 4.027836179941539363e-02
7.862039804458618164e-01 2.043716377313083976e-01
7.864570021629333496e-01 1.968815134150291371e-02
8.001220226287841797e-01 3.078578291151198160e-02
8.043159842491149902e-01 5.911982352396760731e-02
8.103089928627014160e-01 9.609067618417466150e-02
8.194119930267333984e-01 2.768376179793549108e-01
8.258240222930908203e-01 3.160247500778967655e-02
8.390009999275207520e-01 4.842655896677422467e-02
8.470630049705505371e-01 5.042247624977633930e-02
8.656539916992187500e-01 1.820319706540412252e-01
9.075509905815124512e-01 3.341486690966004036e-01
9.086400270462036133e-01 2.883652003396787178e-01
9.126449823379516602e-01 4.167377338427597500e-01
9.185969829559326172e-01 1.430091549673127849e-01
9.254689812660217285e-01 1.021564334936724133e-01
9.368960261344909668e-01 2.113746325201186840e-02
9.398970007896423340e-01 1.585805005142653379e-01
9.423570036888122559e-01 2.329409333331452781e-01
9.480649828910827637e-01 9.204445216647200168e-02
9.587410092353820801e-01 1.116927000184241014e-01
9.640949964523315430e-01 2.512940686672449075e-01
9.656190276145935059e-01 2.716538446560176623e-01
9.732919931411743164e-01 5.616955998735403272e-02
9.741849899291992188e-01 9.173235481064949404e-02
9.752209782600402832e-01 3.041446827686991039e-01
9.775480031967163086e-01 3.669114956499233693e-02
9.782750010490417480e-01 7.593276880241657534e-02
9.785370230674743652e-01 7.593821252492057028e-02
9.866340160369873047e-01 8.089198067181395391e-02
9.876930117607116699e-01 5.534211178265828757e-01
9.951750040054321289e-01 5.409979394438448885e-01
9.978680014610290527e-01 2.066754028007892485e-01
1.003440022468566895e+00 2.053710327000727448e-02
1.016350030899047852e+00 5.872525970678076773e-02
1.026659965515136719e+00 1.062399619453043356e-02
1.058439970016479492e+00 3.858411645822686364e-01
1.070989966392517090e+00 1.857254101490179166e-01
1.085710048675537109e+00 4.345107029829482076e-02
1.089859962463378906e+00 2.505964913057525667e-01
1.118989944458007812e+00 2.309630505972418979e-01
1.121009945869445801e+00 8.919856865708025717e-01
1.131890058517456055e+00 1.213321177645834553e-01
1.132179975509643555e+00 1.312744883902379200e-01
1.140519976615905762e+00 2.926827580933440490e-02
1.157070040702819824e+00 3.218525981513839507e-02
1.158419966697692871e+00 3.407207387731975290e-02
1.170629978179931641e+00 6.557174705438897910e-02
1.178750038146972656e+00 8.967676422314573015e-02
1.178979992866516113e+00 4.634876520007463752e-02
1.179069995880126953e+00 1.271272796891423015e-02
1.180490016937255859e+00 2.649691856418307997e-02
1.187690019607543945e+00 7.873984491476396230e-02
1.189669966697692871e+00 1.201640078914725518e-01
1.190649986267089844e+00 9.791623685283695755e-02
1.194440007209777832e+00 6.242351830960105041e-02
1.197299957275390625e+00 5.682963079590154509e-02
1.199419975280761719e+00 2.493109070585737552e-02
1.200369954109191895e+00 5.711129994966505224e-02
1.202980041503906250e+00 2.281711391137628692e-02
1.204089999198913574e+00 4.005951366298235450e-02
1.212249994277954102e+00 7.901427671778321615e-02
1.213539958000183105e+00 1.026892718823028267e-01
1.217540025711059570e+00 3.451000610361640297e-02
1.220170021057128906e+00 2.179954431474549412e-02
1.222370028495788574e+00 2.578003402807836283e-02
1.237959980964660645e+00 2.732370122323907191e-02
1.248370051383972168e+00 4.760403793100307507e-02
1.262799978256225586e+00 2.820497112938078269e-02
1.283849954605102539e+00 1.927779231726715614e-01
1.298820018768310547e+00 1.059345757674703820e-01
1.301949977874755859e+00 2.725501872402693454e-02
1.303159952163696289e+00 5.283230386177838883e-02
1.311450004577636719e+00 4.010499296941808650e-02
1.312190055847167969e+00 1.040064607012371606e-01
1.316190004348754883e+00 6.318240619096501809e-02
1.328740000724792480e+00 1.463297684233070411e-02
1.335850000381469727e+00 2.364515913181846132e-02
1.339820027351379395e+00 1.424734731404487253e-01
1.340579986572265625e+00 6.517250494558568530e-02
1.344079971313476562e+00 6.329203222537091444e-02
1.353070020675659180e+00 6.278333968247894192e-02
1.354030013084411621e+00 9.813924207194926058e-03
1.354539990425109863e+00 2.265551247192842260e-02
1.360039949417114258e+00 9.064553552921555957e-02
1.360069990158081055e+00 1.724889104934044237e-01
1.362699985504150391e+00 2.092668219853888179e-02
1.362910032272338867e+00 7.703871605227723129e-02
1.363330006599426270e+00 3.163730190687193480e-03
1.368960022926330566e+00 3.937631868026718052e-01
1.371050000190734863e+00 1.620701055406741087e-01
1.375990033149719238e+00 1.587761684875995671e-01
1.377439975738525391e+00 7.127091594756540527e-02
1.380290031433105469e+00 9.209086706826333235e-02
1.386870026588439941e+00 8.114856707562685678e-02
1.393489956855773926e+00 1.262111710306240975e-01
1.394860029220581055e+00 2.046759025198839968e-02
1.416120052337646484e+00 1.985064654174711618e-01
1.424049973487854004e+00 8.228044194223721464e-02
1.440510034561157227e+00 9.918078726081505647e-02
1.443210005760192871e+00 9.464417023160649756e-02
1.446149945259094238e+00 9.102966629002120016e-03
1.448140025138854980e+00 8.463747070394848915e-02
1.458279967308044434e+00 6.737251167687612063e-02
1.520679950714111328e+00 1.159213610232024128e-01
1.538050055503845215e+00 2.605048558019467872e-02
1.548060059547424316e+00 7.956576403214939142e-02
1.549690008163452148e+00 8.726678765681972205e-02
1.550310015678405762e+00 4.800855839017298399e-02
1.557929992675781250e+00 2.260528889600422336e-02
1.561869978904724121e+00 3.389176231797033645e-02
1.562289953231811523e+00 3.233563760475801491e-02
1.567219972610473633e+00 4.780896971183622168e-02
1.569790005683898926e+00 1.049153809490438877e-01
1.573119997978210449e+00 5.948126893004901383e-02
1.576189994812011719e+00 1.400418111446142255e-01
1.582659959793090820e+00 7.084949720327074485e-02
1.584969997406005859e+00 2.643774599391733870e-01
1.590219974517822266e+00 2.288720219501439238e-02
1.596029996871948242e+00 6.053443636812273765e-02
1.597429990768432617e+00 3.983511592080352798e-02
1.598960041999816895e+00 6.345428224778797144e-02
1.602399945259094238e+00 1.228526734040524815e-01
1.604709982872009277e+00 4.542593598124804177e-02
1.605260014533996582e+00 8.158021069871709829e-02
1.610579967498779297e+00 4.524655251493895497e-02
1.615610003471374512e+00 7.906810899689584171e-02
1.621160030364990234e+00 1.485677814822380094e-01
1.682860016822814941e+00 1.217172545448396981e-01
1.693869948387145996e+00 8.368543351726022428e-02
1.696859955787658691e+00 8.685339627270302620e-02
1.707849979400634766e+00 2.338684450157387795e-01
1.709830045700073242e+00 1.101671064843200154e-01
1.717200040817260742e+00 7.251273175692087014e-02
1.722139954566955566e+00 7.256944987820339310e-02
1.728350043296813965e+00 1.235333347468627330e-01
1.764979958534240723e+00 3.776068247538241773e-02
1.767740011215209961e+00 3.946003915437186482e-02
1.768849968910217285e+00 1.720499603173873682e-02
1.768900036811828613e+00 4.831162195247405700e-02
1.777279973030090332e+00 1.480374648131768389e-01
1.779019951820373535e+00 5.847058277953368077e-02
1.781710028648376465e+00 1.402365162402935683e-01
1.784379959106445312e+00 4.191564352288559836e-02
1.790920019149780273e+00 6.463773149729874767e-02
1.793980002403259277e+00 1.817577304151608009e-01
1.795910000801086426e+00 5.213648561258025366e-02
1.799520015716552734e+00 1.740973949421606090e-02
1.800469994544982910e+00 9.088418611689158544e-02
1.806020021438598633e+00 2.312333381725702880e-02
1.808109998703002930e+00 5.259837217179286206e-02
1.809159994125366211e+00 3.692910637639678501e-02
1.812100052833557129e+00 1.962907637330461863e-02
1.812839984893798828e+00 3.080326060030824306e-02
1.818249940872192383e+00 4.218592106494748611e-02
1.818449974060058594e+00 4.953445780532705206e-02
1.820870041847229004e+00 4.981391746390481656e-02
1.823429942131042480e+00 4.811768559785500887e-02
1.837550044059753418e+00 5.239581847384344737e-02
1.847620010375976562e+00 2.606410568905353359e-02
1.852540016174316406e+00 3.295886837384463808e-02
1.856529951095581055e+00 4.495302436230091958e-02
1.870849967002868652e+00 4.779791272804302660e-02
1.906250000000000000e+00 4.399239600178109222e-02
1.913830041885375977e+00 6.901783705368563782e-02
1.917940020561218262e+00 1.287206679972504597e-01
1.935459971427917480e+00 1.077004663814954272e-01
1.937489986419677734e+00 5.541111086923627277e-02
1.938959956169128418e+00 3.463971189588697930e-02
1.941920042037963867e+00 7.358107545336972644e-02
1.942389965057373047e+00 7.238369538545265380e-02
1.944540023803710938e+00 5.786116800865444276e-02
1.944640040397644043e+00 4.541935475993669202e-02
1.945279955863952637e+00 2.036554525718864764e-02
1.947059988975524902e+00 1.526307851245534974e-01
1.947399973869323730e+00 5.159715427540498972e-02
1.947409987449645996e+00 4.318327169277329930e-02
1.948539972305297852e+00 4.781609415999783091e-02
1.948709964752197266e+00 7.319104375245263569e-03
1.949040055274963379e+00 1.836395513151875200e-02
1.950440049171447754e+00 5.110424121398103592e-02
1.960590004920959473e+00 4.260129152002067876e-02
1.963819980621337891e+00 8.282337080790955208e-02
1.964959979057312012e+00 6.193535676023614878e-02
1.967790007591247559e+00 9.867688017581287274e-02
1.973119974136352539e+00 2.597746198946956353e-01
1.977290034294128418e+00 5.116831779422893745e-02
1.979400038719177246e+00 1.020044423335092765e-01
1.985859990119934082e+00 6.599719138320586653e-02
1.992319941520690918e+00 6.698835166844484268e-02
2.019010066986083984e+00 3.061298313195260495e-02
2.025180101394653320e+00 1.402553761022949375e-01
2.030800104141235352e+00 1.276405688434167351e-01
2.031209945678710938e+00 1.118615999590905907e-01
2.063339948654174805e+00 1.415724372063242864e-01
2.065030097961425781e+00 4.428816299212955804e-02
2.130690097808837891e+00 2.598464570118892356e-02
2.139559984207153320e+00 4.533387637937942583e-02
2.158329963684082031e+00 1.585433471486348278e-01
2.159070014953613281e+00 9.713207093609464715e-02
2.165060043334960938e+00 3.987222101223086151e-02
2.170989990234375000e+00 1.529308316845088278e-01
2.173660039901733398e+00 4.054792885616841785e-02
2.174160003662109375e+00 1.083685928125161374e-01
2.178390026092529297e+00 4.447589684040124079e-03
2.179529905319213867e+00 6.278153100638517170e-02
2.179800033569335938e+00 3.499105278437509431e-02
2.185029983520507812e+00 8.690817752280036168e-02
2.185450077056884766e+00 3.268829586800546527e-02
2.186630010604858398e+00 1.491863475763386682e-01
2.187779903411865234e+00 5.476911102942386839e-02
2.188040018081665039e+00 9.504657772368467483e-02
2.190599918365478516e+00 2.228507828826561121e-01
2.198460102081298828e+00 1.452631556582104078e-01
2.199480056762695312e+00 3.832279651890567462e-02
2.204169988632202148e+00 3.138963196666692129e-02
2.205909967422485352e+00 1.213831125524665600e-02
2.206619977951049805e+00 1.355485738729736989e-01
2.213769912719726562e+00 9.031184204716530273e-02
2.220760107040405273e+00 5.689242339758204814e-02
2.275670051574707031e+00 1.215329217247301946e-01
2.286119937896728516e+00 1.432972961768124720e-01
2.296950101852416992e+00 4.075421393173159212e-02
2.298540115356445312e+00 3.830934638982230050e-02
2.300960063934326172e+00 6.329728322668794205e-02
2.311840057373046875e+00 8.200115951157326000e-02
2.323990106582641602e+00 6.388726152779726497e-02
2.364429950714111328e+00 1.501054096760474632e-01
2.366219997406005859e+00 9.556535113373330892e-02
2.367150068283081055e+00 1.944777242917160587e-01
2.368020057678222656e+00 2.295217871848373170e-01
2.375289916992187500e+00 2.388039201617183846e-02
2.381720066070556641e+00 3.083813254374091761e-02
2.385050058364868164e+00 3.733007354869424810e-02
2.396059989929199219e+00 1.673054072552436211e-01
2.400609970092773438e+00 4.522798530605604689e-02
2.400870084762573242e+00 6.670367720113591636e-02
2.404540061950683594e+00 6.743437649723578453e-02
2.406749963760375977e+00 6.020803154954235820e-02
2.409960031509399414e+00 7.222981263014621733e-02
2.410759925842285156e+00 2.614227323131377428e-02
2.411269903182983398e+00 7.896300909224569786e-02
2.413110017776489258e+00 1.665460261536110542e-01
2.420890092849731445e+00 5.983439699632564501e-02
2.421649932861328125e+00 1.109262578423590717e-01
2.424449920654296875e+00 3.156752237083686879e-02
2.424809932708740234e+00 1.041382534588663894e-01
2.428560018539428711e+00 1.276234611079481683e-02
2.429579973220825195e+00 7.149657974348928857e-02
2.432679891586303711e+00 4.068309476740577385e-02
2.436549901962280273e+00 1.533306682859419678e-01
2.439429998397827148e+00 1.018306420341858337e-01
2.443759918212890625e+00 2.452119189154514795e-02
2.445790052413940430e+00 1.292802045946265244e-01
2.451610088348388672e+00 2.096914321156121558e-02
2.472919940948486328e+00 8.424495922026220551e-02
2.512370109558105469e+00 1.987703498279232428e-01
2.512809991836547852e+00 1.016436149463899041e-01
2.514489889144897461e+00 2.100533311832288030e-01
2.520279884338378906e+00 6.059886357027002152e-02
2.521070003509521484e+00 2.454177029746625049e-02
2.522480010986328125e+00 5.460699001777206962e-02
2.524549961090087891e+00 5.824619337528037094e-02
2.535039901733398438e+00 9.197823863863459348e-02
2.537499904632568359e+00 5.240097814976682478e-02
2.537559986114501953e+00 6.223758951531779826e-02
2.542459964752197266e+00 9.943150613368968715e-02
2.550930023193359375e+00 1.520817964004059913e-02
2.553970098495483398e+00 6.329199609557495387e-02
2.558599948883056641e+00 3.735421815121330036e-02
2.560430049896240234e+00 9.708233218752822247e-02
2.562839984893798828e+00 1.460765569762388118e-02
2.564650058746337891e+00 6.438287079857506201e-02
2.574340105056762695e+00 9.832037245989568019e-02
2.575360059738159180e+00 6.980272332097996191e-02
2.576119899749755859e+00 2.639650712993054649e-01
2.576889991760253906e+00 8.143689706896571623e-02
2.583739995956420898e+00 2.918995696427228656e-02
2.589819908142089844e+00 1.003826758699261773e-01
2.590130090713500977e+00 2.053926968438258838e-01
2.590229988098144531e+00 8.701904255042279546e-02
2.605210065841674805e+00 3.408255324136529735e-02
2.612920045852661133e+00 5.333832845111534382e-02
2.621779918670654297e+00 1.109301300842615162e-01
2.636209964752197266e+00 7.693199907290254602e-02
2.639329910278320312e+00 1.118204561492827986e+00
2.643399953842163086e+00 7.811218501377606427e-02
2.648809909820556641e+00 3.178591810776374982e-01
2.718630075454711914e+00 7.714237098526767478e-02
2.723020076751708984e+00 1.444056738451232336e-01
2.730710029602050781e+00 8.810844540169017469e-02
2.735239982604980469e+00 4.767475410055819207e-01
2.738670110702514648e+00 1.848073604476807574e-01
2.740619897842407227e+00 8.652018579144347965e-02
2.743989944458007812e+00 3.150346716847516881e-01
2.745290040969848633e+00 1.505232902724438215e-01
2.752870082855224609e+00 3.093860520786047980e-02
2.754420042037963867e+00 6.180440960341568313e-02
2.760819911956787109e+00 5.421609626893438838e-01
2.761320114135742188e+00 7.091458797202036812e-02
2.764529943466186523e+00 5.477339971158197429e-02
2.764630079269409180e+00 3.982845917381388351e-02
2.765399932861328125e+00 5.217164272148529930e-02
2.766040086746215820e+00 4.118123145881098096e-02
2.772089958190917969e+00 6.490927666110146710e-02
2.778310060501098633e+00 3.684372255759130882e-02
2.779409885406494141e+00 4.021447315073350959e-02
2.780499935150146484e+00 3.187064625769003151e-02
2.797849893569946289e+00 1.418747431814216253e-01
2.805809974670410156e+00 5.484379727556273204e-02
2.810410022735595703e+00 1.257210525602140416e-01
2.811520099639892578e+00 1.131114564242181458e-01
2.868330001831054688e+00 7.822298088569556995e-02
2.873729944229125977e+00 1.302014410340738837e-01
2.879699945449829102e+00 8.422058877918379982e-02
2.890799999237060547e+00 1.460048151353323109e-01
2.892090082168579102e+00 8.243009801884781940e-02
2.916300058364868164e+00 1.546085101337871526e-01
2.916369915008544922e+00 4.284789584638205862e-02
2.924309968948364258e+00 8.776274633869676767e-02
2.930469989776611328e+00 5.671778957633433205e-01
2.936899900436401367e+00 6.579428760987539315e-02
2.939990043640136719e+00 2.531914295852072741e-02
2.941590070724487305e+00 1.971592453950120061e-01
2.959089994430541992e+00 7.244303353759690145e-02
2.964299917221069336e+00 2.321998596301851625e-01
2.969990015029907227e+00 6.572105247679937978e-02
2.970659971237182617e+00 1.132920625935777970e-02
2.973579883575439453e+00 4.722711933240047316e-02
2.976279973983764648e+00 7.815828572774546901e-02
2.988059997558593750e+00 6.680999529578236784e-02
2.991930007934570312e+00 3.018965909312969556e-02
2.993680000305175781e+00 7.206345866683790125e-02
2.995980024337768555e+00 6.553465929375636156e-02
2.996040105819702148e+00 3.214093627706158390e-02
2.996350049972534180e+00 8.084238844383795364e-02
2.997410058975219727e+00 2.901078820798717872e-02
3.000099897384643555e+00 3.746038277454120935e-02
3.004820108413696289e+00 1.006477941869123177e-01
3.007849931716918945e+00 5.000026617950152630e-02
3.014080047607421875e+00 8.384777038968034557e-02
3.017080068588256836e+00 3.335339662147492751e-02
3.019079923629760742e+00 3.640127467738198813e-02
3.019150018692016602e+00 1.324217548225584129e-01
3.045680046081542969e+00 1.570151178164449698e-02
3.045979976654052734e+00 9.175136124808835891e-02
3.065089941024780273e+00 7.696614328958648055e-02
3.095649957656860352e+00 5.407880846176591622e-02
3.097249984741210938e+00 9.040767519518468076e-02
3.098409891128540039e+00 8.386693028261699157e-02
3.099669933319091797e+00 1.700869708262695706e-02
3.100939989089965820e+00 4.872956951849970880e-02
3.103319883346557617e+00 6.243749599889106966e-02
3.107140064239501953e+00 7.732586849836570186e-02
3.108599901199340820e+00 5.944932187546625446e-02
3.109460115432739258e+00 1.878592539702463385e-02
3.111429929733276367e+00 4.616804955077842554e-02
3.113270044326782227e+00 2.511387920871814561e-02
3.132060050964355469e+00 5.818334485254102878e-02
3.133460044860839844e+00 1.074049073446633890e-01
3.146970033645629883e+00 1.058197684927301985e-01
3.147890090942382812e+00 1.360889845369959161e-01
3.148740053176879883e+00 5.073866980180841840e-02
3.150700092315673828e+00 2.887975204725558298e-02
3.151679992675781250e+00 3.024227474181465092e-02
3.156389951705932617e+00 4.134974680835654809e-02
3.158410072326660156e+00 5.250698028811974227e-01
3.162189960479736328e+00 6.047515496236362254e-02
3.164760112762451172e+00 2.689226791041942066e-01
3.166270017623901367e+00 1.331743703940917456e-01
3.166559934616088867e+00 4.893002048342239702e-02
3.179939985275268555e+00 1.463070410018013356e-01
3.201139926910400391e+00 9.803254715982545608e-02
3.201669931411743164e+00 6.692427221004759730e-02
3.202709913253784180e+00 7.431521429844169246e-02
3.205830097198486328e+00 1.029364044946302348e-01
3.227269887924194336e+00 8.184118817397099954e-02
3.232029914855957031e+00 1.511896124554725218e-01
3.232810020446777344e+00 2.012831192266090752e-01
3.235140085220336914e+00 2.392775300135742689e-01
3.295909881591796875e+00 8.398722452554157059e-01
3.311340093612670898e+00 8.123254041942508386e-02
3.313669919967651367e+00 4.367728520880944654e-01
3.318079948425292969e+00 8.158717558028809325e-02
3.319200038909912109e+00 4.337273814141615752e-02
3.323430061340332031e+00 1.225872413480058876e-01
3.332849979400634766e+00 3.723682916303301671e-02
3.333169937133789062e+00 4.290281351696963869e-02
3.335340023040771484e+00 4.467530099259941351e-02
3.337970018386840820e+00 7.424306580217142348e-02
3.338599920272827148e+00 2.543847459195432981e-01
3.350539922714233398e+00 2.350768886455772422e-01
3.351850032806396484e+00 3.007370917952255640e-01
3.356640100479125977e+00 7.072060726172522960e-02
3.358429908752441406e+00 1.489319507201369852e-02
3.360310077667236328e+00 5.824164773472330359e-02
3.364670038223266602e+00 1.161547530588874777e-01
3.365489959716796875e+00 1.194593794254679708e-01
3.365900039672851562e+00 5.320779699384851208e-02
3.368959903717041016e+00 4.338315633137371924e-02
3.369290113449096680e+00 2.935815225926997618e-01
3.370889902114868164e+00 4.503872648995976835e-02
3.376919984817504883e+00 1.388412802778652144e-01
3.388580083847045898e+00 3.043235454652803984e-01
3.460730075836181641e+00 8.938272737585663263e-02
3.475719928741455078e+00 1.022702049242813355e-01
3.478120088577270508e+00 3.292696243377599835e-02
3.484669923782348633e+00 1.169674630749531624e-01
3.489409923553466797e+00 3.214889789782854335e-02
3.489890098571777344e+00 3.942994916009912726e-02
3.491300106048583984e+00 5.563393938995651877e-02
3.497910022735595703e+00 1.119690812976910088e-01
3.503609895706176758e+00 8.352791262057392141e-02
3.507620096206665039e+00 4.172484750294243316e-02
3.529500007629394531e+00 6.960150687943701675e-02
3.534699916839599609e+00 2.553155557141340570e-01
3.540080070495605469e+00 3.152655852964672545e-01
3.541630029678344727e+00 1.531055095155057777e-01
3.544039964675903320e+00 5.362761523430528005e-02
3.547569990158081055e+00 2.793573293782443401e-02
3.551189899444580078e+00 7.472238768654147767e-02
3.556099891662597656e+00 3.205434310985727508e-02
3.556529998779296875e+00 3.692166150185438589e-02
3.561409950256347656e+00 2.756715365796275075e-01
3.566109895706176758e+00 9.035240991045535852e-02
3.571140050888061523e+00 5.559004510654529108e-02
3.573050022125244141e+00 8.817258129295262037e-02
3.575089931488037109e+00 1.090805117220809868e-02
3.576590061187744141e+00 9.822219200534151873e-02
3.577579975128173828e+00 6.957952920525541096e-02
3.581899881362915039e+00 5.578415522469458432e-02
3.582299947738647461e+00 7.017209489129300204e-02
3.585720062255859375e+00 4.595230764678798902e-02
3.587229967117309570e+00 1.445873033454848217e-02
3.589780092239379883e+00 5.826128113167299699e-02
3.611769914627075195e+00 1.604536685942850593e-01
3.612169981002807617e+00 5.390212999903784552e-02
3.624180078506469727e+00 8.981340520786534887e-02
3.644380092620849609e+00 2.855512229987671943e-02
3.660690069198608398e+00 3.024214158465443614e-02
3.671309947967529297e+00 4.210887547846638157e-02
3.676059961318969727e+00 8.984647595759520655e-02
3.680089950561523438e+00 1.334544511137868705e-01
3.682070016860961914e+00 2.485927354279423851e-01
3.683840036392211914e+00 1.027009712823531568e-01
3.690540075302124023e+00 2.287123757107235172e-02
3.694000005722045898e+00 7.139907610605905619e-02
3.695509910583496094e+00 8.612544223428668377e-02
3.698499917984008789e+00 2.701863304234613516e-01
3.704080104827880859e+00 8.522067719602369196e-02
3.706180095672607422e+00 1.700973798894702543e-02
3.708090066909790039e+00 2.578725800459638617e-02
3.714109897613525391e+00 1.120831794730873937e-01
3.717479944229125977e+00 1.090363645373497864e-01
3.719280004501342773e+00 1.283942154413953984e-01
3.721270084381103516e+00 4.536279499515202818e-02
3.721509933471679688e+00 3.253097365255709639e-02
3.723900079727172852e+00 1.683366787061721936e-01
3.732559919357299805e+00 1.656711856492014134e-01
3.739480018615722656e+00 6.955430415828296464e-01
3.741909980773925781e+00 7.694844063194591910e-02
3.742010116577148438e+00 7.121138910726572402e-02
3.743289947509765625e+00 8.449602772095683723e-02
3.749380111694335938e+00 6.142778121870725583e-01
3.776649951934814453e+00 2.067624095780675186e-01
3.778120040893554688e+00 9.530457242406714657e-02
3.784970045089721680e+00 1.063459440178728295e-02
3.790910005569458008e+00 8.351631550036581197e-02
3.791870117187500000e+00 2.316955224354874665e-01
3.795540094375610352e+00 1.423883818196646223e-01
3.800230026245117188e+00 8.662873986706516594e-02
3.855859994888305664e+00 9.714302690872358981e-02
3.874399900436401367e+00 5.309529697599481290e-02
3.894439935684204102e+00 3.847128172050991168e-02
3.903290033340454102e+00 3.429798920218427721e-02
3.912699937820434570e+00 1.026184099307391046e-01
3.919869899749755859e+00 1.338290030678914166e-01
3.923280000686645508e+00 4.354708684938716351e-02
3.924040079116821289e+00 3.618697866247461148e-02
3.925930023193359375e+00 4.210164522214562138e-02
3.927690029144287109e+00 4.507067254471637530e-02
3.929039955139160156e+00 5.733997104115377830e-02
3.929080009460449219e+00 2.382229356167585577e-01
3.929160118103027344e+00 2.469330140008510130e-02
3.929709911346435547e+00 2.097736149012305873e-01
3.930310010910034180e+00 1.513473981156957804e-01
3.931699991226196289e+00 3.964274146461991416e-02
3.934760093688964844e+00 1.878282621603089009e-01
3.935549974441528320e+00 3.529204314469404358e-02
3.937839984893798828e+00 2.201683879542430666e-02
3.938100099563598633e+00 7.656981670321745537e-02
3.942090034484863281e+00 5.422321167316902085e-02
3.944940090179443359e+00 4.436987768599312543e-02
3.952939987182617188e+00 4.073022289778963079e-02
3.965960025787353516e+00 2.010064774413064248e-01
3.985610008239746094e+00 8.590468492694691705e-02
4.048279762268066406e+00 5.571266263018461590e-02
4.054009914398193359e+00 5.724610866931950648e-02
4.071380138397216797e+00 7.405990468868756116e-02
4.073430061340332031e+00 6.659252144972969967e-02
4.074769973754882812e+00 7.151544333170549439e-02
4.080039978027343750e+00 5.438074191911509980e-02
4.088190078735351562e+00 1.058543185995015068e-01
4.111830234527587891e+00 1.357317631988763651e-01
4.124790191650390625e+00 3.289148998141661756e-02
4.131810188293457031e+00 8.346949613364090803e-02
4.131969928741455078e+00 4.947354834321783523e-02
4.134749889373779297e+00 2.319040373655204337e-02
4.136380195617675781e+00 1.094331365587272592e-01
4.143459796905517578e+00 2.872972508857705165e-01
4.143479824066162109e+00 3.657737052043266712e-02
4.145249843597412109e+00 2.052599866884484148e-01
4.146609783172607422e+00 3.362557113968917683e-02
4.150199890136718750e+00 4.789420366754594538e-02
4.150229930877685547e+00 1.007707645964737997e-01
4.154940128326416016e+00 7.081552537556941029e-01
4.156089782714843750e+00 8.712515196479121704e-02
4.163300037384033203e+00 1.740832722293038370e-02
4.165450096130371094e+00 6.091435173283363258e-02
4.167429924011230469e+00 3.816027582406320007e-02
4.171470165252685547e+00 9.893868890613399802e-02
4.178619861602783203e+00 1.690770647530741300e-02
4.179170131683349609e+00 6.252925995920514124e-01
4.181960105895996094e+00 1.418062053004978396e-01
4.188010215759277344e+00 9.617877031453624798e-03
4.190589904785156250e+00 2.562583488374690216e-02
4.194499969482421875e+00 4.126912675066382596e-02
4.212039947509765625e+00 2.097606120819097142e-01
4.215769767761230469e+00 7.535940313904630761e-02
4.216090202331542969e+00 3.924123505451281718e-02
4.222899913787841797e+00 5.885394200257727110e-02
4.261769771575927734e+00 3.217614097058048989e-02
4.273729801177978516e+00 1.394389713117902274e-01
4.280129909515380859e+00 4.912621410193779292e-02
4.282619953155517578e+00 6.075276572038083162e-02
4.285419940948486328e+00 3.153312034630956912e-02
4.288000106811523438e+00 8.608349996152367400e-02
4.288710117340087891e+00 6.026735202336479247e-02
4.293620109558105469e+00 3.953528447463956069e-02
4.294889926910400391e+00 7.672695105849400288e-02
4.298379898071289062e+00 2.250052150274667873e-01
4.299200057983398438e+00 1.935086922987149308e-02
4.301410198211669922e+00 2.179281024499285513e-02
4.302969932556152344e+00 2.895203318553447869e-02
4.305250167846679688e+00 1.517199583205125837e-02
4.305799961090087891e+00 2.881644028003386981e-02
4.311900138854980469e+00 8.480732496805931664e-02
4.318769931793212891e+00 2.883463350307510081e-02
4.328810214996337891e+00 7.173806587732672879e-02
4.328949928283691406e+00 3.238172849288326743e-02
4.329249858856201172e+00 6.219954146269328354e-02
4.329259872436523438e+00 9.170518083917272856e-02
4.330490112304687500e+00 1.467617544216288580e-02
4.343160152435302734e+00 4.385070856420501123e-02
4.344820022583007812e+00 4.563811027503186096e-02
4.346119880676269531e+00 5.886900861171119603e-02
4.358190059661865234e+00 2.582123717277158836e-01
4.369130134582519531e+00 1.056522231746087892e-01
4.379819869995117188e+00 7.959240227752720220e-02
4.383530139923095703e+00 4.295011191267544826e-02
4.385069847106933594e+00 2.455611248449296458e-02
4.388730049133300781e+00 3.618942611448174862e-01
4.395559787750244141e+00 7.067008867147674123e-02
4.410220146179199219e+00 7.765305053547663650e-02
4.454289913177490234e+00 2.180715039401393551e-01
4.465859889984130859e+00 7.445527028740651920e-02
4.500579833984375000e+00 3.250266267680505805e-02
4.500740051269531250e+00 1.839770491905524386e-01
4.508329868316650391e+00 3.012868551449366175e-02
4.509530067443847656e+00 7.161422942627845845e-02
4.510650157928466797e+00 4.556057827798214860e-02
4.511189937591552734e+00 2.457010145514092539e-02
4.512829780578613281e+00 1.962152001940687188e-02
4.512839794158935547e+00 5.433988036782638753e-02
4.529880046844482422e+00 1.941144900375557092e-01
4.533110141754150391e+00 5.079830848613276634e-02
4.534430027008056641e+00 1.200445048891484040e-01
4.536870002746582031e+00 5.487511427921099721e-02
4.540719985961914062e+00 5.316325989405320390e-02
4.546579837799072266e+00 5.439239509015110496e-02
4.548890113830566406e+00 1.956111285189702231e-01
4.549429893493652344e+00 1.581726711377472727e-01
4.549990177154541016e+00 1.229361314810490102e-01
4.551579952239990234e+00 1.259689466819450265e-01
4.551809787750244141e+00 7.952409001848438630e-02
4.558119773864746094e+00 1.637355640497656084e-01
4.588329792022705078e+00 2.191907275791606380e-01
4.608389854431152344e+00 1.079304971009507896e-01
4.624559879302978516e+00 1.616960221365425221e-01
4.646570205688476562e+00 9.912272812786272758e-02
4.648550033569335938e+00 2.211828489542524978e-02
4.652379989624023438e+00 1.387425334522163767e-01
4.653160095214843750e+00 9.598747602961286984e-02
4.659880161285400391e+00 1.757900345511066442e-01
4.680290222167968750e+00 7.708264053548388728e-02
4.684189796447753906e+00 3.993667938687239793e-02
4.687890052795410156e+00 1.259410079428174845e-01
4.702030181884765625e+00 3.198951822400130651e-01
4.705130100250244141e+00 1.544750758139100955e-01
4.706349849700927734e+00 9.517364287216795171e-02
4.722400188446044922e+00 1.944937636916893239e-02
4.724549770355224609e+00 3.256451114706394173e-02
4.732140064239501953e+00 1.382184158872091784e-01
4.736639976501464844e+00 1.053373360451721336e-01
4.739540100097656250e+00 4.158000814495647207e-02
4.742539882659912109e+00 3.361445939563185298e-02
4.746550083160400391e+00 5.560083419443061226e-02
4.749060153961181641e+00 6.021258973191759983e-02
4.749810218811035156e+00 7.778483015014699131e-02
4.753409862518310547e+00 1.049054817698483535e-02
4.754059791564941406e+00 7.754654438960711937e-02
4.756259918212890625e+00 1.272046996769298291e-02
4.756420135498046875e+00 3.121833291708014588e-02
4.770679950714111328e+00 2.205239854124050811e-02
4.771850109100341797e+00 3.305429225866726717e-02
4.773019790649414062e+00 1.052178937828548017e-01
4.775279998779296875e+00 2.143152863939828401e-01
4.777750015258789062e+00 5.300802904791340753e-02
4.785630226135253906e+00 9.565708903101244331e-02
4.788410186767578125e+00 5.698263221205361606e-02
4.806839942932128906e+00 1.152564281089374226e-01
4.813240051269531250e+00 2.009857930686731811e-02
4.814750194549560547e+00 5.505690954466048448e-02
4.816299915313720703e+00 4.899986161235180687e-02
4.839670181274414062e+00 1.644649919639890046e-01
4.848249912261962891e+00 3.117750970415627751e-02
4.865180015563964844e+00 5.624621217408766471e-02
4.868889808654785156e+00 1.489950718371290672e-01
4.877220153808593750e+00 4.019089220754991365e-02
4.885550022125244141e+00 2.293235502394539230e-02
4.887310028076171875e+00 4.293672297988618269e-02
4.889220237731933594e+00 5.128163333277517555e-02
4.892419815063476562e+00 1.787646667938967964e-03
4.893899917602539062e+00 7.061164639747292970e-02
4.897049903869628906e+00 1.166509913032608425e-01
4.897870063781738281e+00 7.599712362345480143e-02
4.899839878082275391e+00 6.443697086067756707e-02
4.901609897613525391e+00 1.456648280100533710e-01
4.903999805450439453e+00 1.601509823140050831e-02
4.909329891204833984e+00 1.384272950306817962e-01
4.911520004272460938e+00 1.520830831907190872e-01
4.912720203399658203e+00 1.319761587979800532e-01
4.913700103759765625e+00 2.570230217211795232e-01
4.918059825897216797e+00 2.312709512186601202e-01
4.919750213623046875e+00 3.386612671016566573e-02
4.927470207214355469e+00 5.319977253150724034e-02
4.931089878082275391e+00 2.578335426033205591e-02
4.949190139770507812e+00 6.202849963018846474e-02
4.952350139617919922e+00 1.002224344730482830e+00
4.955049991607666016e+00 1.492652008353704540e-01
4.962810039520263672e+00 1.567142931070402145e-01
4.965730190277099609e+00 1.147985066452691660e-01
4.969059944152832031e+00 7.062908779031308593e-02
4.979819774627685547e+00 1.445358270429952796e-01
4.995619773864746094e+00 1.694200134180452177e-01
5.013619899749755859e+00 1.435668051621545038e-01
5.102779865264892578e+00 1.050003932909408660e-01
5.103419780731201172e+00 3.373178667881232551e-02
5.103579998016357422e+00 1.281604578451872589e-02
5.107160091400146484e+00 2.156550185754296523e-01
5.108520030975341797e+00 6.233136632295541157e-02
5.110290050506591797e+00 1.427463962953189336e-01
5.111480236053466797e+00 3.136735304539432778e-02
5.114759922027587891e+00 3.572766484142974458e-02
5.114960193634033203e+00 2.801477113073673475e-02
5.115699768066406250e+00 7.923385558553113217e-01
5.117090225219726562e+00 5.069116324069544710e-02
5.118390083312988281e+00 8.784141243823401224e-03
5.121870040893554688e+00 1.621120866610855846e-02
5.123569965362548828e+00 5.923011558669033505e-03
5.127240180969238281e+00 1.028226055453892729e-01
5.127480030059814453e+00 7.226525477812145715e-02
5.127840042114257812e+00 7.650070846218748333e-02
5.128540039062500000e+00 1.367004867768810243e-02
5.133100032806396484e+00 2.548683536052651771e-02
5.143070220947265625e+00 3.400996323101856400e-01
5.149479866027832031e+00 1.267249005057245054e-02
5.151100158691406250e+00 3.963893585643675777e-01
5.153900146484375000e+00 1.038030674033125628e-01
5.157539844512939453e+00 1.149051872949002073e-01
5.161650180816650391e+00 1.592441754180855262e-01
5.219210147857666016e+00 1.848410431831108980e-01
5.233320236206054688e+00 1.249298567783364011e-01
5.234889984130859375e+00 8.724710000552587941e-02
5.249539852142333984e+00 2.509295004265065659e-02
5.254280090332031250e+00 9.931070214044393496e-02
5.264729976654052734e+00 9.166648183657381821e-02
5.266849994659423828e+00 2.938787281700088738e-01
5.277959823608398438e+00 7.057786392298487366e-02
5.291429996490478516e+00 4.391241960745321249e-01
5.295400142669677734e+00 4.606187545658725624e-02
5.299660205841064453e+00 9.738741206902605529e-02
5.312940120697021484e+00 2.241994626814505440e-02
5.321169853210449219e+00 1.368776219786290160e-01
5.321539878845214844e+00 3.650602311548860057e-01
5.330580234527587891e+00 1.839438049812349707e-01
5.331160068511962891e+00 4.309666781999416801e-02
5.339970111846923828e+00 4.659614878346210465e-02
5.340690135955810547e+00 1.132714792287577710e-01
5.342420101165771484e+00 1.588405226418397598e-01
5.343790054321289062e+00 9.132823362902382780e-02
5.347469806671142578e+00 1.197549246863317540e-01
5.349269866943359375e+00 9.330959736871352606e-02
5.349299907684326172e+00 7.418864621103371526e-02
5.350729942321777344e+00 2.170166765831963579e-02
5.355060100555419922e+00 8.648509292409492510e-02
5.358699798583984375e+00 1.052039866153167552e-01
5.359819889068603516e+00 3.196357991437751012e-02
5.362490177154541016e+00 2.233634050796886109e-02
5.366409778594970703e+00 1.400097666390560935e-02
5.367360115051269531e+00 3.941294262656544478e-02
5.367899894714355469e+00 1.705541082081050430e-01
5.376470088958740234e+00 2.475020410304232255e-02
5.393799781799316406e+00 9.796795683354586615e-02
5.399799823760986328e+00 1.624705266755815947e-02
5.420790195465087891e+00 6.464925086152009670e-02
5.438439846038818359e+00 3.758319486139826554e-02
5.461949825286865234e+00 2.545865633373811318e-02
5.463490009307861328e+00 6.671481704586770811e-02
5.470200061798095703e+00 1.438777809168644006e-01
5.470290184020996094e+00 1.458801284781746643e-01
5.475669860839843750e+00 2.602630535788122423e-02
5.478879928588867188e+00 6.464739185869247673e-02
5.481050014495849609e+00 3.383891978104745096e-02
5.481820106506347656e+00 7.450773096372313720e-02
5.481850147247314453e+00 1.565049290293892004e-01
5.486670017242431641e+00 5.081524663928143476e-02
5.488239765167236328e+00 1.369690102909098262e-01
5.489089965820312500e+00 5.338456696616313002e-02
5.491020202636718750e+00 6.925982471751707115e-02
5.492879867553710938e+00 6.580722328722407588e-02
5.493869781494140625e+00 1.452397599359103730e-01
5.498750209808349609e+00 3.285243965213283796e-02
5.501770019531250000e+00 6.056854093547171802e-02
5.504209995269775391e+00 1.765412079768788889e-01
5.506460189819335938e+00 3.683800369429124366e-02
5.510379791259765625e+00 1.413598689264912167e-01
5.514480113983154297e+00 2.379412677248778779e-02
5.516399860382080078e+00 5.810061506918529767e-02
5.521210193634033203e+00 4.181176871671507533e-02
5.533140182495117188e+00 6.331822969860219363e-02
5.543960094451904297e+00 7.553715957258069769e-02
5.560080051422119141e+00 2.483064478593624558e-02
5.560180187225341797e+00 3.158890187013707607e-01
5.563320159912109375e+00 2.005853649794052118e-01
5.574659824371337891e+00 1.375561089765940659e-01
5.577529907226562500e+00 7.964080675725289382e-02
5.594880104064941406e+00 3.965344753847531711e-01
5.671569824218750000e+00 9.432503663633609592e-02
5.682919979095458984e+00 7.333286307457474729e-02
5.684110164642333984e+00 4.247080009410331841e-02
5.684810161590576172e+00 3.453367141107410720e-01
5.685719966888427734e+00 4.559692548922018168e-02
5.690579891204833984e+00 1.925184303271886277e-01
5.699639797210693359e+00 4.030268181930491550e-02
5.700170040130615234e+00 5.544517613604182937e-02
5.702270030975341797e+00 1.969080560535877711e-01
5.703710079193115234e+00 2.027365589326371453e-01
5.708439826965332031e+00 4.943905054359775536e-02
5.708950042724609375e+00 9.692284844362242247e-02
5.709370136260986328e+00 1.692674135257203269e-02
5.710209846496582031e+00 7.769484923702333484e-03
5.710319995880126953e+00 1.138465980712897035e-01
5.711830139160156250e+00 3.904317551859929486e-02
5.711860179901123047e+00 2.345649249546698581e-02
5.717199802398681641e+00 2.402502258960107634e-02
5.719210147857666016e+00 6.073803522965359747e-02
5.724080085754394531e+00 1.451596627704887510e-02
5.727240085601806641e+00 2.066384926809125000e-01
5.740970134735107422e+00 6.441583613940160546e-02
5.759230136871337891e+00 1.407876998737582486e-01
5.771389961242675781e+00 2.566299501611194467e-01
5.806670188903808594e+00 1.691809844523442241e-01
5.823239803314208984e+00 1.171559202825106505e-01
5.836830139160156250e+00 3.328939897766727135e-02
5.838160037994384766e+00 8.468565257319214667e-02
5.841469764709472656e+00 1.114591146119793125e-01
5.841730117797851562e+00 1.217085031863275602e-01
5.855150222778320312e+00 1.262352933268658939e-01
5.864069938659667969e+00 3.584221230263014840e-02
5.888110160827636719e+00 5.670775544388245021e-02
5.893050193786621094e+00 4.043270286032128735e-02
5.908140182495117188e+00 1.269259361354183741e-02
5.908400058746337891e+00 8.170524785130715839e-02
5.909609794616699219e+00 3.936860793680819343e-02
5.910769939422607422e+00 1.318279149462802669e-01
5.910930156707763672e+00 1.536588727010098632e-01
5.912610054016113281e+00 1.166867303158666408e-01
5.915909767150878906e+00 1.970555879073922767e-01
5.927179813385009766e+00 8.563614394473145763e-02
5.929389953613281250e+00 1.232801436643306547e-01
5.929709911346435547e+00 3.141725131934997028e-02
5.930950164794921875e+00 8.792260219201568361e-02
5.932409763336181641e+00 8.848038940248601977e-03
5.939980030059814453e+00 8.110958831093594001e-02
5.945290088653564453e+00 1.412453502263917027e-01
5.948939800262451172e+00 6.792670498221245468e-02
5.949069976806640625e+00 1.669004117000258067e-02
5.951069831848144531e+00 2.388657424262139936e-02
5.951179981231689453e+00 1.063497993125513408e-01
5.952000141143798828e+00 4.314271129242205211e-02
5.954450130462646484e+00 1.160121910859883282e-01
5.956900119781494141e+00 2.514453646714256280e-02
5.958849906921386719e+00 5.096565225360576851e-02
5.982039928436279297e+00 6.850265627731916274e-02
5.989170074462890625e+00 3.612157093619500214e-02
5.992650032043457031e+00 1.088237685508144578e-02
6.023159980773925781e+00 8.208471754148444210e-02
6.039879798889160156e+00 5.792083809191992533e-02
6.054759979248046875e+00 6.700542179328905501e-02
6.055260181427001953e+00 7.517233903457948285e-02
6.060860157012939453e+00 8.069986770802742293e-02
6.061289787292480469e+00 6.669328186832518268e-02
6.063529968261718750e+00 5.587963256459316241e-02
6.065710067749023438e+00 7.377454306300401665e-02
6.068880081176757812e+00 1.447352065745831189e-02
6.076529979705810547e+00 3.656877714727022749e-02
6.077219963073730469e+00 1.498746441212137070e-01
6.077320098876953125e+00 8.021456585642851300e-02
6.078700065612792969e+00 7.015739627922534805e-02
6.078979969024658203e+00 1.831949645696542145e-02
6.080619812011718750e+00 5.003207570035501928e-02
6.081600189208984375e+00 4.801396587854601244e-02
6.082469940185546875e+00 1.222155519507367588e-01
6.082709789276123047e+00 8.630799893703539061e-02
6.086840152740478516e+00 2.983122738136831029e-02
6.087759971618652344e+00 5.426117424727184418e-02
6.092140197753906250e+00 1.140676831207191322e-01
6.093110084533691406e+00 3.547403582786075316e-02
6.093999862670898438e+00 4.292078398546478324e-02
6.094900131225585938e+00 1.361277402146093551e-01
6.129610061645507812e+00 6.528199780055053691e-02
6.136660099029541016e+00 5.977230463916140962e-02
6.140299797058105469e+00 1.091122361070304692e-01
6.147500038146972656e+00 2.917816340357606286e-01
6.154069900512695312e+00 2.848354808586428880e-02
6.160190105438232422e+00 4.465418819867652406e-02
6.162069797515869141e+00 2.899677386859658701e-02
6.165150165557861328e+00 1.627891503063697565e-01
6.187220096588134766e+00 8.010181956082350341e-02
6.261859893798828125e+00 3.009693297547754720e-01
6.276639938354492188e+00 6.010706908553598016e-02
6.276730060577392578e+00 2.568482110758231463e-02
6.281990051269531250e+00 4.425234857903798114e-02
6.282320022583007812e+00 7.143145069388344426e-02
6.285099983215332031e+00 1.769641998599152943e-01
6.288839817047119141e+00 8.932336359801067160e-02
6.289480209350585938e+00 1.304035827616409349e-02
6.293980121612548828e+00 1.245770450963128440e-01
6.297430038452148438e+00 3.234209611516176280e-02
6.298049926757812500e+00 7.404108612030388392e-02
6.302010059356689453e+00 5.314122518199730638e-03
6.302659988403320312e+00 8.057482516705111175e-02
6.302800178527832031e+00 3.749736620609074589e-02
6.302889823913574219e+00 9.135489959991369147e-02
6.306369781494140625e+00 2.497105728781065168e-02
6.306680202484130859e+00 2.844971707994922161e-01
6.308300018310546875e+00 2.390477196914767011e-01
6.309040069580078125e+00 3.873462195314733569e-02
6.318399906158447266e+00 1.172897259630065053e-01
6.321179866790771484e+00 7.702197704745586404e-02
6.324490070343017578e+00 5.537962693941590742e-02
6.331470012664794922e+00 4.159663536684027330e-02
6.333610057830810547e+00 1.302898539178778958e-01
6.420010089874267578e+00 2.618493148475489196e-01
6.423349857330322266e+00 1.975407755280001454e-01
6.425930023193359375e+00 4.946157193923498424e-02
6.428319931030273438e+00 4.967000313562943553e-02
6.431149959564208984e+00 1.470934544765095942e-01
6.433609962463378906e+00 4.805399382225588045e-01
6.446139812469482422e+00 2.574264480787267217e-01
6.468460083007812500e+00 2.883213527532972331e-01
6.469260215759277344e+00 8.598183011685167632e-02
6.487999916076660156e+00 7.994642256429444760e-02
6.493199825286865234e+00 1.051472243961823344e-01
6.495930194854736328e+00 4.684578494843967544e-02
6.502699851989746094e+00 1.979382350579330513e-02
6.505970001220703125e+00 4.406468260691850242e-02
6.506629943847656250e+00 3.065921330318091900e-02
6.509659767150878906e+00 8.901361520395338622e-02
6.510749816894531250e+00 2.318884218884490478e-01
6.520540237426757812e+00 5.607825244033258494e-02
6.520649909973144531e+00 5.836775517887484582e-02
6.520890235900878906e+00 5.709461581410313347e-02
6.522580146789550781e+00 3.256194189493467894e-02
6.523280143737792969e+00 3.910297535828355375e-02
6.524320125579833984e+00 1.609009775271231721e-02
6.524600028991699219e+00 3.967443655270920522e-02
6.525070190429687500e+00 2.733279595278900048e-02
6.529260158538818359e+00 4.718454200306027024e-02
6.529310226440429688e+00 6.655855828191381551e-02
6.534369945526123047e+00 2.587006114128195117e-02
6.536099910736083984e+00 4.081480903013510325e-02
6.548980236053466797e+00 5.943121567135960931e-02
6.560420036315917969e+00 5.732864030647690651e-02
6.566959857940673828e+00 5.340230322960227288e-02
6.586390018463134766e+00 4.253185272664023776e-03
6.592160224914550781e+00 3.164917881551525258e-02
6.616620063781738281e+00 1.543450619912052069e-01
6.627520084381103516e+00 6.104703584843032549e-02
6.634290218353271484e+00 5.769100555857217122e-02
6.635210037231445312e+00 8.768965242596506171e-02
6.638899803161621094e+00 8.037499589323310323e-02
6.640850067138671875e+00 3.539633361198940564e-02
6.647659778594970703e+00 2.254241533737832703e-01
6.650929927825927734e+00 6.063568481304037333e-02
6.652760028839111328e+00 1.056789468556567670e-02
6.652999877929687500e+00 2.467833384727910126e-02
6.654459953308105469e+00 1.020928574036143038e-01
6.659800052642822266e+00 3.407958287714913520e-02
6.666059970855712891e+00 3.209572666456746159e-02
6.669760227203369141e+00 2.355890308179582615e-02
6.670020103454589844e+00 1.915596543271290766e-02
6.673510074615478516e+00 5.804595698276560772e-02
6.673749923706054688e+00 2.071743332582415831e-01
6.676370143890380859e+00 6.756130478276987927e-02
6.682099819183349609e+00 4.761349300448274730e-02
6.682380199432373047e+00 5.740014049058273643e-02
6.683340072631835938e+00 2.934860822195188568e-02
6.687620162963867188e+00 7.126680643945428051e-02
6.703760147094726562e+00 1.548569754766663809e-01
6.706170082092285156e+00 4.421899558594000190e-02
6.711619853973388672e+00 7.396243786741869830e-02
6.715750217437744141e+00 3.590414372508830138e-02
6.732779979705810547e+00 2.057794829211363474e-01
6.735420227050781250e+00 3.173389800150314133e-02
6.750750064849853516e+00 7.498807809457502804e-02
6.752550125122070312e+00 1.452684151870272944e-01
6.762199878692626953e+00 9.049723903052722673e-02
6.769259929656982422e+00 5.836408361528301614e-02
6.784530162811279297e+00 1.916954709434905146e-01
6.786650180816650391e+00 2.086472701146732112e-01
6.853320121765136719e+00 1.213175151374470545e-01
6.857659816741943359e+00 4.008065923668084896e-01
6.859029769897460938e+00 1.653810160740894486e-01
6.865159988403320312e+00 1.378869481222559645e-01
6.865900039672851562e+00 9.367690894629689125e-02
6.870679855346679688e+00 4.487334286590186072e-02
6.872059822082519531e+00 1.213125894980344142e-02
6.873859882354736328e+00 2.001655364804916237e-02
6.874539852142333984e+00 6.891035838974582384e-02
6.874869823455810547e+00 8.061922990572684133e-02
6.876739978790283203e+00 9.814377081683337001e-02
6.878960132598876953e+00 2.214240292581833580e-01
6.879789829254150391e+00 5.316065318587936961e-02
6.880330085754394531e+00 5.884429008882061801e-02
6.884610176086425781e+00 4.104840205209300819e-01
6.889309883117675781e+00 7.199079108034479868e-02
6.890540122985839844e+00 1.928329739805654253e-01
6.896090030670166016e+00 4.068895484040162269e-02
6.911690235137939453e+00 1.146296889988091816e-01
6.913229942321777344e+00 2.105996882392938488e-02
6.913589954376220703e+00 3.703131575190257707e-01
6.918680191040039062e+00 8.384152214676631257e-03
6.927509784698486328e+00 2.428117973872190583e-01
6.928649902343750000e+00 2.764932228779586401e-02
7.002309799194335938e+00 6.195702274975405099e-02
7.004869937896728516e+00 3.669050860439816014e-02
7.011139869689941406e+00 1.579921606015770863e-01
7.045060157775878906e+00 2.654718499587156375e-02
7.046720027923583984e+00 5.218898404377634442e-02
7.053909778594970703e+00 3.225384795127340665e-01
7.053939819335937500e+00 4.140319453676997302e-02
7.053999900817871094e+00 7.351223754668181898e-02
7.054850101470947266e+00 1.635401305916136250e-01
7.079949855804443359e+00 1.139787404748424382e-01
7.081099987030029297e+00 1.183044578174572703e-01
7.082339763641357422e+00 7.245116219475709884e-02
7.089029788970947266e+00 7.052440714755024709e-02
7.095300197601318359e+00 1.128469396041621373e-02
7.097350120544433594e+00 1.900366882558796600e-01
7.097569942474365234e+00 9.556863831041662039e-02
7.100029945373535156e+00 1.977627536754643367e-02
7.104370117187500000e+00 2.052493743711741592e-01
7.108679771423339844e+00 5.823301857810235516e-02
7.109119892120361328e+00 7.046478572440792454e-02
7.109429836273193359e+00 9.403088542135139283e-02
7.109980106353759766e+00 1.160032577467218912e-02
7.114379882812500000e+00 4.796822903494288998e-02
7.115650177001953125e+00 1.940302014759641425e-02
7.123809814453125000e+00 1.493951482974654500e-02
7.124129772186279297e+00 5.066017015480517305e-02
7.130340099334716797e+00 1.683942033903411406e-02
7.130929946899414062e+00 1.568846070569000495e-01
7.133210182189941406e+00 3.572540982198640913e-02
7.138999938964843750e+00 1.188951299412634444e-01
7.145180225372314453e+00 5.210940368642485998e-02
7.147200107574462891e+00 1.188394561109468173e-01
7.151909828186035156e+00 1.724239771990202647e-02
7.158259868621826172e+00 5.669142303400108440e-02
7.175819873809814453e+00 2.929627700151326564e-01
7.191110134124755859e+00 5.112906474931853962e-02
7.222209930419921875e+00 6.061798855223619192e-02
7.222599983215332031e+00 8.236302830177144596e-02
7.222990036010742188e+00 1.350878774786636871e-01
7.235479831695556641e+00 5.121764227242132927e-02
7.239109992980957031e+00 9.249582278690485215e-02
7.240509986877441406e+00 7.345237171946580879e-02
7.246799945831298828e+00 2.781556202660259366e-02
7.252250194549560547e+00 9.561457310597774872e-02
7.255599975585937500e+00 8.359046997961691594e-02
7.264510154724121094e+00 3.239195068453093462e-02
7.269120216369628906e+00 2.959079451118922649e-02
7.273029804229736328e+00 1.233913264068184079e-01
7.273819923400878906e+00 3.347995851615952895e-02
7.275529861450195312e+00 2.949742056043593852e-01
7.276070117950439453e+00 4.328853083277193342e-02
7.276430130004882812e+00 5.248654102289233153e-02
7.277180194854736328e+00 6.111382837477674634e-02
7.282639980316162109e+00 2.148769979267310948e-01
7.284949779510498047e+00 2.078025967938103569e-01
7.287519931793212891e+00 2.750049638444697631e-01
7.287809848785400391e+00 5.121135061490392909e-02
7.296199798583984375e+00 2.381593414579198653e-01
7.297830104827880859e+00 4.732017624828072089e-02
7.309070110321044922e+00 8.696226262554083986e-02
7.310870170593261719e+00 1.061978691265799690e-01
7.314750194549560547e+00 9.638582893492318726e-02
7.335569858551025391e+00 2.374899868935560210e-01
7.341740131378173828e+00 4.129940884079209562e-01
7.342480182647705078e+00 1.312965414536008124e-01
7.348219871520996094e+00 2.832684014742464090e-02
7.362830162048339844e+00 3.738889306435588117e-02
7.375860214233398438e+00 5.255981344669548999e-02
7.440549850463867188e+00 1.534662693557528046e-01
7.444759845733642578e+00 8.930767986562135330e-02
7.455619812011718750e+00 6.358657151621951997e-02
7.456900119781494141e+00 1.840671998037990420e-02
7.465690135955810547e+00 6.472884456490904381e-02
7.471270084381103516e+00 1.806195070283852788e-01
7.473199844360351562e+00 8.864880245567872963e-02
7.473949909210205078e+00 8.926525390766930357e-02
7.476029872894287109e+00 1.204564957573169177e-02
7.476630210876464844e+00 1.088119116847884038e-02
7.479350090026855469e+00 5.181143155000935557e-02
7.479420185089111328e+00 1.029609291227550488e-01
7.482600212097167969e+00 1.284851853664238375e-01
7.486159801483154297e+00 6.648385420322310002e-02
7.487539768218994141e+00 1.600916257842536772e-01
7.488930225372314453e+00 4.292521398248574926e-02
7.489530086517333984e+00 6.403578970459290753e-02
7.495460033416748047e+00 4.519406659379367197e-02
7.497409820556640625e+00 5.017887529808219282e-01
7.498159885406494141e+00 1.614686626761556443e-01
7.502560138702392578e+00 8.935127461254005476e-02
7.506390094757080078e+00 8.493777737100361991e-01
7.510079860687255859e+00 2.597703210153705644e-01
7.516399860382080078e+00 6.571571052469621366e-02
7.589179992675781250e+00 6.277625518602771015e-02
7.610509872436523438e+00 3.334010196443489699e-02
7.612959861755371094e+00 5.429755122268804107e-02
7.615469932556152344e+00 1.060565765503953817e-01
7.627230167388916016e+00 1.625916300486078894e-02
7.627719879150390625e+00 1.319228656647984665e-01
7.640180110931396484e+00 2.207160561136107813e-01
7.664589881896972656e+00 2.074178899949803700e-01
7.671279907226562500e+00 1.417149418795989047e-01
7.671790122985839844e+00 4.170886752759029453e-02
7.672249794006347656e+00 1.318329791656982219e-01
7.674510002136230469e+00 1.314366850664255328e-02
7.675990104675292969e+00 8.342805235674530806e-01
7.682990074157714844e+00 8.258070240757123259e-02
7.684140205383300781e+00 6.099619134940651582e-02
7.688620090484619141e+00 1.835336038370779799e-01
7.689139842987060547e+00 8.867280351818693229e-02
7.689710140228271484e+00 3.082311348658870603e-02
7.691959857940673828e+00 3.345709648795533453e-02
7.697309970855712891e+00 4.790485140289205135e-02
7.703259944915771484e+00 2.536069672037233672e-02
7.710569858551025391e+00 3.190809366498784105e-02
7.711520195007324219e+00 4.911541333225046685e-02
7.713870048522949219e+00 4.123954527474018444e-02
7.715879917144775391e+00 1.280791012288070296e-01
7.718850135803222656e+00 1.110227418319801734e-01
7.719620227813720703e+00 4.469710202374442554e-02
7.724649906158447266e+00 6.213381070353627550e-02
7.725309848785400391e+00 1.846538501900570062e-02
7.725999832153320312e+00 1.202297358725372967e-01
7.729350090026855469e+00 5.195494262848524003e-02
7.744679927825927734e+00 6.381743278495648208e-02
7.747139930725097656e+00 5.405935608023068606e-02
7.755390167236328125e+00 4.044012202298949421e-02
7.764100074768066406e+00 2.100141793485045538e-02
7.781250000000000000e+00 6.599610631727961807e-02
7.799280166625976562e+00 5.192476016501360037e-02
7.819519996643066406e+00 4.297566965916762433e-02
7.822770118713378906e+00 2.115061836525636632e-02
7.828859806060791016e+00 7.587450149267006838e-02
7.833040237426757812e+00 3.936189881825563619e-02
7.833610057830810547e+00 4.628316788331722498e-02
7.833650112152099609e+00 5.936861912839563188e-02
7.838160037994384766e+00 6.240471691231314760e-02
7.838610172271728516e+00 3.191829109787919228e-01
7.840020179748535156e+00 2.691343919766890636e-02
7.850150108337402344e+00 2.451911420407870690e-02
7.853099822998046875e+00 2.334250605371223503e-02
7.854700088500976562e+00 1.257675268456131534e-01
7.855350017547607422e+00 6.609974281413093233e-02
7.859789848327636719e+00 9.414277390582709293e-02
7.861539840698242188e+00 2.638782545059228588e-02
7.863359928131103516e+00 3.826719550882370230e-02
7.868639945983886719e+00 1.039149724164102895e-01
7.868909835815429688e+00 1.820310949731067940e-01
7.872210025787353516e+00 1.113102517712936598e-02
7.873710155487060547e+00 8.424591745582193925e-02
7.875589847564697266e+00 1.533955679783789994e-01
7.887549877166748047e+00 1.323622048308600585e-01
7.902689933776855469e+00 5.112287220021026479e-02
7.906539916992187500e+00 8.148911758249982595e-02
7.908199787139892578e+00 4.940552822561543322e-02
7.912779808044433594e+00 4.210258781229885006e-02
7.912889957427978516e+00 1.407061438471496895e-01
7.936679840087890625e+00 1.007673425017659302e-01
7.952690124511718750e+00 2.833391744240746912e-01
7.965390205383300781e+00 2.296870491648824453e-01
7.973589897155761719e+00 2.329563500994952518e-01
8.026860237121582031e+00 1.463533828698539707e-01
8.036689758300781250e+00 9.583637574780784485e-02
8.046489715576171875e+00 4.179446947849363436e-02
8.049429893493652344e+00 6.119590265620964559e-02
8.049799919128417969e+00 3.570276821423160607e-01
8.051099777221679688e+00 8.207393196828584314e-02
8.052929878234863281e+00 2.243644820200101642e-01
8.053179740905761719e+00 5.622314954621952104e-02
8.061169624328613281e+00 2.661094482499442096e-02
8.061849594116210938e+00 1.153684247695374587e-02
8.062009811401367188e+00 2.251998957418405722e-01
8.063170433044433594e+00 3.146094592453791555e-02
8.064049720764160156e+00 6.745942773320164065e-02
8.064620018005371094e+00 2.507719367265155361e-02
8.064740180969238281e+00 3.725598122628565739e-02
8.076339721679687500e+00 3.749271642534358906e-02
8.081649780273437500e+00 1.014794645862454880e-01
8.084400177001953125e+00 1.934528809461046397e-02
8.092849731445312500e+00 6.258941083281646667e-02
8.097949981689453125e+00 3.969475346401688670e-02
8.099100112915039062e+00 3.087114355702291063e-02
8.111840248107910156e+00 1.807286641474117606e-01
8.113969802856445312e+00 8.097175320076886729e-02
8.142029762268066406e+00 7.625316223734460164e-02
8.184009552001953125e+00 2.659501920305737954e-01
8.190270423889160156e+00 3.583626809998840534e-01
8.196499824523925781e+00 3.153864735848434520e-01
8.217800140380859375e+00 8.633721649997629088e-02
8.224960327148437500e+00 1.002120044572176183e-01
8.227620124816894531e+00 1.398729868097381770e-02
8.231980323791503906e+00 7.696794518454903866e-02
8.238759994506835938e+00 7.060242755136890425e-02
8.244339942932128906e+00 9.231058621201040926e-02
8.245260238647460938e+00 2.774039327588069537e-02
8.265339851379394531e+00 6.845842473116170446e-02
8.265850067138671875e+00 7.834164454522364596e-02
8.277480125427246094e+00 8.285155883229980422e-02
8.279660224914550781e+00 8.943925153284193463e-02
8.282560348510742188e+00 4.617932451787980230e-02
8.291139602661132812e+00 7.550156155341258835e-02
8.294230461120605469e+00 9.314587890227041256e-02
8.294409751892089844e+00 2.379818793663507001e-02
8.295379638671875000e+00 3.701448829830437937e-02
8.299099922180175781e+00 2.197491468008798132e-01
8.300840377807617188e+00 1.739924329122046615e-02
8.302149772644042969e+00 5.783700876417676578e-02
8.304750442504882812e+00 4.943187624022145343e-02
8.307860374450683594e+00 7.779062798268346346e-02
8.310709953308105469e+00 4.993002246601804806e-02
8.311220169067382812e+00 3.568014456602484896e-02
8.313619613647460938e+00 6.124889075296176960e-03
8.316789627075195312e+00 6.474586260727246967e-02
8.323829650878906250e+00 1.545618750828970378e-01
8.324890136718750000e+00 3.807395510662286292e-02
8.336339950561523438e+00 4.227307726995300774e-01
8.369389533996582031e+00 5.391324273116766125e-02
8.384490013122558594e+00 1.856226814177450446e-01
8.386199951171875000e+00 1.559989779494576623e-01
8.389829635620117188e+00 5.151725529255632430e-02
8.389989852905273438e+00 1.689704525632223023e-02
8.390740394592285156e+00 8.965180845765627349e-02
8.394700050354003906e+00 7.188687318588270203e-02
8.397159576416015625e+00 1.059156250436325275e-01
8.402000427246093750e+00 1.020209238003695340e-01
8.412639617919921875e+00 3.417243332931778066e-01
8.422909736633300781e+00 2.478994427881748563e-01
8.431189537048339844e+00 4.622501460962218783e-02
8.431770324707031250e+00 3.978811997073050666e-02
8.436420440673828125e+00 9.308390188296745971e-02
8.437290191650390625e+00 1.474925116623431454e-01
8.438269615173339844e+00 2.938187519473699563e-02
8.439470291137695312e+00 7.034645743763407594e-03
8.441140174865722656e+00 3.014732586680136245e-02
8.443699836730957031e+00 1.567223869689922111e-01
8.450519561767578125e+00 9.524708995970837533e-02
8.451109886169433594e+00 8.420996765562538400e-02
8.462369918823242188e+00 7.320306778204389853e-02
8.467720031738281250e+00 7.757116437768166173e-02
8.473139762878417969e+00 1.124291567586562512e-01
8.473210334777832031e+00 4.903902100789244572e-02
8.476309776306152344e+00 2.337479467398503874e-01
8.479419708251953125e+00 9.288674149637915489e-02
8.493559837341308594e+00 5.099792937971947548e-02
8.504150390625000000e+00 7.961245906334710187e-02
8.504380226135253906e+00 1.915387847661231477e-02
8.527680397033691406e+00 6.197582037443940400e-02
8.528490066528320312e+00 6.191062290434846960e-02
8.548660278320312500e+00 8.869413218587533787e-02
8.550270080566406250e+00 1.260539826226591276e-01
8.558620452880859375e+00 9.015520303897703314e-02
8.564599990844726562e+00 1.589526216123447189e-01
8.584589958190917969e+00 7.752945929721338780e-02
8.611200332641601562e+00 1.011778561963630196e-01
8.623649597167968750e+00 2.744281752188590384e-02
8.624300003051757812e+00 7.019586291719707993e-02
8.645669937133789062e+00 1.245829592033206035e-01
8.648099899291992188e+00 7.348877183108502853e-02
8.648659706115722656e+00 5.202174127238128748e-02
8.648719787597656250e+00 3.740786960868075495e-02
8.649649620056152344e+00 4.122192333548541782e-02
8.653790473937988281e+00 7.101183739846123055e-02
8.659489631652832031e+00 1.148179082765703740e-01
8.660490036010742188e+00 1.212002941732826938e-01
8.670049667358398438e+00 9.989042718284849021e-02
8.671560287475585938e+00 1.438188649727317747e-01
8.672260284423828125e+00 9.179179639009245328e-02
8.677789688110351562e+00 1.736662821267841161e-01
8.679010391235351562e+00 3.309912350437157480e-01
8.688870429992675781e+00 1.197772274758660965e-01
8.693840026855468750e+00 1.392838488033462108e-01
8.696539878845214844e+00 6.720295587902361256e-02
8.702650070190429688e+00 3.729993937709210651e-03
8.709190368652343750e+00 8.567796250192794005e-02
8.713959693908691406e+00 1.059242188265718254e-01
8.723640441894531250e+00 3.959798290845440577e-02
8.730199813842773438e+00 1.618590583288771478e-01
8.799670219421386719e+00 2.421825554848664741e-01
8.803469657897949219e+00 4.073905214288477405e-01
8.804450035095214844e+00 9.979450379666411630e-02
8.811800003051757812e+00 1.630050815229217853e-01
8.818289756774902344e+00 2.236031028881422036e-02
8.822529792785644531e+00 4.402175786442048128e-02
8.823889732360839844e+00 2.908956690538756079e-02
8.845990180969238281e+00 5.731894121451184404e-02
8.846549987792968750e+00 2.118637750533549913e-01
8.851949691772460938e+00 7.351824473331361465e-02
8.853779792785644531e+00 1.462659356405762168e-01
8.859609603881835938e+00 1.296287921063946358e-01
8.859660148620605469e+00 1.440549203383446886e-01
8.869979858398437500e+00 3.266144172504276133e-02
8.872779846191406250e+00 3.599514945304702063e-01
8.874380111694335938e+00 6.536065621672569603e-02
8.878080368041992188e+00 6.412739328915005588e-02
8.880519866943359375e+00 5.228457596133785634e-02
8.886429786682128906e+00 8.467077819170999720e-02
8.886969566345214844e+00 4.254720094025499222e-02
8.887009620666503906e+00 4.457107289515203907e-02
8.889499664306640625e+00 2.858645894763163497e-02
8.893409729003906250e+00 5.191276861781690677e-02
8.909469604492187500e+00 1.647114206792714419e-01
8.910929679870605469e+00 4.009968800382211068e-02
8.912179946899414062e+00 4.612559609380458697e-02
8.912509918212890625e+00 7.743849303262487216e-02
8.923640251159667969e+00 9.064837139681165140e-03
8.943539619445800781e+00 1.468989777153585467e-02
8.944089889526367188e+00 4.851418549230395588e-02
8.953639984130859375e+00 4.518384003582945341e-02
8.958689689636230469e+00 2.377655408131334330e-02
8.958709716796875000e+00 6.518168483012753978e-02
8.961529731750488281e+00 5.982094899783919201e-02
8.976550102233886719e+00 2.563542137288386119e-02
8.996080398559570312e+00 4.180891825874766266e-02
8.998829841613769531e+00 8.190433130887045388e-02
9.014030456542968750e+00 8.561232532044056598e-02
9.014929771423339844e+00 2.195717330590438859e-02
9.015819549560546875e+00 7.453589757997169940e-02
9.019260406494140625e+00 1.314538764254984671e-01
9.020259857177734375e+00 3.560447777384408152e-02
9.025250434875488281e+00 4.352785368763013862e-02
9.025259971618652344e+00 5.073746008160158472e-02
9.026559829711914062e+00 5.660542052655640616e-02
9.034770011901855469e+00 1.077250242872349328e-01
9.039640426635742188e+00 5.561891893615744653e-02
9.048520088195800781e+00 3.431538484305081405e-02
9.048819541931152344e+00 1.108595774300860093e-01
9.049209594726562500e+00 4.358648778887470876e-02
9.056630134582519531e+00 8.138271612527653298e-02
9.060429573059082031e+00 4.935268705834559150e-02
9.060580253601074219e+00 1.266331608403575316e-02
9.062930107116699219e+00 9.691723159135287591e-02
9.071000099182128906e+00 3.560538347780705520e-02
9.091250419616699219e+00 1.631098815938558655e-01
9.093779563903808594e+00 2.131769465013660658e-01
9.100680351257324219e+00 1.514511101770334989e-01
9.107910156250000000e+00 1.073196641912851079e-01
9.111330032348632812e+00 6.221772795533354883e-02
9.123390197753906250e+00 2.356142257003959462e-01
9.125430107116699219e+00 6.298982849597148381e-02
9.134360313415527344e+00 1.597382148336581598e-01
9.144100189208984375e+00 3.702584651448900810e-01
9.145799636840820312e+00 3.927258534964851028e-02
9.146510124206542969e+00 1.388113887098903487e-01
9.169750213623046875e+00 2.331383135473160673e-01
9.184200286865234375e+00 9.895061575414945687e-02
9.207200050354003906e+00 1.058865020639826598e-01
9.216309547424316406e+00 2.366414781070696749e-01
9.216440200805664062e+00 1.172112145073582051e-01
9.219269752502441406e+00 2.264480128203756604e-01
9.225049972534179688e+00 2.899902004724285928e-02
9.228639602661132812e+00 1.070309460155721010e-02
9.245730400085449219e+00 9.805858361390554223e-02
9.256799697875976562e+00 3.289825723193405826e-01
9.256839752197265625e+00 9.289180140542334374e-02
9.260860443115234375e+00 1.410520415707446351e-01
9.260950088500976562e+00 1.053000538232039263e-01
9.264200210571289062e+00 9.981552520916872617e-02
9.273520469665527344e+00 3.117019700225077614e-02
9.276180267333984375e+00 3.984444595735350814e-02
9.276539802551269531e+00 7.851356023624503355e-02
9.276539802551269531e+00 1.417413086892161389e-01
9.277130126953125000e+00 4.245643371816251732e-02
9.279330253601074219e+00 4.154167399193750554e-02
9.282170295715332031e+00 1.068520121933535655e-01
9.282649993896484375e+00 2.797157981372764834e-01
9.295619964599609375e+00 3.699008066812776996e-02
9.312470436096191406e+00 6.858451308035520833e-02
9.312660217285156250e+00 6.573371137645896145e-02
9.332659721374511719e+00 7.133210865164633929e-02
9.376390457153320312e+00 3.237846202026112979e-02
9.381310462951660156e+00 3.274857382025904429e-02
9.409110069274902344e+00 1.725244874431141606e-01
9.413439750671386719e+00 1.341960859370364828e-02
9.414409637451171875e+00 6.912707745422373706e-02
9.421389579772949219e+00 1.269373328000294454e-01
9.429059982299804688e+00 5.507517113153324873e-02
9.441530227661132812e+00 1.055305230330213367e-01
9.447449684143066406e+00 7.145554507872417527e-02
9.449580192565917969e+00 6.061807019224713100e-02
9.449629783630371094e+00 4.958310748125997758e-02
9.452150344848632812e+00 4.616691036196980680e-02
9.457920074462890625e+00 4.333833785146749829e-02
9.459890365600585938e+00 2.159148209931979062e-02
9.467869758605957031e+00 2.535177180517433904e-01
9.475569725036621094e+00 1.036981991674674614e-01
9.478590011596679688e+00 4.439750689678512857e-02
9.481490135192871094e+00 7.216543037701714236e-02
9.484230041503906250e+00 9.168434445765453675e-03
9.484939575195312500e+00 3.787936555895197316e-02
9.492300033569335938e+00 5.304766877490374455e-02
9.495240211486816406e+00 1.188388856410660249e-01
9.496879577636718750e+00 1.558995764096503811e-01
9.498020172119140625e+00 5.210767152451090123e-02
9.503620147705078125e+00 4.068000896891355023e-02
9.505660057067871094e+00 7.289221190126811412e-02
9.506999969482421875e+00 3.692146066231896673e-02
9.509929656982421875e+00 5.022314371916569015e-02
9.521129608154296875e+00 1.347824956025420184e-01
9.522069931030273438e+00 3.324411559849064363e-02
9.523750305175781250e+00 5.286553415191858757e-02
9.532959938049316406e+00 5.007637362692877320e-02
9.539959907531738281e+00 1.144707177012816296e-01
9.557209968566894531e+00 1.997709354279938176e-01
9.581350326538085938e+00 2.196688166910006762e-02
9.583900451660156250e+00 2.403415623337877560e-02
9.585789680480957031e+00 1.194812140985512978e-02
9.597350120544433594e+00 6.540496758715903802e-02
9.613240242004394531e+00 3.068573627440114582e-02
9.615229606628417969e+00 1.547866749113464835e-01
9.619919776916503906e+00 5.877266198509535633e-02
9.619959831237792969e+00 1.914385643064682105e-02
9.622500419616699219e+00 8.708629444198158487e-02
9.622900009155273438e+00 1.820039794217789553e-01
9.624589920043945312e+00 8.829955810509408642e-02
9.626239776611328125e+00 2.955638230683318643e-02
9.629280090332031250e+00 3.852455509311275561e-02
9.636839866638183594e+00 1.037740350158238706e-01
9.639719963073730469e+00 5.880754660474932921e-02
9.642089843750000000e+00 1.202370269851945339e-01
9.651359558105468750e+00 6.216904988119598130e-02
9.653770446777343750e+00 6.894581958485149209e-02
9.655989646911621094e+00 4.480969593931567740e-02
9.657819747924804688e+00 2.294450994820029441e-02
9.663539886474609375e+00 1.491279166527429215e-02
9.666839599609375000e+00 3.140862180515181096e-02
9.682640075683593750e+00 5.450327827271281983e-02
9.683979988098144531e+00 2.725139064006391054e-01
9.686750411987304688e+00 5.772130914396896018e-02
9.699669837951660156e+00 5.805770241569558482e-02
9.706859588623046875e+00 5.448558215101675928e-02
9.706959724426269531e+00 8.430029589031462489e-02
9.712479591369628906e+00 1.031870805589732293e-01
9.720660209655761719e+00 5.232113678055993339e-02
9.722909927368164062e+00 5.361207908409774958e-02
9.738100051879882812e+00 7.405956485721486571e-01
9.744339942932128906e+00 9.625745503324951713e-01
9.756319999694824219e+00 1.804936287915006321e-01
9.815670013427734375e+00 4.852383196749086858e-02
9.815999984741210938e+00 1.656783191369596564e-01
9.824799537658691406e+00 1.222362072141572886e-01
9.826709747314453125e+00 1.031024704240508794e-01
9.834529876708984375e+00 8.998161275251072289e-02
9.840270042419433594e+00 1.320089609829835087e-01
9.843449592590332031e+00 1.338048620059812954e-01
9.847700119018554688e+00 1.567947632765937793e-01
9.848469734191894531e+00 3.131315338762739597e-01
9.849550247192382812e+00 2.099650549047889503e-01
9.852299690246582031e+00 1.003946822704832043e-01
9.854410171508789062e+00 5.930699879098750849e-01
9.860670089721679688e+00 2.452124893174915388e-01
9.864359855651855469e+00 3.901450402955851382e-02
9.867420196533203125e+00 7.921932715336409137e-02
9.867989540100097656e+00 5.370957903943691936e-02
9.882369995117187500e+00 9.993448922734310402e-01
9.882880210876464844e+00 4.851647360736392467e-01
9.884099960327148438e+00 2.261629296418431190e-02
9.892860412597656250e+00 1.064967431606863357e+00
9.901049613952636719e+00 6.804789209542365658e-01
9.904390335083007812e+00 8.353796053611207695e-01
9.916540145874023438e+00 8.022384930409632853e-01
9.940979957580566406e+00 1.437959831083288065e-01
9.946829795837402344e+00 1.888421371747815436e-01
9.950300216674804688e+00 1.220953634154333181e-02
9.972769737243652344e+00 2.347455376847098207e-01
9.974040031433105469e+00 6.119725969308131147e-02
9.976639747619628906e+00 9.104212840816019447e-01
1.000010013580322266e+01 7.931121406166925514e-01
1.000329971313476562e+01 2.039697593620888316e-01
1.001869964599609375e+01 4.347107760523980652e-02
1.003569984436035156e+01 1.252491675453990538e-01
1.003759956359863281e+01 3.246504906348331998e-01
1.004199981689453125e+01 2.324839769519410071e-01
1.004599952697753906e+01 8.857126426592948354e-01
1.005049991607666016e+01 7.423387857594171413e-02
1.005259990692138672e+01 7.586729881812358245e-02
1.005440044403076172e+01 1.298040683554104735e-01
1.005589962005615234e+01 5.011305084207968719e-01
1.005620002746582031e+01 2.709767691247630395e-01
1.006190013885498047e+01 1.130910651443054693e+00
1.006309986114501953e+01 1.040317693960902456e+00
1.006529998779296875e+01 5.759780059750826409e-01
1.006799983978271484e+01 4.102992411879972656e-01
1.007759952545166016e+01 8.872262826049334139e-01
1.007759952545166016e+01 1.149021280749207730e+00
1.007890033721923828e+01 3.410405110695807762e-01
1.007979965209960938e+01 3.718226263927841835e-01
1.009189987182617188e+01 8.953009727875124169e-01
1.009220027923583984e+01 4.750243113803233330e-02
1.009309959411621094e+01 2.520480384913490954e-02
1.010219955444335938e+01 2.199265985151883235e-02
1.010389995574951172e+01 1.102164138717434128e-01
1.010550022125244141e+01 9.395729376748722383e-02
1.012160015106201172e+01 1.200904901719993756e+00
1.012989997863769531e+01 1.266613323304661476e+00
1.013309955596923828e+01 8.572930328634221775e-01
1.013319969177246094e+01 3.789649119787796283e-01
1.014260005950927734e+01 1.905730718485932132e-02
1.017010021209716797e+01 4.299642743302314329e-01
1.017520046234130859e+01 2.235743380070264852e+00
1.017700004577636719e+01 1.622724231194933309e-01
1.017819976806640625e+01 5.551441409280967187e-01
1.018990039825439453e+01 1.260631253693161202e+00
1.019900035858154297e+01 1.040678705768038448e+00
1.020779991149902344e+01 2.504727076412966436e-01
1.021809959411621094e+01 5.053551782315417878e-02
1.022049999237060547e+01 1.829460360882302628e-02
1.022579956054687500e+01 7.677112262537973963e-01
1.022620010375976562e+01 4.268778815136425875e-01
1.023110008239746094e+01 1.250019339012955921e+00
1.023719978332519531e+01 2.733728407295135554e+00
1.025899982452392578e+01 7.175760716187132848e-01
1.025949954986572266e+01 8.821935840589797961e-02
1.027589988708496094e+01 2.826920397045612710e+00
1.027659988403320312e+01 1.324665559167052198e+00
1.027740001678466797e+01 5.238968386739836780e-02
1.027849960327148438e+01 1.321602797779367622e+00
1.028540039062500000e+01 6.526637795391100338e-01
1.030770015716552734e+01 1.087732249552813668e+00
1.031070041656494141e+01 1.269420988112502646e-01
1.033240032196044922e+01 8.114245065029634940e-01
1.035980033874511719e+01 6.795129681203898597e-01
1.036439990997314453e+01 8.763269158887789789e-01
1.037469959259033203e+01 6.748730000538778750e-02
1.040989971160888672e+01 1.668050526583648274e+00
1.042640018463134766e+01 1.375689219531159857e+00
1.043570041656494141e+01 1.553028484459898051e+00
1.043719959259033203e+01 2.895014480584526817e-01
1.045370006561279297e+01 7.325504459472689800e-02
1.047929954528808594e+01 4.108691517358089573e-01
1.048999977111816406e+01 3.137045218209144060e-01
1.049499988555908203e+01 6.273869085462384643e-01
1.054459953308105469e+01 4.567839614441923657e-02
1.061089992523193359e+01 1.439810110157493592e-02
1.138020038604736328e+01 2.790531845110087381e-02
1.139369964599609375e+01 4.140127385085106554e-02
1.141189956665039062e+01 3.378782961037484628e-02
1.143780040740966797e+01 5.898006878915643732e-04
1.144419956207275391e+01 4.993045644077034884e-02
1.147579956054687500e+01 2.895765868873870774e-01
1.151439952850341797e+01 6.065872620384503422e-02
1.155039978027343750e+01 3.154351981939864519e-02
1.156960010528564453e+01 8.211438735070660799e-01
1.157660007476806641e+01 7.684586359925822396e-01
1.157950019836425781e+01 2.262842063930300684e-01
1.158139991760253906e+01 9.392321720071011848e-02
1.158279991149902344e+01 4.318286614773195753e-01
1.159519958496093750e+01 9.094233602867217714e-01
1.159560012817382812e+01 2.320242743631466265e-02
1.159990024566650391e+01 9.055946615321119192e-03
1.160869979858398438e+01 2.001680658130071400e-02
1.162209987640380859e+01 2.271497922247354972e-02
1.164290046691894531e+01 4.308649382007937595e-02
1.164519977569580078e+01 5.642248116278260062e-01
1.165429973602294922e+01 4.151384234083704827e-02
1.165450000762939453e+01 8.698707814260301513e-03
1.165970039367675781e+01 1.315505664809633879e-01
1.166399955749511719e+01 4.247331726895476472e-02
1.168309974670410156e+01 1.485800422430155976e+00
1.168640041351318359e+01 1.120432024900352541e+00
1.169439983367919922e+01 9.367175111866099524e-01
1.173359966278076172e+01 1.157780152371222115e+00
1.173859977722167969e+01 7.288166969404874518e-02
1.174390029907226562e+01 7.222857406119425061e-01
1.174499988555908203e+01 1.928755356736462090e-01
1.174670028686523438e+01 9.921367978346441741e-02
1.174720001220703125e+01 1.049878350737341925e+00
1.175100040435791016e+01 8.118862342246583319e-01
1.175220012664794922e+01 1.007847862004690009e+00
