8.472800254821777344e-03 5.228493291126801168e-01
1.118990033864974976e-02 1.469474063943352893e-01
2.969410084187984467e-02 2.729207812011515966e-01
3.317350149154663086e-02 1.328608298198402649e+00
3.769930079579353333e-02 1.525231700077804287e-01
4.720310121774673462e-02 1.224253637205076739e+00
4.792829975485801697e-02 1.123166913672452694e+00
6.148720160126686096e-02 8.871039866253767336e-02
6.525959819555282593e-02 2.825149739903609625e-01
6.729280203580856323e-02 5.954165701373101971e-01
8.299460262060165405e-02 2.360638577671506089e-01
8.538880199193954468e-02 9.890455595097121799e-01
1.086819991469383240e-01 1.039132162876177795e-01
1.127389967441558838e-01 3.725626820413101559e-01
1.133290007710456848e-01 1.035662490188830887e-01
1.335069984197616577e-01 1.446520117701589891e-02
1.347720026969909668e-01 9.854697056520647647e-02
1.427720040082931519e-01 7.690374992561059553e-02
1.443060040473937988e-01 3.823617752769675193e-01
1.475339978933334351e-01 9.391181737670749319e-02
1.592070013284683228e-01 6.168743483621442758e-01
1.608829945325851440e-01 1.843516196122849116e-01
1.612070053815841675e-01 8.655407675912714094e-01
1.633110046386718750e-01 3.145126993359096956e-01
1.671209931373596191e-01 4.363599845603059746e-02
1.765239983797073364e-01 1.176149748944516349e-01
1.794310063123703003e-01 1.323676742592203859e-01
1.848479956388473511e-01 9.267302449726420865e-02
1.861730068922042847e-01 8.373696538690614255e-02
1.872950047254562378e-01 4.761324130781797170e-01
1.895129978656768799e-01 4.653800529460430102e-01
1.920659989118576050e-01 3.928517009398448112e-02
1.936829984188079834e-01 1.546678854149651228e-01
1.938599944114685059e-01 4.607690415872409684e-01
2.018820047378540039e-01 7.346044676971517917e-02
2.092230021953582764e-01 7.623971786432519326e-02
2.130859941244125366e-01 5.354318421025518887e-02
2.143409997224807739e-01 1.873777336847060604e-01
2.214560061693191528e-01 5.148269930465869670e-01
2.231259942054748535e-01 6.508275410455818810e-02
2.560569941997528076e-01 1.536384430827281156e-01
2.666090130805969238e-01 1.353969673109189642e-01
2.710030078887939453e-01 1.174228886480707529e-01
2.733309864997863770e-01 1.667511764657283457e-01
2.787150144577026367e-01 9.837698021212687438e-02
2.836779952049255371e-01 3.593307000407174046e-02
2.954640090465545654e-01 1.267371334462586985e-01
2.999809980392456055e-01 6.128997151208935568e-02
3.026860058307647705e-01 5.593727608986674010e-02
3.140439987182617188e-01 6.332097499303317445e-01
3.176490068435668945e-01 3.001816513246730392e-02
3.190709948539733887e-01 1.346399935908908496e-01
3.271349966526031494e-01 9.041832697277434050e-02
3.316969871520996094e-01 1.106681043977540968e-01
3.352909982204437256e-01 4.420413519166686150e-02
3.370760083198547363e-01 2.601876682515371075e-01
3.379729986190795898e-01 1.467043913216197482e-01
3.383840024471282959e-01 8.496827070131220128e-02
3.392949998378753662e-01 1.088947502804381712e-01
3.420000076293945312e-01 1.158819781662875636e-01
3.515200018882751465e-01 2.602138119627334795e-02
3.574709892272949219e-01 2.441563767511637992e-02
3.661450147628784180e-01 8.718669433242529077e-02
3.691090047359466553e-01 6.228455377146933925e-02
3.731060028076171875e-01 2.801532363231822864e-01
3.789649903774261475e-01 4.071583868792763572e-02
3.796040117740631104e-01 2.588565487406248311e-02
3.939029872417449951e-01 1.901924858358167714e-01
3.979220092296600342e-01 2.335990030939936735e-01
4.073089957237243652e-01 1.340003039892642411e-01
4.081099927425384521e-01 3.325522374229140654e-01
4.228020012378692627e-01 2.586235076726494664e-01
4.385949969291687012e-01 1.634756521378881167e-01
4.425239861011505127e-01 9.557446504917876950e-02
4.478319883346557617e-01 2.124993194829936649e-01
4.489040076732635498e-01 7.929532675388512031e-02
4.542329907417297363e-01 1.131162667876618316e-01
4.625670015811920166e-01 8.328147601299047686e-02
5.054540038108825684e-01 8.929297994247771542e-02
5.226079821586608887e-01 1.589795978343029881e-01
5.337060093879699707e-01 1.112632751048697605e-01
5.416629910469055176e-01 4.081952246252486260e-02
5.445370078086853027e-01 1.513593182382266984e-02
5.452319979667663574e-01 7.319348835889280536e-02
5.505920052528381348e-01 3.774464849167947361e-02
5.508459806442260742e-01 2.360087760014174460e-02
5.523160099983215332e-01 7.617328289293781585e-02
5.542399883270263672e-01 1.337015050258764659e-01
5.569679737091064453e-01 5.212586884859138348e-02
5.633119940757751465e-01 1.187843506214201206e-01
5.663279891014099121e-01 6.225392558922809155e-02
5.707910060882568359e-01 7.867818411060112371e-02
5.719940066337585449e-01 9.015144219727579122e-02
5.723850131034851074e-01 2.419572328686322993e-02
5.725319981575012207e-01 1.582600059653717084e-01
5.733900070190429688e-01 1.758136071422478769e-02
5.806689858436584473e-01 1.313869795015461250e-01
5.815240144729614258e-01 6.530022717017003320e-02
5.816689729690551758e-01 2.185318489352101184e-02
5.853180289268493652e-01 2.182696411865242547e-01
6.235290169715881348e-01 1.433795619923452225e-01
6.416249871253967285e-01 7.155082292519909792e-02
6.762189865112304688e-01 1.473971363725015346e-02
6.912279725074768066e-01 8.941606475742658322e-02
7.003369927406311035e-01 1.043621981731671367e-01
7.058129906654357910e-01 5.090447668871836417e-02
7.081879973411560059e-01 4.312767438345070647e-02
7.192959785461425781e-01 1.234854150535932005e-01
7.236700057983398438e-01 4.813875084741264798e-02
7.268099784851074219e-01 1.500491902598616867e-01
7.528520226478576660e-01 6.562277961006560134e-02
7.529960274696350098e-01 4.768045925225330994e-02
7.557129859924316406e-01 1.488825000532452980e-01
7.677170038223266602e-01 6.221078662600872805e-02
7.743200063705444336e-01 7.349941182224779823e-02
7.753800153732299805e-01 1.189025313454612764e-01
7.800490260124206543e-01 3.659006080551724382e-02
7.801769971847534180e-01 5.273525328480345442e-02
7.805609703063964844e-01 4.918890652285003856e-02
7.816740274429321289e-01 1.218382380163858109e-01
7.860460281372070312e-01 1.946936295235575654e-01
7.867850065231323242e-01 1.690550996639947345e-01
7.925909757614135742e-01 6.821705207615569311e-02
7.950659990310668945e-01 7.184127976586184017e-02
7.990429997444152832e-01 4.084326195790913966e-02
8.013679981231689453e-01 4.631632917545151773e-02
8.040990233421325684e-01 2.081294234064883647e-02
8.043609857559204102e-01 6.028428897277605947e-02
8.049370050430297852e-01 8.780453584525203109e-03
8.089339733123779297e-01 6.970730115986663311e-02
8.126400113105773926e-01 2.954458225937059077e-02
8.231750130653381348e-01 3.996146627716530564e-02
8.249539732933044434e-01 6.028527247677488432e-02
8.287019729614257812e-01 6.289317078706747888e-02
8.374210000038146973e-01 1.069374991190603086e-01
8.716819882392883301e-01 3.442209120682392098e-02
8.826460242271423340e-01 1.131959460949365642e-01
8.842930197715759277e-01 1.338355754305562140e-01
8.932070136070251465e-01 9.982131318793855887e-03
8.992819786071777344e-01 4.854699023417562848e-02
9.047840237617492676e-01 1.519421767685099484e-02
9.100530147552490234e-01 3.062862215441468708e-02
9.228829741477966309e-01 1.880581452643516616e-01
9.292730093002319336e-01 2.788510875263637556e-02
9.293360114097595215e-01 5.783888131348433048e-02
9.337059855461120605e-01 6.599902850030694990e-02
9.356799721717834473e-01 8.816974068275856835e-02
9.386050105094909668e-01 7.953031382772243751e-02
9.516100287437438965e-01 1.247146984379704782e-01
9.520210027694702148e-01 4.531043032846426150e-02
9.523360133171081543e-01 8.624372743581891487e-02
9.588649868965148926e-01 1.113692341680511816e-01
9.621469974517822266e-01 2.048866273788036221e-02
9.625679850578308105e-01 1.421993956744049270e-01
9.626759886741638184e-01 3.714051601014213555e-02
9.637839794158935547e-01 2.146621935403952297e-01
9.653040170669555664e-01 3.998679152490086652e-02
9.669380187988281250e-01 6.222865068156818030e-02
9.676730036735534668e-01 2.415566610961973615e-02
9.691630005836486816e-01 5.671254195713919949e-02
9.704729914665222168e-01 1.688202890310502580e-01
9.780150055885314941e-01 4.576927117258487027e-02
9.794790148735046387e-01 4.472853154612507764e-02
9.819869995117187500e-01 4.775850517082322333e-02
1.014729976654052734e+00 2.609728322369213593e-01
1.033759951591491699e+00 4.737489130885208510e-02
1.036579966545104980e+00 1.299760700934756742e-02
1.045220017433166504e+00 1.305795114123493583e-01
1.050079941749572754e+00 4.350100276347935307e-02
1.052180051803588867e+00 8.411886688506424459e-02
1.127130031585693359e+00 1.298948929274637010e-01
1.131209969520568848e+00 1.227128581938661533e-01
1.135840058326721191e+00 1.446430731924963076e-01
1.139150023460388184e+00 5.309905157312234253e-02
1.141939997673034668e+00 3.393538206769065591e-01
1.147650003433227539e+00 1.498342287859152078e-01
1.149489998817443848e+00 6.492938194274500141e-02
1.157189965248107910e+00 4.842871493636263791e-02
1.158869981765747070e+00 5.679584561239575669e-02
1.159829974174499512e+00 6.304486417462182302e-02
1.159860014915466309e+00 1.130437968027553780e-01
1.161409974098205566e+00 2.420933911008785883e-02
1.162070035934448242e+00 3.409603129105943237e-02
1.170339941978454590e+00 8.207935428239948594e-02
1.173200011253356934e+00 1.286854865737068476e-01
1.176010012626647949e+00 1.791748539173962096e-01
1.182270050048828125e+00 8.338506541888891788e-02
1.184630036354064941e+00 8.718212472537943680e-02
1.187270045280456543e+00 1.886715700174414895e-02
1.190400004386901855e+00 3.538796081205246302e-02
1.191810011863708496e+00 2.599235375676099968e-01
1.200070023536682129e+00 4.455684404754045591e-02
1.200850009918212891e+00 2.938770825124561448e-01
1.223739981651306152e+00 2.013462933368962426e-01
1.238299965858459473e+00 4.290280615554518118e-01
1.263210058212280273e+00 7.954147805956023054e-02
1.279150009155273438e+00 4.679359586782661645e-03
1.295879960060119629e+00 1.206661374781582835e-01
1.307010054588317871e+00 8.602594938561426707e-02
1.318259954452514648e+00 2.548083122663764161e-02
1.320050001144409180e+00 9.642505220896865903e-02
1.322149991989135742e+00 2.637776623303966089e-02
1.337249994277954102e+00 3.206820907689674760e-01
1.338150024414062500e+00 4.839231841947659596e-02
1.355000019073486328e+00 6.590334525130733812e-02
1.356850028038024902e+00 8.996166684130751934e-02
1.360139966011047363e+00 7.071291722655027867e-02
1.363569974899291992e+00 6.942819570859966316e-02
1.376129984855651855e+00 2.414056427465792465e-02
1.376809954643249512e+00 7.598651554845060885e-02
1.377679944038391113e+00 3.423213123260775842e-02
1.380319952964782715e+00 3.733755283551895565e-02
1.380779981613159180e+00 2.016002854931822075e-01
1.380849957466125488e+00 1.050616787340628577e-01
1.387560009956359863e+00 1.418479656294714675e-01
1.389729976654052734e+00 2.125658341806593160e-02
1.402320027351379395e+00 3.468540841937915731e-02
1.404369950294494629e+00 1.572648113542397807e-01
1.404680013656616211e+00 1.539812006153666937e-02
1.405359983444213867e+00 2.079069004645667240e-02
1.407299995422363281e+00 6.708063427566103576e-02
1.408720016479492188e+00 7.738438843064945893e-02
1.409190058708190918e+00 4.116953944502362711e-02
1.420680046081542969e+00 1.227597137583072984e-01
1.424700021743774414e+00 4.757993798479007164e-03
1.446050047874450684e+00 2.084529388637429426e-01
1.454190015792846680e+00 3.035009816648121667e-02
1.466099977493286133e+00 2.450458833728650504e-02
1.466650009155273438e+00 4.645134283289536342e-02
1.472390055656433105e+00 4.133048374064041131e-02
1.500329971313476562e+00 1.244893871640944880e-02
1.504459977149963379e+00 1.052818835102341116e-01
1.507899999618530273e+00 1.180541776438479885e-02
1.507910013198852539e+00 5.098833387694915592e-02
1.519580006599426270e+00 1.023923534738106211e-01
1.525060057640075684e+00 4.537780927633846412e-02
1.526829957962036133e+00 2.794642754710016316e-02
1.528869986534118652e+00 5.869984875382315559e-02
1.533049941062927246e+00 4.024858800249773993e-02
1.536159992218017578e+00 4.102183854524402845e-02
1.540840029716491699e+00 8.186105041296423690e-02
1.543959975242614746e+00 8.316700199145224404e-02
1.546479940414428711e+00 1.188800940327342931e-01
1.546810030937194824e+00 4.819322280276277376e-02
1.548480033874511719e+00 4.235876264764252414e-02
1.552129983901977539e+00 4.990689345205049504e-02
1.555469989776611328e+00 1.311748793443630601e-01
1.557649970054626465e+00 3.204642907968888871e-02
1.560920000076293945e+00 6.806411850144181153e-02
1.564200043678283691e+00 1.612378696355279417e-02
1.570430040359497070e+00 9.135659299528182953e-02
1.573629975318908691e+00 2.498071387572519120e-01
1.575219988822937012e+00 8.915872399804011805e-02
1.583889961242675781e+00 6.149793741981438022e-02
1.583889961242675781e+00 8.329253314500137395e-02
1.586269974708557129e+00 5.028220898639876313e-02
1.590530037879943848e+00 4.444281461824180907e-02
1.595639944076538086e+00 5.934520699134311628e-02
1.615350008010864258e+00 2.878824016297811678e-02
1.641759991645812988e+00 1.504953168497989435e-01
1.641860008239746094e+00 3.161397543802855203e-01
1.645740032196044922e+00 1.400800817137816123e-01
1.723440051078796387e+00 4.529571191389333840e-02
1.724539995193481445e+00 1.256946512698596530e-01
1.742859959602355957e+00 4.457078566240176010e-02
1.744619965553283691e+00 3.532898661314486793e-02
1.747900009155273438e+00 7.713334447503185365e-02
1.753540039062500000e+00 1.540911143865751967e-02
1.754230022430419922e+00 1.318972696957121382e-01
1.755900025367736816e+00 2.492949452367069774e-01
1.756229996681213379e+00 8.195393800437654475e-02
1.756669998168945312e+00 2.383954486165449915e-01
1.759130001068115234e+00 8.472566797864022892e-02
1.760370016098022461e+00 1.125222679786207075e-01
1.761510014533996582e+00 1.501292871956746711e-01
1.767729997634887695e+00 3.159254730291348456e-02
1.768149971961975098e+00 5.807645251703281303e-02
1.770910024642944336e+00 1.040756786952541507e-01
1.773120045661926270e+00 2.080494691086686720e-01
1.780869960784912109e+00 4.641217390786069041e-02
1.783499956130981445e+00 4.093549990628378432e-02
1.786350011825561523e+00 6.639402982027554911e-02
1.795199990272521973e+00 1.573736814310034149e-01
1.796069979667663574e+00 1.052788238946505001e-01
1.807410001754760742e+00 7.661284456323190495e-02
1.813420057296752930e+00 9.979964427643481240e-02
1.840459942817687988e+00 1.445626363693143790e-01
1.860520005226135254e+00 2.645285516464654374e-01
1.881710052490234375e+00 1.490941392236604934e-01
1.882930040359497070e+00 6.973132363819488366e-02
1.888870000839233398e+00 6.689329096273820274e-02
1.902870059013366699e+00 4.040748057553301270e-02
1.909119963645935059e+00 6.565463747110925063e-02
1.917199969291687012e+00 2.112200377210344399e-02
1.926810026168823242e+00 6.679610252167327011e-02
1.943770051002502441e+00 1.425911098006387434e-01
1.955260038375854492e+00 4.247105611650192625e-02
1.956750035285949707e+00 6.842302996637977808e-02
1.962939977645874023e+00 4.751262014868624928e-02
1.965139985084533691e+00 1.691698886531527724e-01
1.966429948806762695e+00 4.563162635087203434e-02
1.974390029907226562e+00 6.901804427774693718e-02
1.979189991950988770e+00 7.420550668756629997e-02
1.979689955711364746e+00 1.803442854999530789e-02
1.981269955635070801e+00 5.292164099809197608e-02
1.982540011405944824e+00 5.637092996561568481e-02
1.988070011138916016e+00 5.669754864966043001e-02
1.991950035095214844e+00 1.254454663190844865e-01
2.000190019607543945e+00 5.041342747053674522e-02
2.002640008926391602e+00 1.753518919676875232e-01
2.007339954376220703e+00 5.837202943241966147e-02
2.007989883422851562e+00 5.297956421360722895e-02
2.008419990539550781e+00 6.273387408182992675e-02
2.008899927139282227e+00 1.536432545237833014e-01
2.009259939193725586e+00 1.204493200323592667e-02
2.010339975357055664e+00 5.964594919574310594e-02
2.014050006866455078e+00 1.258820574043421625e-01
2.025000095367431641e+00 2.205280797406707072e-02
2.032350063323974609e+00 4.390667123408438510e-02
2.039020061492919922e+00 1.406681259511280424e-02
2.039809942245483398e+00 4.996943261398228281e-02
2.072269916534423828e+00 2.055475398922277513e-02
2.096159934997558594e+00 1.794599443906581826e-02
2.096960067749023438e+00 3.926423041404550340e-02
2.098530054092407227e+00 1.155675127431287919e-01
2.101370096206665039e+00 8.149388750701763717e-02
2.109040021896362305e+00 4.819042503205520078e-02
2.111190080642700195e+00 8.690969911347547205e-02
2.118259906768798828e+00 1.417590079331643993e-01
2.124320030212402344e+00 1.479334946581998822e-01
2.126859903335571289e+00 1.971785675147189054e-02
2.133919954299926758e+00 9.403866139904554222e-02
2.134880065917968750e+00 6.451691934488312796e-02
2.136590003967285156e+00 9.284033116196158120e-02
2.142689943313598633e+00 2.911818535095311855e-02
2.142859935760498047e+00 1.415835199749075624e-01
2.143840074539184570e+00 6.057395566517578128e-02
2.144999980926513672e+00 2.856469970710045353e-02
2.148200035095214844e+00 1.966963571382286946e-01
2.150820016860961914e+00 5.615134026220737484e-02
2.151410102844238281e+00 7.877416039412338256e-02
2.153000116348266602e+00 6.104313527246756771e-02
2.163039922714233398e+00 4.206864535411680706e-02
2.168190002441406250e+00 8.177509546400396623e-02
2.171700000762939453e+00 1.157833658436478730e-01
2.176029920578002930e+00 6.185332024453868427e-02
2.180860042572021484e+00 5.093529530262964899e-02
2.196650028228759766e+00 8.192348427834167390e-02
2.197959899902343750e+00 1.050886856242397444e-01
2.198470115661621094e+00 9.737962725936702424e-02
2.198489904403686523e+00 1.746257815988880302e-02
2.211339950561523438e+00 5.149955472220391767e-02
2.240070104598999023e+00 8.723609981588036077e-02
2.252720117568969727e+00 1.795693564539055931e-01
2.315049886703491211e+00 1.451039252024675097e-01
2.326649904251098633e+00 4.363830947082663475e-02
2.336679935455322266e+00 4.734481883140388703e-02
2.337189912796020508e+00 3.469383104410118240e-02
2.339780092239379883e+00 1.725506006584506258e-01
2.341200113296508789e+00 1.429652422393982991e-01
2.344369888305664062e+00 2.069422796782572835e-02
2.345700025558471680e+00 3.302375884499374886e-02
2.347630023956298828e+00 5.074884025675115984e-01
2.348720073699951172e+00 2.558299041830581766e-01
2.357059955596923828e+00 1.956143571391339916e-02
2.362270116806030273e+00 3.009076428315132432e-02
2.367160081863403320e+00 2.903090019852385545e-02
2.367510080337524414e+00 1.623701857951189154e-01
2.370150089263916016e+00 5.078066806142571971e-02
2.371089935302734375e+00 4.351396185422086171e-01
2.373159885406494141e+00 5.575957363231910657e-02
2.382420063018798828e+00 1.748850594099592703e-01
2.392679929733276367e+00 9.405975324684856531e-02
2.397269964218139648e+00 1.683572358223524301e-01
2.402290105819702148e+00 1.474812279568213924e-01
2.408299922943115234e+00 5.233115196857101442e-02
2.413189888000488281e+00 2.865305259741154353e-01
2.425230026245117188e+00 9.462567630855292511e-02
2.438689947128295898e+00 8.332071903175215788e-02
2.456219911575317383e+00 1.449859496571595519e-01
2.464309930801391602e+00 1.497097351515254693e-01
2.464560031890869141e+00 5.582235314792368536e-02
2.481770038604736328e+00 5.146312385195568606e-02
2.504250049591064453e+00 1.097380758130566958e-01
2.506190061569213867e+00 5.152394726764299854e-02
2.535109996795654297e+00 1.154302687718485182e-01
2.546430110931396484e+00 2.807780496125432401e-02
2.552160024642944336e+00 5.890396222611176541e-02
2.555769920349121094e+00 3.001723633027865087e-02
2.557660102844238281e+00 1.090338611482606496e-01
2.558559894561767578e+00 3.902615840549546883e-02
2.559159994125366211e+00 8.464641164968976506e-02
2.560019969940185547e+00 7.626713568747453542e-02
2.560389995574951172e+00 5.125321109382691143e-02
2.560980081558227539e+00 1.868720694295634283e-02
2.567409992218017578e+00 6.405418365856543894e-02
2.572900056838989258e+00 5.060215551252739835e-02
2.574359893798828125e+00 2.664567701847104370e-02
2.578259944915771484e+00 7.762320149186041629e-02
2.588219881057739258e+00 3.803114568421100267e-02
2.596369981765747070e+00 8.705994146912435228e-02
2.596820116043090820e+00 1.211495136355621519e-02
2.609829902648925781e+00 5.742882032205124526e-02
2.611299991607666016e+00 1.414755497026681796e-01
2.617340087890625000e+00 1.350121239855201494e-01
2.620130062103271484e+00 1.759504331729414006e-02
2.621439933776855469e+00 3.348564510613818990e-02
2.623709917068481445e+00 4.449549460799179235e-02
2.640150070190429688e+00 2.950095466000188238e-02
2.643549919128417969e+00 6.422311478503231474e-02
2.650310039520263672e+00 5.428705168580340301e-02
2.650840044021606445e+00 4.096799932102761221e-02
2.653609991073608398e+00 3.976256429883871790e-02
2.655989885330200195e+00 6.439760579674279339e-02
2.682590007781982422e+00 6.353707319370215274e-03
2.685250043869018555e+00 1.654999006402310402e-01
2.697779893875122070e+00 7.182922920545431467e-02
2.699589967727661133e+00 5.502188892958752992e-02
2.704730033874511719e+00 7.633311634164786919e-02
2.709389925003051758e+00 5.194721604414058447e-02
2.712919950485229492e+00 6.609973808078851987e-02
2.715460062026977539e+00 5.515419160994580045e-02
2.725470066070556641e+00 2.025850272910046379e-01
2.730319976806640625e+00 1.268682423269820170e-01
2.730390071868896484e+00 2.039177208059656521e-01
2.730629920959472656e+00 1.033274938167334095e-01
2.738179922103881836e+00 7.095351716555575727e-02
2.743400096893310547e+00 2.253219152799241717e-02
2.745229959487915039e+00 1.875117193074919350e-02
2.747730016708374023e+00 1.467574817381356658e-02
2.752710103988647461e+00 1.009006568628183081e-01
2.758229970932006836e+00 1.320405101206222342e-01
2.760329961776733398e+00 8.619787129618314281e-02
2.763479948043823242e+00 8.111983704484401758e-02
2.766180038452148438e+00 4.685436208020531818e-02
2.779880046844482422e+00 2.276133130180264807e-02
2.782649993896484375e+00 1.600643798362991754e-01
2.784130096435546875e+00 8.614652171269945868e-02
2.792439937591552734e+00 7.457842343664963791e-02
2.792999982833862305e+00 4.972024577699954428e-02
2.797960042953491211e+00 3.027011055361045200e-02
2.800100088119506836e+00 9.319611635598648580e-02
2.807470083236694336e+00 1.041029835335814113e-01
2.822669982910156250e+00 4.827492995368773410e-02
2.823790073394775391e+00 9.607252391139353698e-02
2.833719968795776367e+00 8.307228330418152396e-02
2.941479921340942383e+00 2.569357756882553398e-02
2.951649904251098633e+00 3.093130379516247433e-02
2.953069925308227539e+00 4.525867527190111095e-02
2.956049919128417969e+00 1.732221778418704949e-01
2.956180095672607422e+00 8.224375282101763218e-02
2.960839986801147461e+00 6.553152188535425748e-02
2.962440013885498047e+00 6.294599163995944976e-03
2.966300010681152344e+00 8.610144551912889133e-02
2.969729900360107422e+00 3.269013042367762550e-02
2.977750062942504883e+00 1.131619353261296979e-01
2.984100103378295898e+00 2.444673163568421848e-01
2.986030101776123047e+00 5.553844090581694370e-02
2.986099958419799805e+00 7.703429550112193824e-02
2.986720085144042969e+00 8.242322234163797223e-02
2.987279891967773438e+00 4.538863312968458019e-01
2.992409944534301758e+00 6.641340622451101516e-02
2.994570016860961914e+00 3.423163161181518727e-02
3.001070022583007812e+00 6.974115315985456032e-02
3.002249956130981445e+00 3.724656890825661648e-02
3.004839897155761719e+00 3.255747514237217199e-02
3.013669967651367188e+00 5.541909756600583298e-02
3.017679929733276367e+00 1.576661758861087059e-01
3.028609991073608398e+00 1.322441665021800994e-01
3.036370038986206055e+00 3.450605060002854413e-02
3.038350105285644531e+00 1.036482752594338197e-01
3.044889926910400391e+00 5.370513501450346894e-03
3.047729969024658203e+00 3.882732462925797545e-02
3.050280094146728516e+00 4.871823734105776987e-02
3.052680015563964844e+00 3.592014428151061450e-02
3.059410095214843750e+00 4.947742161064959399e-02
3.060810089111328125e+00 3.276035673234389128e-02
3.085659980773925781e+00 3.769765948487366347e-02
3.097650051116943359e+00 3.221451060620340173e-02
3.105950117111206055e+00 8.416750695910017732e-02
3.107850074768066406e+00 2.169810338299595770e-02
3.108220100402832031e+00 1.331635675719489154e-01
3.110680103302001953e+00 2.002001738051468679e-02
3.112390041351318359e+00 4.131163205158008833e-02
3.112649917602539062e+00 1.092592143786179915e-01
3.117589950561523438e+00 4.460337508454312316e-02
3.121210098266601562e+00 1.982683949871315854e-01
3.135580062866210938e+00 3.107279639436543728e-01
3.135799884796142578e+00 1.557679624356061165e-01
3.145270109176635742e+00 4.345585505205584731e-02
3.147550106048583984e+00 3.735635804090323836e-02
3.149339914321899414e+00 8.324161275628183532e-02
3.149369955062866211e+00 2.118190240068705890e-02
3.158750057220458984e+00 3.903906979077181177e-02
3.163769960403442383e+00 1.904576275916234906e-01
3.164949893951416016e+00 2.414970033941095107e-01
3.165620088577270508e+00 3.773958521799031240e-02
3.168930053710937500e+00 6.871403289288634253e-02
3.173500061035156250e+00 7.298964903895802103e-02
3.185610055923461914e+00 5.350103823213904486e-02
3.186049938201904297e+00 2.094477335022850578e-02
3.195569992065429688e+00 3.465863703994094547e-02
3.196949958801269531e+00 8.057891994893362497e-02
3.204499959945678711e+00 1.125086646064113460e-01
3.207210063934326172e+00 6.248701731301363471e-02
3.213350057601928711e+00 4.213314495757766731e-02
3.226850032806396484e+00 1.329860247474284191e-02
3.229000091552734375e+00 3.723975885665095631e-02
3.242069959640502930e+00 2.700281622023904121e-02
3.250699996948242188e+00 7.943330689196001493e-02
3.252579927444458008e+00 1.025165276945110421e-01
3.255569934844970703e+00 2.729651314473467011e-02
3.262779951095581055e+00 7.576772414244349607e-02
3.326319932937622070e+00 2.596654170161183384e-01
3.328190088272094727e+00 7.003934977769833703e-02
3.330199956893920898e+00 4.473297872486941412e-02
3.333570003509521484e+00 9.745844504102205152e-02
3.341799974441528320e+00 6.952993928089964970e-02
3.346889972686767578e+00 1.279586518203506829e-01
3.354569911956787109e+00 1.018702749012067310e-01
3.358299970626831055e+00 5.808732774445588692e-02
3.365370035171508789e+00 3.075334942014541773e-02
3.366219997406005859e+00 8.459672005861197663e-02
3.366810083389282227e+00 5.219970226150925929e-02
3.372410058975219727e+00 5.013439719925184140e-02
3.372900009155273438e+00 9.381004273073156874e-02
3.373150110244750977e+00 1.182035801017896764e-01
3.375679969787597656e+00 1.659897193100463506e-02
3.379780054092407227e+00 7.454760025400061774e-02
3.384939908981323242e+00 1.433059153062816726e-01
3.385469913482666016e+00 4.523450475421954275e-02
3.394170045852661133e+00 1.492605957157367713e-01
3.400290012359619141e+00 3.794949050470792368e-02
3.403559923171997070e+00 2.366928034339849940e-01
3.404680013656616211e+00 1.007006059546325244e-01
3.412519931793212891e+00 1.674844891191158147e-01
3.429529905319213867e+00 3.751257451924147612e-01
3.431590080261230469e+00 1.025573452923662365e-01
3.501420021057128906e+00 5.461674490220339018e-02
3.516710042953491211e+00 1.700684793399291073e-01
3.523159980773925781e+00 7.277223773600893786e-02
3.529479980468750000e+00 8.387034387951088077e-02
3.532170057296752930e+00 1.877510717724756861e-01
3.534349918365478516e+00 4.994003204471559459e-02
3.545639991760253906e+00 3.191032788870473147e-01
3.555449962615966797e+00 2.738962759517055492e-02
3.566740036010742188e+00 7.724681319651154066e-02
3.569570064544677734e+00 3.258441728922160108e-01
3.571340084075927734e+00 3.974565738355083366e-02
3.573339939117431641e+00 2.643383469785285378e-01
3.573489904403686523e+00 2.342720275618480064e-01
3.578350067138671875e+00 2.050066937153003643e-01
3.587640047073364258e+00 4.125532735955179248e-02
3.588040113449096680e+00 6.711917609783779604e-02
3.594249963760375977e+00 3.799929435867945710e-02
3.596019983291625977e+00 4.793664965998315625e-02
3.597389936447143555e+00 5.998809673434514489e-02
3.602629899978637695e+00 6.482153205129972950e-02
3.602679967880249023e+00 2.432361786696956782e-02
3.602679967880249023e+00 3.085038353247693613e-02
3.605690002441406250e+00 1.185683584444310879e-01
3.606379985809326172e+00 6.097635323264953555e-02
3.606539964675903320e+00 4.517780240109969814e-02
3.614779949188232422e+00 7.379172190665747588e-02
3.618580102920532227e+00 1.019325031991418079e-01
3.619780063629150391e+00 1.967556882103995916e-02
3.624919891357421875e+00 5.510656987910708682e-02
3.627310037612915039e+00 2.026249281171486893e-01
3.630239963531494141e+00 4.851724969392130077e-02
3.652129888534545898e+00 1.165132040063201757e-01
3.653939962387084961e+00 3.043515441115074785e-02
3.680680036544799805e+00 2.457677993198028599e-01
3.691289901733398438e+00 1.808644209347870860e-02
3.707119941711425781e+00 7.886437403012776237e-02
3.711080074310302734e+00 6.294720928965762130e-02
3.714600086212158203e+00 2.746427742009809325e-01
3.715090036392211914e+00 9.726473688586087518e-02
3.723229885101318359e+00 1.847893007793068032e-01
3.726589918136596680e+00 1.083881264162573771e-01
3.739399909973144531e+00 2.659546969012607440e-02
3.739939928054809570e+00 1.294419319106191457e-01
3.740789890289306641e+00 1.155778285091917379e-01
3.741869926452636719e+00 5.252563304181154941e-02
3.742510080337524414e+00 2.067673397868369928e-02
3.744719982147216797e+00 3.432287964813100778e-02
3.749300003051757812e+00 5.303697245057921450e-02
3.750479936599731445e+00 5.436014460317088737e-02
3.752959966659545898e+00 7.142445378334588701e-02
3.754309892654418945e+00 8.223651067112493218e-02
3.754329919815063477e+00 1.007841280011746998e-01
3.760220050811767578e+00 9.386178422891106043e-02
3.774780035018920898e+00 4.590812560832786132e-02
3.775039911270141602e+00 5.955105402182538088e-02
3.784519910812377930e+00 7.045051030114762858e-02
3.785919904708862305e+00 5.176280978149627732e-02
3.791169881820678711e+00 4.993099470521956962e-02
3.797389984130859375e+00 1.052257271058954780e-01
3.797919988632202148e+00 5.847593963099886188e-02
3.803469896316528320e+00 9.172743353804688193e-02
3.811340093612670898e+00 5.749471638849444621e-02
3.824179887771606445e+00 2.511727059790790084e-02
3.843630075454711914e+00 1.184684648416151065e-01
3.848040103912353516e+00 1.216008516234563935e-01
3.866369962692260742e+00 4.194857107769180832e-02
3.871320009231567383e+00 1.530500207681347591e-01
3.875180006027221680e+00 1.178526211081376562e-01
3.926630020141601562e+00 1.134973300253082767e-01
3.928930044174194336e+00 1.205379504598286661e-01
3.932960033416748047e+00 5.958523539005309427e-02
3.940439939498901367e+00 2.864939598079432534e-02
3.944610118865966797e+00 1.863829203973935977e-01
3.946690082550048828e+00 1.183502205201389795e-01
3.947799921035766602e+00 5.410149680897852198e-02
3.948970079421997070e+00 2.242684341251464930e-01
3.952369928359985352e+00 9.187788661159204673e-02
3.958830118179321289e+00 6.665808546389299927e-02
3.967420101165771484e+00 4.473251120826364502e-02
3.969110012054443359e+00 1.696725771495222468e-01
3.972460031509399414e+00 2.168164817722847693e-01
3.974620103836059570e+00 7.287397119827349057e-02
3.979680061340332031e+00 1.541627102535909205e-02
3.985610008239746094e+00 8.753222463282867016e-02
3.989490032196044922e+00 6.478043449133617793e-02
3.991029977798461914e+00 4.759981467961981599e-02
3.996799945831298828e+00 9.068753406406285245e-02
3.998509883880615234e+00 7.109810221877189973e-02
4.003180027008056641e+00 4.508266784854779718e-01
4.007770061492919922e+00 1.078244420066701431e-01
4.033899784088134766e+00 9.998216956276782807e-02
4.037159919738769531e+00 1.241548271927412073e-01
4.055329799652099609e+00 3.968830604254109939e-01
4.077640056610107422e+00 9.241124243870521560e-02
4.104080200195312500e+00 9.616106357793460790e-02
4.106679916381835938e+00 1.199317757614998398e-01
4.119140148162841797e+00 9.285332495922427043e-02
4.126609802246093750e+00 7.400038874055338278e-02
4.138529777526855469e+00 1.636417692474845809e-01
4.146749973297119141e+00 2.022639400677253285e-01
4.153540134429931641e+00 1.863042393555624787e-01
4.154960155487060547e+00 1.791289463229326639e-01
4.158949851989746094e+00 5.565013665650702518e-02
4.160280227661132812e+00 1.874540804978146458e-01
4.169250011444091797e+00 1.069156545541180836e-01
4.169950008392333984e+00 1.165287056936946536e-01
4.179369926452636719e+00 5.875855772552657924e-02
4.180119991302490234e+00 6.258478820236645923e-02
4.180769920349121094e+00 5.757003018020019625e-02
4.183300018310546875e+00 6.244061789172658528e-02
4.185080051422119141e+00 5.113610447494044281e-02
4.187610149383544922e+00 3.941396537476846845e-02
4.188549995422363281e+00 3.947249344305552021e-02
4.190149784088134766e+00 3.484091988310294985e-02
4.192510128021240234e+00 1.276577409025596022e-01
4.195059776306152344e+00 2.147377724698081719e-02
4.204239845275878906e+00 7.995590150174911037e-02
4.208030223846435547e+00 8.491856046835200011e-02
4.210289955139160156e+00 5.163164436266599183e-02
4.212120056152343750e+00 4.404498581179328714e-02
4.220240116119384766e+00 5.678916973066827634e-02
4.227149963378906250e+00 1.435169626895264061e-01
4.245659828186035156e+00 6.347796587499844601e-02
4.252140045166015625e+00 1.566661788254447296e-01
4.252799987792968750e+00 1.426879686925677515e-01
4.253310203552246094e+00 5.298547126047001982e-02
4.280859947204589844e+00 6.819350685296166233e-03
4.298999786376953125e+00 6.853340936758413326e-02
4.326010227203369141e+00 5.345320879068364561e-02
4.326960086822509766e+00 1.410661267158447307e-01
4.328010082244873047e+00 9.422464782793868454e-02
4.329130172729492188e+00 3.833022665325557660e-02
4.329209804534912109e+00 6.195008770057779113e-02
4.330639839172363281e+00 1.674774435023360444e-02
4.331049919128417969e+00 9.463316021918209697e-02
4.332499980926513672e+00 5.747916432260311709e-02
4.335130214691162109e+00 1.156120625870485780e-01
4.338140010833740234e+00 4.806156518022254576e-02
4.338679790496826172e+00 1.063744742176077895e-01
4.341939926147460938e+00 3.367983416344520753e-02
4.343850135803222656e+00 6.854170143594838505e-02
4.347239971160888672e+00 8.056519388438229679e-02
4.349279880523681641e+00 7.363004871323265699e-02
4.352320194244384766e+00 7.865745884376323938e-02
4.353479862213134766e+00 6.139323651586141295e-02
4.354109764099121094e+00 3.445456711506643399e-02
4.362609863281250000e+00 3.588606019035817801e-02
4.365069866180419922e+00 4.472467792465216474e-02
4.365980148315429688e+00 3.875825566842548697e-02
4.369319915771484375e+00 8.393733893374580313e-02
4.375160217285156250e+00 9.916794660888395008e-02
4.380270004272460938e+00 5.189476538873318695e-02
4.402180194854736328e+00 1.312592694560184015e-01
4.402750015258789062e+00 7.298731430548616173e-02
4.408559799194335938e+00 1.763911310640542685e-01
4.412409782409667969e+00 1.049120701183527682e-01
4.415009975433349609e+00 4.413964882044736637e-02
4.419799804687500000e+00 3.611317536582665105e-02
4.444769859313964844e+00 8.492294961313129331e-02
4.466370105743408203e+00 7.778892589973972205e-02
4.537089824676513672e+00 2.995125311620699948e-01
4.542359828948974609e+00 8.087818147538886060e-02
4.542379856109619141e+00 3.872686118900673519e-02
4.545440196990966797e+00 1.288695593484008028e-01
4.547820091247558594e+00 1.138111882256653655e-02
4.554860115051269531e+00 1.777615518860729826e-02
4.554860115051269531e+00 3.566339034030082539e-02
4.555749893188476562e+00 5.508418348951651389e-01
4.556819915771484375e+00 4.976939937628397509e-02
4.556980133056640625e+00 4.025961436467771076e-02
4.559340000152587891e+00 3.884755226638528930e-02
4.561359882354736328e+00 1.958496499321988327e-01
4.561950206756591797e+00 4.719461661511982487e-02
4.562150001525878906e+00 6.153610809452680214e-02
4.571899890899658203e+00 1.368033206593620987e-01
4.574160099029541016e+00 1.763522796735007558e-01
4.574540138244628906e+00 1.109498068204516769e-01
4.577839851379394531e+00 1.006126543311567853e-02
4.583489894866943359e+00 3.883808346455151772e-02
4.586239814758300781e+00 1.083258151327435581e-01
4.591310024261474609e+00 3.109005520169584938e-02
4.593850135803222656e+00 1.252893803127941574e-01
4.595099925994873047e+00 3.357255168589586003e-02
4.601190090179443359e+00 5.341049979667842479e-02
4.679180145263671875e+00 5.105994526486486162e-02
4.683179855346679688e+00 9.605181663590514618e-02
4.683320045471191406e+00 1.922940898406602650e-01
4.684450149536132812e+00 7.758491181970841866e-02
4.688360214233398438e+00 3.646337284442572879e-01
4.688459873199462891e+00 5.123524670369745959e-02
4.718269824981689453e+00 1.979875905925950752e-01
4.725210189819335938e+00 7.842234709204388976e-02
4.731349945068359375e+00 1.392639202322587533e-01
4.733019828796386719e+00 8.294071251164385206e-02
4.742720127105712891e+00 2.319953473655821802e-02
4.746469974517822266e+00 7.076555970539519236e-02
4.756579875946044922e+00 8.800023929899429553e-02
4.764410018920898438e+00 4.834970893489584642e-02
4.765399932861328125e+00 5.420548161585009295e-02
4.769720077514648438e+00 3.743223510270046739e-02
4.773379802703857422e+00 1.054731462675022047e-01
4.776239871978759766e+00 6.326530931274784719e-02
4.776259899139404297e+00 2.956999188465075576e-02
4.777560234069824219e+00 7.581580385893642304e-02
4.778220176696777344e+00 4.806412665462039130e-02
4.780109882354736328e+00 1.534417480111003977e-02
4.790410041809082031e+00 4.540261178301609191e-02
4.791100025177001953e+00 7.672763714440129779e-02
4.792389869689941406e+00 6.146833833837265365e-02
4.797760009765625000e+00 1.782140858734911348e-01
4.803530216217041016e+00 1.488876790955128392e-02
4.813149929046630859e+00 2.988902984008061023e-02
4.816619873046875000e+00 1.487033551481335980e-01
4.821350097656250000e+00 8.707587549365539137e-02
4.824779987335205078e+00 4.712258053969287097e-02
4.835780143737792969e+00 6.827979512557896813e-02
4.844719886779785156e+00 2.311584524650174208e-02
4.858230113983154297e+00 4.152456110997384577e-03
4.860070228576660156e+00 1.753265937943682823e-02
4.868000030517578125e+00 2.552677994968370612e-02
4.884329795837402344e+00 4.240083555459416009e-02
4.887469768524169922e+00 3.587583339682457600e-02
4.898069858551025391e+00 3.789200689991197024e-02
4.898159980773925781e+00 1.759687072301634875e-02
4.902190208435058594e+00 1.276251553187485177e-02
4.910359859466552734e+00 8.733870930087558881e-02
4.911719799041748047e+00 2.029364569335039004e-02
4.912650108337402344e+00 1.083170502929143089e-02
4.924650192260742188e+00 1.432638406257852846e-02
4.927110195159912109e+00 9.688059775505861518e-03
4.931809902191162109e+00 1.149620372817579950e-01
4.941199779510498047e+00 1.264964466221509820e-01
4.943620204925537109e+00 6.411391017050641072e-02
4.943709850311279297e+00 1.048517851286568346e-02
4.943840026855468750e+00 2.562589506465979064e-02
4.950759887695312500e+00 5.181242265457070006e-02
4.951369762420654297e+00 4.255336983662549311e-01
4.953539848327636719e+00 6.566089829283092150e-02
4.960380077362060547e+00 7.650323396580235857e-02
4.965240001678466797e+00 8.137275960590065194e-02
4.968830108642578125e+00 1.582118407762672929e-01
4.971849918365478516e+00 3.794371554665768032e-01
4.974380016326904297e+00 9.829429710952614085e-02
4.985970020294189453e+00 7.503693951777538063e-01
4.997109889984130859e+00 4.213017025407485988e-02
5.000000000000000000e+00 3.272235592067475329e-02
5.008790016174316406e+00 7.512414224439303845e-02
5.009870052337646484e+00 5.786997068525906451e-02
5.017529964447021484e+00 4.486930440698626982e-02
5.023590087890625000e+00 1.105264075365731818e-01
5.028180122375488281e+00 2.002442071382317113e-01
5.041019916534423828e+00 1.952375882677907515e-01
5.120830059051513672e+00 8.566779656178775959e-02
5.125699996948242188e+00 6.515201961127496666e-02
5.128210067749023438e+00 3.476493667699911416e-01
5.135129928588867188e+00 1.355983095834362717e-01
5.136499881744384766e+00 4.415294845651827893e-02
5.137300014495849609e+00 7.948906547261982980e-02
5.142899990081787109e+00 2.004484844436084726e-02
5.143610000610351562e+00 4.249525663392694774e-02
5.143859863281250000e+00 2.737355843583497150e-02
5.145150184631347656e+00 1.124105180390659875e-01
5.148389816284179688e+00 1.085414688411732026e-01
5.149370193481445312e+00 1.859489981536319170e-01
5.153299808502197266e+00 1.160580583264605725e-01
5.154570102691650391e+00 2.838168966519676734e-02
5.156290054321289062e+00 5.821543915564481031e-02
5.160280227661132812e+00 3.370726218513829531e-02
5.162539958953857422e+00 1.337002326846802591e-01
5.162700176239013672e+00 1.527968387283394625e-01
5.163889884948730469e+00 8.558476017956280490e-02
5.172800064086914062e+00 2.047727198794376327e-02
5.173649787902832031e+00 5.030748497764023219e-02
5.175489902496337891e+00 6.670598282246727184e-02
5.178420066833496094e+00 5.156223157613200325e-02
5.193150043487548828e+00 1.225362613797727485e-01
5.275239944458007812e+00 8.453460329727406630e-02
5.276919841766357422e+00 9.222825954559331629e-01
5.284749984741210938e+00 4.806487912282288166e-02
5.286220073699951172e+00 3.438690858889920654e-01
5.289800167083740234e+00 1.318053025412343482e-01
5.295149803161621094e+00 2.419811627411897273e-02
5.299119949340820312e+00 1.553682513196234516e-01
5.302770137786865234e+00 8.415198178087975045e-02
5.336480140686035156e+00 7.112383222517988657e-02
5.341810226440429688e+00 5.692828855551868017e-02
5.342710018157958984e+00 1.316546168445942022e-01
5.350160121917724609e+00 5.552050659469429800e-02
5.354109764099121094e+00 7.196748470276451148e-02
5.356309890747070312e+00 3.153687660066955417e-02
5.357649803161621094e+00 9.793765529078837795e-02
5.358530044555664062e+00 9.768755309863497160e-02
5.360260009765625000e+00 2.822865133042889302e-02
5.363910198211669922e+00 2.984279837407219707e-02
5.366819858551025391e+00 2.808471213260924429e-02
5.367050170898437500e+00 9.377623539860660551e-02
5.372539997100830078e+00 6.753046381837735090e-02
5.373980045318603516e+00 4.808985331829650905e-02
5.378670215606689453e+00 4.741845906852302367e-02
5.379300117492675781e+00 6.187505647921003049e-02
5.385379791259765625e+00 1.070839224347823748e-01
5.385529994964599609e+00 1.389813504973927069e-02
5.387179851531982422e+00 3.873785298923763248e-02
5.393789768218994141e+00 1.885108551571016214e-02
5.404079914093017578e+00 6.617932698150055804e-02
5.414380073547363281e+00 3.851583730494443497e-02
5.416779994964599609e+00 4.282533163197938669e-02
5.425000190734863281e+00 2.097278445407557701e-02
5.445320129394531250e+00 6.907805757511366329e-02
5.452260017395019531e+00 1.545009940387210290e-01
5.456240177154541016e+00 3.186155990943827926e-02
5.484700202941894531e+00 1.043960121139144021e-01
5.486660003662109375e+00 1.371270404392977427e-01
5.490660190582275391e+00 2.014011349287680996e-02
5.500339984893798828e+00 3.224161508882725929e-02
5.503220081329345703e+00 3.895001272214537735e-02
5.507410049438476562e+00 1.175947807183670424e-01
5.512370109558105469e+00 5.048783998663510658e-02
5.513110160827636719e+00 2.315738534775329052e-02
5.514570236206054688e+00 4.447848357372238132e-02
5.514910221099853516e+00 5.320430929477964338e-02
5.518710136413574219e+00 7.296464682789238765e-01
5.521880149841308594e+00 3.144717015118952963e-02
5.523769855499267578e+00 3.726760186105110978e-02
5.525780200958251953e+00 8.137481526190825515e-03
5.529910087585449219e+00 1.850228635203343686e-01
5.531690120697021484e+00 2.573492969452251949e-02
5.535120010375976562e+00 7.545143945530094487e-02
5.537280082702636719e+00 9.384529993220952493e-02
5.537280082702636719e+00 2.475483389915108037e-02
5.537779808044433594e+00 4.104388380233439104e-01
5.540679931640625000e+00 2.216737450850929728e-02
5.545700073242187500e+00 2.230008746261042188e-02
5.553239822387695312e+00 8.376290013363719977e-02
5.554510116577148438e+00 3.433478050815842453e-01
5.557099819183349609e+00 1.848786226765996576e-01
5.570020198822021484e+00 8.026972152811148731e-02
5.570400238037109375e+00 4.909640276105425860e-02
5.589049816131591797e+00 1.604353291616488625e-02
5.605209827423095703e+00 1.095194503121747764e-01
5.606979846954345703e+00 2.088184917281043357e-02
5.617239952087402344e+00 5.381553399317769160e-02
5.631309986114501953e+00 9.778805134198390037e-02
5.642300128936767578e+00 4.602251051011079785e-01
5.702839851379394531e+00 9.621782766358767669e-02
5.713920116424560547e+00 4.204550239606741346e-02
5.714399814605712891e+00 1.105956037464912167e-01
5.725749969482421875e+00 3.070193675416074686e-02
5.727280139923095703e+00 5.456430208453164066e-02
5.727930068969726562e+00 3.677836069127045637e-01
5.728759765625000000e+00 1.029023016191081275e-01
5.729979991912841797e+00 6.436142473664821506e-02
5.730629920959472656e+00 7.761228244649884256e-02
5.736440181732177734e+00 2.518060883669771474e-02
5.744959831237792969e+00 8.031822744328047381e-02
5.746520042419433594e+00 6.850649061728796008e-02
5.748040199279785156e+00 2.413987301233959659e-01
5.749780178070068359e+00 7.301820086060750725e-02
5.750050067901611328e+00 6.877063708676717235e-02
5.752039909362792969e+00 3.064777289593120235e-01
5.760369777679443359e+00 9.608712891880698270e-02
5.763289928436279297e+00 5.396720821427908321e-02
5.765649795532226562e+00 4.984107531635263710e-02
5.767230033874511719e+00 6.862591214842794773e-02
5.769090175628662109e+00 7.878909433641724525e-02
5.775720119476318359e+00 1.324198412402447234e-01
5.776919841766357422e+00 7.456635619436871587e-02
5.780029773712158203e+00 1.190138117699404002e-01
5.841139793395996094e+00 8.143199646618029530e-02
5.851950168609619141e+00 6.700635225101421455e-02
5.875710010528564453e+00 2.683177024851286091e-02
5.880109786987304688e+00 1.457774948892685274e-01
5.885459899902343750e+00 1.032278859255797293e-01
5.887499809265136719e+00 3.406629390726426121e-02
5.901820182800292969e+00 2.544144065829361673e-02
5.903429985046386719e+00 3.043559140896386767e-02
5.920000076293945312e+00 2.835914874330613955e-01
5.920609951019287109e+00 1.163733390614612589e-01
5.922200202941894531e+00 2.096088317369541182e-02
5.937970161437988281e+00 4.673013322733499814e-02
5.945970058441162109e+00 2.693674505413482662e-02
5.947810173034667969e+00 3.156612890365369933e-02
5.950469970703125000e+00 2.505503622237935379e-02
5.950500011444091797e+00 1.100072103485030817e-01
5.953509807586669922e+00 1.475824186807695761e-02
5.955870151519775391e+00 7.248716150909073619e-02
5.961550235748291016e+00 3.783255830939069586e-02
5.963809967041015625e+00 9.217174685628080899e-02
5.964809894561767578e+00 9.970579702605175676e-03
5.965280055999755859e+00 3.769725736140805417e-02
5.965429782867431641e+00 7.399418510092595387e-03
5.974880218505859375e+00 2.042343023403340174e-01
5.975590229034423828e+00 2.508499905422240800e-02
5.976210117340087891e+00 6.006460097733518771e-02
5.981989860534667969e+00 4.193799073941764655e-02
5.982920169830322266e+00 5.071045577703035823e-02
5.984010219573974609e+00 6.450891754654446142e-02
5.985089778900146484e+00 2.162574573132091532e-02
5.988480091094970703e+00 8.029645022372965124e-02
5.988560199737548828e+00 2.663282308163362339e-02
5.996359825134277344e+00 1.228171172264910238e-01
5.996419906616210938e+00 5.803626876484740266e-02
6.026259899139404297e+00 2.800579306337647179e-02
6.040100097656250000e+00 3.759334556420518281e-02
6.064360141754150391e+00 9.994081421116603192e-02
6.075290203094482422e+00 1.153335368328023275e-01
6.089769840240478516e+00 2.049977938806393438e-02
6.094500064849853516e+00 3.954919709790454679e-02
6.094799995422363281e+00 1.479162268085981030e-02
6.094989776611328125e+00 6.043186095959193760e-02
6.095469951629638672e+00 7.460933634839900241e-02
6.096499919891357422e+00 7.411290110071635032e-03
6.098159790039062500e+00 2.442016977158983568e-02
6.099679946899414062e+00 5.806431403778840317e-02
6.104539871215820312e+00 4.669340546354401600e-02
6.106619834899902344e+00 7.939934430348305483e-02
6.108719825744628906e+00 4.369636725886827389e-02
6.110519886016845703e+00 8.429420452987274048e-02
6.119349956512451172e+00 9.558890139986539469e-02
6.124989986419677734e+00 3.100320539272128501e-02
6.128829956054687500e+00 2.315255399637693168e-02
6.132880210876464844e+00 1.276874153842383619e-01
6.141449928283691406e+00 2.980918704660082130e-01
6.144480228424072266e+00 9.879897402155481123e-02
6.149089813232421875e+00 5.701453446915107082e-02
6.151780128479003906e+00 5.088988065445217840e-02
6.153639793395996094e+00 5.367326122860231058e-02
6.154809951782226562e+00 1.194217018180287887e-01
6.173789978027343750e+00 1.107094989355077441e-01
6.181749820709228516e+00 4.653041160675941423e-02
6.184599876403808594e+00 2.369822907708290724e-02
6.187620162963867188e+00 4.713890766511273644e-02
6.198040008544921875e+00 1.571736235291888162e-01
6.198959827423095703e+00 2.100891526774231466e-01
6.202539920806884766e+00 2.335436369507843946e-01
6.219679832458496094e+00 2.625097555826650941e-01
6.265150070190429688e+00 2.257471557048152527e-02
6.281280040740966797e+00 7.985811768049470849e-02
6.291940212249755859e+00 8.442343383688247216e-02
6.294089794158935547e+00 8.919169966487813794e-02
6.297130107879638672e+00 7.857911142491093293e-02
6.300600051879882812e+00 1.756026668137124908e-02
6.304739952087402344e+00 2.293302076946991674e-02
6.305490016937255859e+00 7.836781678102824888e-02
6.312660217285156250e+00 1.060033529672082531e-01
6.328869819641113281e+00 3.562243948895269657e-02
6.334839820861816406e+00 5.703595650331056977e-01
6.336490154266357422e+00 9.462072695491707819e-02
6.343430042266845703e+00 9.773260047260906580e-02
6.346020221710205078e+00 3.689373705439064621e-01
6.346199989318847656e+00 3.311657839640977374e-02
6.346580028533935547e+00 5.901496369121154301e-02
6.350110054016113281e+00 1.016657404551250948e-01
6.351180076599121094e+00 1.970973197372853647e-02
6.351729869842529297e+00 5.287763790203541675e-02
6.357399940490722656e+00 5.656518422250138289e-02
6.359189987182617188e+00 3.507590229374870083e-01
6.360789775848388672e+00 3.130677717028494400e-01
6.375020027160644531e+00 8.527303823077968248e-02
6.407340049743652344e+00 7.064181783865181030e-02
6.447629928588867188e+00 2.812888795588174840e-01
6.457699775695800781e+00 5.449867828308557066e-02
6.464099884033203125e+00 1.172145574108186261e-01
6.470220088958740234e+00 1.262620604522712020e-01
6.477640151977539062e+00 5.100890018055841135e-02
6.480679988861083984e+00 2.935054040005351944e-02
6.497079849243164062e+00 5.046407484127531096e-02
6.500679969787597656e+00 3.004727932735156148e-01
6.510169982910156250e+00 1.769907958772625606e-02
6.513000011444091797e+00 5.105237888308451766e-02
6.513400077819824219e+00 1.011816372425601573e-01
6.518700122833251953e+00 6.085832334047904663e-02
6.522339820861816406e+00 6.766549910838054460e-02
6.526460170745849609e+00 3.426489961338594764e-02
6.527880191802978516e+00 8.765507940219488536e-02
6.534220218658447266e+00 1.139787374249050522e-01
6.537149906158447266e+00 3.958489188911789441e-02
6.543169975280761719e+00 8.660914082279191906e-02
6.543270111083984375e+00 6.990797936237214127e-01
6.544839859008789062e+00 2.345747732715242895e-01
6.550199985504150391e+00 1.206611598357945625e-01
6.550650119781494141e+00 9.996353879975378165e-02
6.552189826965332031e+00 8.736066747497374385e-02
6.560229778289794922e+00 1.145391720140359337e-01
6.562829971313476562e+00 6.711764951168495141e-01
6.584340095520019531e+00 1.211291495818329206e-01
6.588459968566894531e+00 2.392044192257043039e-02
6.595769882202148438e+00 8.858301651343616911e-02
6.596079826354980469e+00 1.109076748342884278e-01
6.596179962158203125e+00 8.007454164969993182e-03
6.596970081329345703e+00 9.766326005121482579e-02
6.601449966430664062e+00 6.952741356015412766e-02
6.617509841918945312e+00 4.595079614876482893e-02
6.627130031585693359e+00 9.036330542459711790e-01
6.644120216369628906e+00 1.075605096763346778e-02
6.645199775695800781e+00 5.312466238122750539e-01
6.650750160217285156e+00 6.920676580365825448e-02
6.653749942779541016e+00 3.822365025077416323e-02
6.666540145874023438e+00 4.401598846317842512e-02
6.667530059814453125e+00 6.996377821541067965e-02
6.671490192413330078e+00 2.214100518287319061e-02
6.676879882812500000e+00 2.478448949151362823e-01
6.678599834442138672e+00 7.094585646774892451e-02
6.684450149536132812e+00 2.718366621048357024e-02
6.686279773712158203e+00 2.540874710090347197e-02
6.688129901885986328e+00 6.269937551240971352e-02
6.691269874572753906e+00 4.548529036338067044e-02
6.699940204620361328e+00 5.604269178217435171e-02
6.708779811859130859e+00 5.631813095608142333e-02
6.712329864501953125e+00 2.547698078885780593e-01
6.714099884033203125e+00 5.347361586019758889e-02
6.720610141754150391e+00 1.783115639915345274e-01
6.721690177917480469e+00 1.288962319658271960e-01
6.722589969635009766e+00 5.702289172290474911e-02
6.727849960327148438e+00 6.465076265836379454e-02
6.734119892120361328e+00 8.589301068757804192e-02
6.734680175781250000e+00 2.126392744964544224e-01
6.736229896545410156e+00 5.886862385636560530e-02
6.737720012664794922e+00 8.752580256777364731e-02
6.740469932556152344e+00 3.691151252182968689e-01
6.764530181884765625e+00 2.208720301884218792e-02
6.768680095672607422e+00 2.460547985541660654e-01
6.773260116577148438e+00 1.310743808160188262e-01
6.777180194854736328e+00 4.225986382823228305e-02
6.783140182495117188e+00 2.630574673957673457e-02
6.790760040283203125e+00 1.146995991417564323e-02
6.812290191650390625e+00 3.114025090125175504e-02
6.815239906311035156e+00 1.885101063478729633e-01
6.874700069427490234e+00 5.287627265418421568e-02
6.885950088500976562e+00 1.120012091245272123e-01
6.886849880218505859e+00 2.920212129485762476e-01
6.889999866485595703e+00 1.557656126633815696e-01
6.893909931182861328e+00 3.377040137513784984e-02
6.894810199737548828e+00 5.852424126608413157e-01
6.909739971160888672e+00 2.975192465572956343e-02
6.909900188446044922e+00 1.669599089598642894e-01
6.910729885101318359e+00 1.102301376560246571e-01
6.911489963531494141e+00 7.572352107202268146e-02
6.913020133972167969e+00 5.167331572894466596e-02
6.913609981536865234e+00 2.681943153475884953e-02
6.916160106658935547e+00 1.251173853957407989e-01
6.921539783477783203e+00 2.784906112927670874e-01
6.925230026245117188e+00 6.094861432577486360e-02
6.927229881286621094e+00 3.266479886726850190e-02
6.939129829406738281e+00 1.382448040830914493e-01
6.940320014953613281e+00 4.939854796474213439e-02
6.940879821777343750e+00 9.784112728318791752e-03
6.950459957122802734e+00 3.323560249590305077e-02
6.954140186309814453e+00 7.757706828859256554e-02
6.959750175476074219e+00 1.054548364362944690e-01
6.960199832916259766e+00 1.137716241600012501e-01
6.973840236663818359e+00 5.913322379716687283e-02
7.020709991455078125e+00 2.982070481405874052e-02
7.029349803924560547e+00 1.286339169663202331e-01
7.050010204315185547e+00 1.289954706148302155e-01
7.054950237274169922e+00 2.774375236088742411e-02
7.060750007629394531e+00 1.861307720400792176e-01
7.063350200653076172e+00 1.671610442630015458e-01
7.073200225830078125e+00 2.469507182615011398e-01
7.080329895019531250e+00 1.845953652132728898e-02
7.098120212554931641e+00 7.621867008858744519e-02
7.105450153350830078e+00 7.389821775136973248e-02
7.105519771575927734e+00 1.643043328170979978e-01
7.111390113830566406e+00 2.079383263407410531e-01
7.113039970397949219e+00 5.385240041228735869e-02
7.120450019836425781e+00 5.012151425746688010e-02
7.120790004730224609e+00 4.985519826156955409e-02
7.124770164489746094e+00 7.645010327449267007e-02
7.129310131072998047e+00 5.430043382545104297e-02
7.129469871520996094e+00 1.023967777698347736e-01
7.133659839630126953e+00 4.080663461278484505e-02
7.133969783782958984e+00 2.857368258433733502e-02
7.137810230255126953e+00 2.879079230101281792e-02
7.138030052185058594e+00 6.921470269615499771e-02
7.138559818267822266e+00 2.580111286880399923e-01
7.141300201416015625e+00 1.602180818031541110e-01
7.147960186004638672e+00 4.022854316681189618e-02
7.155360221862792969e+00 5.584803161290650270e-02
7.160319805145263672e+00 1.846413253737014815e-01
7.168039798736572266e+00 2.544757393259091879e-02
7.177070140838623047e+00 1.362145319979711777e-01
7.187980175018310547e+00 7.206792585514010252e-02
7.189340114593505859e+00 2.725843703362158116e-02
7.189809799194335938e+00 3.489549960584646671e-02
7.209199905395507812e+00 9.629182326157414984e-02
7.210460186004638672e+00 1.679926583514223040e-02
7.231629848480224609e+00 1.366768358922085605e-02
7.248099803924560547e+00 1.580581918993696072e-02
7.252739906311035156e+00 1.146946105851244790e-01
7.255199909210205078e+00 8.690405386723455694e-02
7.257850170135498047e+00 9.078423337627551659e-02
7.257939815521240234e+00 8.132995335202025666e-02
7.260509967803955078e+00 2.211301286225972329e-02
7.265890121459960938e+00 7.032510743699893485e-02
7.274829864501953125e+00 5.532936434601350845e-02
7.280099868774414062e+00 9.324833060316115030e-02
7.284339904785156250e+00 4.456307157247865053e-02
7.284619808197021484e+00 1.619813170600394869e-01
7.286650180816650391e+00 1.466877570225303684e-01
7.288670063018798828e+00 5.539957576418262641e-02
7.289100170135498047e+00 2.126502383072515975e-02
7.290740013122558594e+00 3.709807781172530516e-02
7.301640033721923828e+00 5.621026465379753978e-02
7.301929950714111328e+00 5.263063318221555820e-02
7.302050113677978516e+00 1.236919547317966300e-01
7.303329944610595703e+00 3.593295424749782391e-02
7.305769920349121094e+00 2.942452251221827075e-01
7.307229995727539062e+00 1.018517466737079158e-01
7.308619976043701172e+00 7.424835576207816645e-02
7.311709880828857422e+00 6.162566051638954795e-02
7.319900035858154297e+00 3.900735511019429169e-02
7.330939769744873047e+00 1.722160606514590020e-01
7.332570075988769531e+00 4.737257819782710044e-02
7.335420131683349609e+00 1.330446336281146114e-01
7.365159988403320312e+00 1.638847861519011073e-01
7.369070053100585938e+00 4.176372180741949602e-02
7.382629871368408203e+00 1.615745272924054288e-01
7.387310028076171875e+00 1.450247218924911596e-01
7.419579982757568359e+00 2.027158257716221712e-01
7.440460205078125000e+00 9.851753131091206539e-02
7.463079929351806641e+00 5.393633864973352426e-02
7.479969978332519531e+00 4.432500218980239826e-02
7.483699798583984375e+00 2.728577828840872410e-01
7.484970092773437500e+00 4.558490329790503698e-02
7.493889808654785156e+00 9.329297089060489823e-02
7.501450061798095703e+00 1.526173284349195969e-01
7.503119945526123047e+00 5.671936193013844829e-02
7.503540039062500000e+00 6.806829028499178369e-02
7.504059791564941406e+00 9.681007746969932937e-02
7.505179882049560547e+00 4.828423293344904360e-02
7.506989955902099609e+00 2.483843774308475832e-02
7.509570121765136719e+00 9.796282952717308423e-02
7.512509822845458984e+00 1.361607695412538344e-01
7.517710208892822266e+00 1.161638460954624724e-01
7.520030021667480469e+00 3.123676404130537598e-02
7.521389961242675781e+00 8.152636071928054395e-02
7.522799968719482422e+00 6.532433849428816164e-02
7.525100231170654297e+00 2.761288595197994994e-02
7.535379886627197266e+00 2.980942923905585684e-02
7.535409927368164062e+00 3.511759770427098221e-02
7.537179946899414062e+00 6.167620398723547975e-02
7.538640022277832031e+00 2.817769090643170715e-01
7.544139862060546875e+00 6.052514148485293316e-02
7.559370040893554688e+00 5.380771023448061713e-02
7.613900184631347656e+00 7.446870349579375048e-02
7.614689826965332031e+00 2.015147337932179927e-01
7.631360054016113281e+00 5.309071529877644469e-02
7.650710105895996094e+00 4.404112234183295976e-02
7.656280040740966797e+00 3.737370477732726570e-02
7.671040058135986328e+00 4.549234367230478582e-02
7.691070079803466797e+00 3.769314669731767958e-02
7.699409961700439453e+00 7.466897072646339062e-02
7.704390048980712891e+00 2.468283674492058322e-02
7.705599784851074219e+00 4.365912292064717815e-02
7.706560134887695312e+00 9.520515771330503862e-02
7.707290172576904297e+00 2.898300275775119172e-01
7.714399814605712891e+00 1.017075509746203088e-01
7.714550018310546875e+00 3.618510159088701716e-02
7.717539787292480469e+00 1.973215300287586502e-02
7.718220233917236328e+00 1.379561047594928536e-01
7.724730014801025391e+00 1.627646772962990096e-02
7.728559970855712891e+00 1.115032960008686125e-01
7.731699943542480469e+00 9.562087509306321786e-02
7.731770038604736328e+00 1.912984969600950158e-01
7.732999801635742188e+00 4.412264291013586609e-02
7.734910011291503906e+00 2.685324733552850798e-02
7.735010147094726562e+00 1.311090045719442154e-01
7.740399837493896484e+00 2.193479068255859907e-02
7.741990089416503906e+00 6.454244241275343408e-02
7.745190143585205078e+00 5.723034130668934460e-02
7.750000000000000000e+00 4.523815292078890021e-02
7.752110004425048828e+00 9.000623571146183777e-02
7.753809928894042969e+00 1.633509642635574965e-02
7.762959957122802734e+00 4.696134688051331607e-02
7.763519763946533203e+00 1.359325588945635155e-01
7.770289897918701172e+00 7.311625283136446996e-02
7.779600143432617188e+00 6.224238372909119549e-02
7.783699989318847656e+00 4.739128167734137781e-02
7.796450138092041016e+00 1.012034757486599684e-02
7.805270195007324219e+00 1.237773967043263867e-01
7.861909866333007812e+00 3.332850768437361361e-02
7.865429878234863281e+00 5.920081612585841035e-02
7.870049953460693359e+00 3.335070920999341076e-02
7.870649814605712891e+00 2.104699996469899109e-02
7.874579906463623047e+00 2.236469070446774066e-02
7.875170230865478516e+00 5.776689501774659452e-02
7.875249862670898438e+00 8.557307507598571616e-02
7.875840187072753906e+00 3.694355129274654037e-02
7.880780220031738281e+00 9.495481555530263518e-02
7.880809783935546875e+00 1.226451729770327986e-01
7.883959770202636719e+00 5.166706775683766600e-02
7.884319782257080078e+00 1.546468288249892853e-02
7.886390209197998047e+00 1.011517778152712897e-02
7.886459827423095703e+00 1.036561513118186562e-01
7.887629985809326172e+00 4.816460006185131759e-02
7.889430046081542969e+00 2.811442116604745411e-01
7.891910076141357422e+00 4.727465492054111484e-02
7.896490097045898438e+00 5.265165962372867631e-02
7.897500038146972656e+00 7.720540218278930389e-02
7.905069828033447266e+00 7.829382813007362829e-02
7.911039829254150391e+00 2.090347848905466793e-02
7.911980152130126953e+00 2.607540378342464507e-02
7.920559883117675781e+00 1.748163051843099614e-01
7.924160003662109375e+00 2.588557101575745811e-01
7.928699970245361328e+00 2.886896206845376844e-02
7.932240009307861328e+00 2.880976473359387474e-02
7.944320201873779297e+00 8.334561976469016809e-02
7.957580089569091797e+00 1.999551526341392660e-01
7.967420101165771484e+00 1.035372391030685152e-01
7.968719959259033203e+00 4.521321212909369669e-02
7.973090171813964844e+00 1.639784608769258856e-01
8.023989677429199219e+00 4.654161880438212884e-01
8.079199790954589844e+00 1.543351900166837209e-01
8.080019950866699219e+00 5.846814274136986900e-02
8.088829994201660156e+00 4.966703116876215740e-02
8.091509819030761719e+00 1.538860493302354401e-02
8.096269607543945312e+00 7.864489023201218232e-02
8.099679946899414062e+00 9.971859556448073314e-02
8.101070404052734375e+00 7.030237246105465465e-02
8.103870391845703125e+00 2.733558060021015201e-01
8.106030464172363281e+00 2.071892122731038011e-02
8.106340408325195312e+00 6.478034045403471830e-02
8.108480453491210938e+00 1.767797474697211935e-01
8.111029624938964844e+00 4.191289112026089919e-02
8.111399650573730469e+00 9.059035532469870977e-02
8.111619949340820312e+00 2.004560691791742316e-02
8.114000320434570312e+00 2.823994848634871907e-02
8.115719795227050781e+00 2.461151174216720805e-01
8.116600036621093750e+00 1.225036277511928895e-01
8.128290176391601562e+00 3.649447097616963231e-02
8.133779525756835938e+00 3.795427322653637664e-02
8.136630058288574219e+00 1.020658807807680452e-01
8.141850471496582031e+00 5.269096767096918821e-02
8.143489837646484375e+00 3.982270868298726924e-02
8.153389930725097656e+00 2.016336809473552871e-01
8.174460411071777344e+00 1.077627168231424098e-01
8.199760437011718750e+00 1.273626529919767991e-01
8.210499763488769531e+00 1.263270086568707984e-01
8.236100196838378906e+00 1.055263066032320757e-01
8.239419937133789062e+00 1.195621828559699923e-01
8.240110397338867188e+00 1.123220719737082485e-01
8.251239776611328125e+00 9.306880738731423963e-02
8.274160385131835938e+00 1.754699982349584575e-01
8.286800384521484375e+00 4.848383103113625137e-02
8.292149543762207031e+00 7.780436929233873478e-02
8.294219970703125000e+00 7.630304321488320940e-02
8.302610397338867188e+00 6.491501384954452558e-02
8.306260108947753906e+00 4.243371861017743163e-02
8.315110206604003906e+00 6.482273318159807729e-02
8.319330215454101562e+00 1.229026106932187487e-02
8.321789741516113281e+00 8.156347906703129147e-02
8.324660301208496094e+00 6.601441662657953069e-02
8.326450347900390625e+00 8.365539353512108089e-02
8.329799652099609375e+00 9.534549050677963711e-02
8.331819534301757812e+00 3.332257871537949029e-02
8.332090377807617188e+00 1.931368388040347051e-01
8.338999748229980469e+00 1.676075913041280563e-02
8.341159820556640625e+00 1.014905605950072731e-01
8.343339920043945312e+00 4.006194519700905649e-02
8.345649719238281250e+00 8.485443721470972700e-02
8.345740318298339844e+00 1.627380407117048899e-02
8.349960327148437500e+00 7.226822506669980384e-02
8.350379943847656250e+00 4.228540654409976285e-02
8.355199813842773438e+00 9.075744830952249542e-02
8.357799530029296875e+00 1.047735237202020858e-01
8.359299659729003906e+00 5.336346807163458439e-02
8.360210418701171875e+00 5.854100088947392644e-01
8.383399963378906250e+00 2.463879451323009590e-02
8.385270118713378906e+00 5.923956760592891113e-01
8.390979766845703125e+00 2.535777944850711729e-02
8.418169975280761719e+00 1.511180918985556912e-02
8.425040245056152344e+00 6.884269747630819558e-02
8.439780235290527344e+00 8.958621156574919642e-02
8.446749687194824219e+00 2.575220997189743566e-02
8.455419540405273438e+00 3.872625979373099658e-02
8.455670356750488281e+00 5.855209605578784449e-02
8.462659835815429688e+00 2.236810123163346375e-02
8.473489761352539062e+00 1.070445704150033983e-01
8.478679656982421875e+00 6.959843386406966426e-02
8.479089736938476562e+00 8.144545407691056171e-02
8.480899810791015625e+00 1.738681381520799929e-02
8.484259605407714844e+00 2.172513598795758338e-01
8.484609603881835938e+00 2.725540518368155252e-02
8.485560417175292969e+00 1.536015369513162310e-01
8.487239837646484375e+00 5.968605249801423041e-02
8.490169525146484375e+00 9.784942083086109466e-02
8.497090339660644531e+00 1.286394454824139888e-01
8.498439788818359375e+00 4.197322096857265816e-02
8.499449729919433594e+00 3.756654319573438788e-03
8.500009536743164062e+00 2.036875637047152743e-01
8.502180099487304688e+00 1.515605448098347741e-01
8.511989593505859375e+00 7.007452802407682091e-02
8.514369964599609375e+00 9.506867007805538949e-02
8.521630287170410156e+00 1.469540607957438016e-01
8.534709930419921875e+00 4.366963709552039441e-02
8.546719551086425781e+00 4.562890041595957236e-01
8.547590255737304688e+00 7.201931106668579829e-02
8.551779747009277344e+00 2.407614206977932644e-02
8.559570312500000000e+00 1.822993459644082770e-01
8.559570312500000000e+00 2.457317209002227443e-01
8.571820259094238281e+00 8.426832709412249156e-02
8.576049804687500000e+00 2.139725108076685200e-01
8.603159904479980469e+00 5.694628598878254816e-02
8.610099792480468750e+00 8.818092079982152443e-02
8.642740249633789062e+00 1.842530521349531047e-01
8.643950462341308594e+00 1.831240616810977662e-01
8.654789924621582031e+00 1.080053190701589783e-01
8.676810264587402344e+00 1.858502548161478918e-01
8.679840087890625000e+00 4.844005483962895986e-02
8.682020187377929688e+00 3.694460932960540178e-02
8.689140319824218750e+00 2.192623879868507986e-01
8.690600395202636719e+00 2.683995113233846042e-02
8.695420265197753906e+00 5.110381836700003677e-02
8.696809768676757812e+00 4.979589441939358957e-02
8.698880195617675781e+00 1.480239062150050522e-01
8.703310012817382812e+00 1.877005208018131255e-01
8.708029747009277344e+00 1.345449071988702623e-02
8.708889961242675781e+00 6.394773972739933865e-02
8.709509849548339844e+00 2.345782756905817334e-01
8.720870018005371094e+00 7.166908113109443645e-02
8.723199844360351562e+00 5.751533923540896875e-02
8.725230216979980469e+00 8.363771851953211156e-02
8.725830078125000000e+00 7.115817031530755066e-02
8.729550361633300781e+00 1.476496874153166577e-02
8.733360290527343750e+00 9.668544799074951790e-02
8.744059562683105469e+00 1.487807515604961522e-02
8.749679565429687500e+00 1.620660199432637505e-01
8.750439643859863281e+00 7.026232636609622273e-02
8.816670417785644531e+00 1.030523380909608711e-01
8.817990303039550781e+00 2.657810114240302668e-01
8.837750434875488281e+00 1.125102810493669447e-01
8.845859527587890625e+00 1.000884697194453707e-02
8.848979949951171875e+00 4.420673170638312471e-02
8.865639686584472656e+00 4.172219387496951815e-02
8.868680000305175781e+00 3.205894577898234232e-02
8.872389793395996094e+00 6.264590523904925434e-02
8.873240470886230469e+00 3.271860695552358811e-02
8.884160041809082031e+00 6.357763992780576801e-02
8.891380310058593750e+00 4.207224360946223291e-02
8.905249595642089844e+00 1.734934090861390554e-01
8.914230346679687500e+00 9.490401265829637167e-02
8.914810180664062500e+00 4.132377391226367547e-02
8.916930198669433594e+00 1.680625463578194062e-02
8.918580055236816406e+00 1.235832648254653159e-02
8.920849800109863281e+00 2.956564636305564903e-02
8.921310424804687500e+00 1.974385907666367443e-02
8.924269676208496094e+00 1.659782339204150803e-01
8.929340362548828125e+00 7.357592101389584527e-02
8.929340362548828125e+00 7.123489171289706934e-02
8.931289672851562500e+00 8.785344889961964332e-02
8.933759689331054688e+00 7.677309452632684328e-02
8.939769744873046875e+00 3.568888744142142966e-02
8.942770004272460938e+00 5.078918049934366685e-02
8.942770004272460938e+00 2.333595333892072785e-02
8.949350357055664062e+00 6.471521733116860665e-03
8.951600074768066406e+00 5.908950353784782339e-02
8.957579612731933594e+00 1.088474125569589834e-01
8.959119796752929688e+00 7.262464623321099322e-02
8.963970184326171875e+00 4.939428100085901246e-02
8.969869613647460938e+00 2.477717301233741884e-02
8.986450195312500000e+00 5.547171213301289178e-02
9.001720428466796875e+00 8.112705844295530627e-03
9.003979682922363281e+00 3.291897485656157529e-02
9.005060195922851562e+00 1.388381348770472042e-02
9.005539894104003906e+00 4.545928116585835205e-02
9.026410102844238281e+00 2.833942713130018984e-02
9.052020072937011719e+00 7.310523073174968189e-02
9.058819770812988281e+00 2.467915311953344792e-02
9.059690475463867188e+00 1.323144277927646162e-01
9.062390327453613281e+00 9.788882328747390560e-02
9.068200111389160156e+00 2.871044630003720052e-02
9.071209907531738281e+00 4.110454503057456299e-02
9.071350097656250000e+00 1.469707338583900111e-02
9.078410148620605469e+00 3.761573763065426818e-02
9.079179763793945312e+00 9.673785590954220304e-02
9.084520339965820312e+00 1.599601851658830412e-02
9.090020179748535156e+00 3.875473179269248863e-02
9.090880393981933594e+00 1.968709432236907114e-02
9.093500137329101562e+00 2.521157569616207517e-01
9.096209526062011719e+00 2.083395523330221558e-02
9.096429824829101562e+00 5.590653926630757137e-02
9.099309921264648438e+00 6.191840129558917605e-02
9.099570274353027344e+00 5.505221672275727868e-02
9.104399681091308594e+00 7.197702751700549295e-02
9.110400199890136719e+00 6.314711823424944137e-02
9.116169929504394531e+00 2.881697820430820581e-02
9.118120193481445312e+00 7.439037433551526357e-02
9.126230239868164062e+00 3.593182464779562935e-01
9.145919799804687500e+00 3.365940667248201040e-02
9.146699905395507812e+00 4.800656258716369529e-02
9.151610374450683594e+00 6.862438603388276714e-02
9.152660369873046875e+00 1.542366588082470097e-02
9.158109664916992188e+00 1.085238731216870561e-01
9.165769577026367188e+00 5.941521179710380907e-02
9.167980194091796875e+00 5.463656628833740703e-02
9.207699775695800781e+00 3.182196193497507375e-01
9.243639945983886719e+00 1.042317537641033881e-01
9.250439643859863281e+00 6.294499107764359169e-02
9.266790390014648438e+00 9.126140191528828161e-02
9.272549629211425781e+00 1.339066878318835030e-01
9.276309967041015625e+00 1.997619533300769301e-01
9.286600112915039062e+00 1.152721123664737501e-01
9.289810180664062500e+00 6.165097045368346518e-02
9.289850234985351562e+00 1.313135423616250685e-01
9.293129920959472656e+00 2.243363189274855674e-01
9.294699668884277344e+00 1.002222935288398925e-01
9.301159858703613281e+00 4.549934529268814115e-02
9.306220054626464844e+00 7.597606617354299430e-02
9.306810379028320312e+00 5.395895168436718597e-02
9.306940078735351562e+00 7.134223052024639411e-02
9.307180404663085938e+00 9.498589485082331585e-02
9.312020301818847656e+00 2.754051120743445380e-01
9.315480232238769531e+00 1.081576893211572687e-01
9.320779800415039062e+00 1.913627810869226661e-02
9.325349807739257812e+00 2.089176838716748363e-02
9.326649665832519531e+00 2.573556020301573377e-02
9.332980155944824219e+00 6.062757035494742430e-02
9.334560394287109375e+00 5.395335639242334475e-02
9.345560073852539062e+00 1.367111000262047349e-01
9.378760337829589844e+00 1.659662840603736422e-01
9.411199569702148438e+00 1.367981225572248161e-01
9.413100242614746094e+00 1.159170876777525505e-01
9.418849945068359375e+00 7.943443905034044961e-02
9.425919532775878906e+00 1.553174174547999331e-01
9.428000450134277344e+00 3.171459635448192760e-02
9.431859970092773438e+00 1.539946493443626607e-01
9.446599960327148438e+00 9.755103322017205647e-02
9.454039573669433594e+00 7.987778494923436501e-02
9.468520164489746094e+00 7.296654188729000123e-02
9.469459533691406250e+00 6.307536547219488865e-02
9.485219955444335938e+00 1.413629441528578834e-01
9.491029739379882812e+00 3.885765038854943620e-02
9.495619773864746094e+00 9.017238766143302608e-02
9.500260353088378906e+00 1.890096736089557639e-01
9.501830101013183594e+00 1.564835353658294848e-01
9.507690429687500000e+00 5.623035763098303830e-02
9.509579658508300781e+00 1.973599703090528346e-02
9.511219978332519531e+00 4.821516849654559622e-01
9.513299942016601562e+00 2.794170341564657795e-02
9.513520240783691406e+00 1.782448026834645982e-02
9.515190124511718750e+00 7.768467527715515464e-02
9.524230003356933594e+00 2.838964208812809129e-02
9.528070449829101562e+00 1.704291640284632259e-01
9.531020164489746094e+00 4.720227793408359601e-02
9.534890174865722656e+00 3.841248194530866994e-02
9.535989761352539062e+00 2.710891159073555712e-02
9.536210060119628906e+00 7.662174058165913126e-02
9.542149543762207031e+00 7.408242746805050738e-02
9.544420242309570312e+00 2.767082118043706629e-02
9.545249938964843750e+00 8.438721574032510830e-02
9.559740066528320312e+00 1.448671091678349343e-01
9.560509681701660156e+00 6.281305422568313201e-02
9.572380065917968750e+00 1.215368242157962957e-02
9.583419799804687500e+00 4.313875176145327839e-02
9.602419853210449219e+00 6.355814301660087096e-02
9.602829933166503906e+00 7.586900510396628328e-02
9.607859611511230469e+00 3.810195828731701567e-02
9.623869895935058594e+00 3.367921685000492549e-02
9.626649856567382812e+00 9.158134263631551031e-02
9.631079673767089844e+00 6.805093773115497569e-02
9.650979995727539062e+00 3.174592469799717570e-02
9.652810096740722656e+00 1.054830370924521865e-01
9.655890464782714844e+00 8.575406559874622359e-02
9.656350135803222656e+00 8.625968049671382809e-02
9.663229942321777344e+00 4.502431113677588664e-02
9.664050102233886719e+00 7.643737292355080870e-02
9.664210319519042969e+00 3.484646877015638161e-02
9.669300079345703125e+00 4.333266134214004417e-01
9.674220085144042969e+00 9.366290024800369429e-02
9.676679611206054688e+00 8.422561340116120621e-02
9.677639961242675781e+00 7.623827000940790188e-02
9.678649902343750000e+00 6.143831970748766386e-02
9.683639526367187500e+00 7.389689421250390799e-02
9.687540054321289062e+00 4.409121670070924315e-02
9.689510345458984375e+00 1.092500586043860245e-01
9.690710067749023438e+00 4.846137569968674702e-02
9.690719604492187500e+00 4.436807289690177653e-02
9.692669868469238281e+00 1.090988513878593108e-01
9.692870140075683594e+00 1.438446327355073495e-01
9.695540428161621094e+00 5.785929573630289174e-02
9.695679664611816406e+00 1.793499552779934114e-01
9.708789825439453125e+00 1.322495356971928882e-01
9.714440345764160156e+00 7.035849909619633358e-02
9.731550216674804688e+00 1.847712444939310639e-01
9.740449905395507812e+00 9.035329499706126755e-02
9.756440162658691406e+00 1.541821651251284730e-01
9.759360313415527344e+00 2.142667076584853503e-01
9.772669792175292969e+00 1.234661044696776927e-01
9.838500022888183594e+00 6.075419624983633554e-02
9.839539527893066406e+00 1.379238916394356085e-01
9.839739799499511719e+00 8.994627924610906766e-02
9.848079681396484375e+00 8.683450349900302678e-02
9.854909896850585938e+00 1.145223479112777859e-01
9.860269546508789062e+00 4.806333593052285191e-02
9.865309715270996094e+00 7.696637881859397234e-02
9.869739532470703125e+00 6.731079518825826280e-02
9.874620437622070312e+00 3.988677746587536432e-02
9.875940322875976562e+00 4.850994152346440047e-01
9.878310203552246094e+00 3.503652165184600875e-02
9.878459930419921875e+00 8.804270507890886444e-02
9.878820419311523438e+00 8.357710333605324893e-01
9.884440422058105469e+00 8.143131261929573150e-02
9.885199546813964844e+00 1.074545770066665656e-01
9.902029991149902344e+00 1.197216791846187067e-01
9.904720306396484375e+00 6.191148403304813641e-02
9.904749870300292969e+00 7.214315451044274463e-02
9.909600257873535156e+00 1.017289786331189855e-01
9.914839744567871094e+00 7.326126830150154756e-01
9.922129631042480469e+00 2.015363700595339536e-01
9.923190116882324219e+00 1.692348566094927231e-01
9.929909706115722656e+00 7.946692456682509509e-02
9.939249992370605469e+00 5.590944117954492754e-01
9.942480087280273438e+00 2.158445390613904225e-02
9.972029685974121094e+00 8.057430544138891593e-01
9.989359855651855469e+00 2.865048803814581116e-02
9.993789672851562500e+00 1.854308616363981588e-01
1.000430011749267578e+01 1.529514056449880199e-01
1.001509952545166016e+01 1.511092131564158725e-01
1.001809978485107422e+01 5.870143736119117633e-02
1.002750015258789062e+01 1.986952723517483310e-01
1.003349971771240234e+01 4.350149442932655375e-01
1.004010009765625000e+01 1.260293973624998287e+00
1.004590034484863281e+01 4.958992320133116805e-02
1.004940032958984375e+01 3.244097128263733754e-01
1.005650043487548828e+01 4.083395585569968983e-02
1.005710029602050781e+01 3.545740335409409277e-02
1.005959987640380859e+01 1.194309420315923909e+00
1.006610012054443359e+01 1.040136402792960213e-01
1.007530021667480469e+01 4.873072230790587850e-02
1.007859992980957031e+01 4.831394797103787109e-02
1.008339977264404297e+01 8.186275880696155527e-01
1.008450031280517578e+01 9.037270328188254376e-02
1.008559989929199219e+01 1.974460129857253943e-01
1.008570003509521484e+01 5.724763621246992812e-02
1.008930015563964844e+01 5.268307873004808572e-02
1.009230041503906250e+01 4.537261239941307589e-01
1.009609985351562500e+01 2.857473036488488161e-01
1.009609985351562500e+01 9.949880885967685162e-02
1.011110019683837891e+01 4.852041967030827352e-01
1.011120033264160156e+01 5.301616769657667427e-02
1.011740016937255859e+01 1.236427261964495594e-01
1.012650012969970703e+01 8.210355271958297285e-02
1.013000011444091797e+01 1.111269415027068552e-01
1.014480018615722656e+01 3.205411489532735692e-01
1.015439987182617188e+01 1.367095214974954676e+00
1.017189979553222656e+01 1.470935951771707995e+00
1.017870044708251953e+01 1.607285683713421398e-01
1.017949962615966797e+01 7.057969062801945637e-02
1.018400001525878906e+01 6.647142608454278262e-03
1.018640041351318359e+01 2.702981465691427915e-02
1.018900012969970703e+01 3.924925319147296032e-02
1.019149971008300781e+01 5.566267584166373003e-03
1.019499969482421875e+01 1.038954169263262874e-02
1.019979953765869141e+01 1.027807634893537214e+00
1.020639991760253906e+01 6.434112279929155020e-01
1.021070003509521484e+01 8.509701520799231034e-01
1.022010040283203125e+01 6.012554944526229406e-01
1.022060012817382812e+01 4.615468171059675662e-01
1.023209953308105469e+01 5.630042273764170879e-01
1.023610019683837891e+01 3.233265823339542266e-01
1.023680019378662109e+01 2.187640020325948842e-01
1.024020004272460938e+01 1.554342485418114261e-02
1.024650001525878906e+01 7.843745921900202589e-01
1.025069999694824219e+01 3.157369089293141640e-01
1.025619983673095703e+01 8.212516583093185107e-02
1.025640010833740234e+01 8.626069193602826923e-02
1.025889968872070312e+01 4.387943108401867742e-01
1.025920009613037109e+01 4.629779333132324343e-02
1.026620006561279297e+01 5.208596199012597294e-01
1.028229999542236328e+01 9.262110974494267013e-02
1.030010032653808594e+01 7.356544356418561748e-01
1.030360031127929688e+01 7.530434587943886093e-01
1.030869960784912109e+01 1.403863963633624756e-01
1.033100032806396484e+01 1.387702607521947018e-02
1.035540008544921875e+01 1.564331109350661497e-01
1.040349960327148438e+01 2.346607642343773170e-01
1.040359973907470703e+01 1.208916988941454718e-01
1.040909957885742188e+01 9.084797089792850944e-02
1.043220043182373047e+01 3.238856253939706442e-02
1.132380008697509766e+01 4.544363726553399263e-02
1.133119964599609375e+01 1.932537899258996274e-03
1.136120033264160156e+01 4.447390501464316276e-02
1.137740039825439453e+01 1.055880704847976803e-01
1.138710021972656250e+01 1.365437164208623377e+00
1.138850021362304688e+01 3.395208875255966152e-01
1.139659976959228516e+01 1.272280033458349502e-01
1.140330028533935547e+01 9.650147705115647012e-02
1.140460014343261719e+01 3.526102728122909331e-04
1.145400047302246094e+01 3.468532635234530814e-01
1.146640014648437500e+01 1.490197060591552658e-01
1.146660041809082031e+01 3.621485077326604962e-01
1.148019981384277344e+01 1.747565724371602791e-01
1.148060035705566406e+01 7.441481421336569868e-01
1.148250007629394531e+01 1.973164030070775898e-01
1.151739978790283203e+01 4.283278437496325641e-01
1.152169990539550781e+01 1.401683152216476325e-02
1.156389999389648438e+01 3.107980609185356097e-02
1.156719970703125000e+01 7.783245251521671015e-01
1.157429981231689453e+01 4.161766370565707640e-01
1.157929992675781250e+01 1.650149344106759952e-01
1.157940006256103516e+01 4.146889167041102331e-01
1.157950019836425781e+01 5.548238920447799982e-01
1.158520030975341797e+01 3.572135942092621863e-02
1.159889984130859375e+01 3.259424058781349443e-01
1.161130046844482422e+01 2.749325491006463507e-01
1.161779975891113281e+01 5.295471423193958138e-01
1.162170028686523438e+01 2.584459065413254875e-01
1.163269996643066406e+01 4.460162124374191239e-01
1.163930034637451172e+01 1.073030664520879363e+00
1.164599990844726562e+01 7.540028161025473796e-01
1.165470027923583984e+01 6.833125015554689097e-02
1.167070007324218750e+01 5.489631124836855669e-01
1.167560005187988281e+01 6.819816958003303009e-01
1.167840003967285156e+01 2.084427739408732105e-01
1.168290042877197266e+01 7.432046493876216520e-01
1.168570041656494141e+01 2.971234144985885894e-01
1.170189952850341797e+01 4.190447134341505619e-01
1.171580028533935547e+01 1.036813404097767510e-01
