1.914929947815835476e-03 7.600760472079518548e-01
3.726009977981448174e-03 6.342286688616894930e-01
5.197999998927116394e-03 4.738462472055297026e-01
8.665399625897407532e-03 1.910728036380755945e+00
3.296089917421340942e-02 6.717140785261359603e-01
3.431029990315437317e-02 4.042008860348684229e-01
4.944499954581260681e-02 3.147079462200554067e-02
5.025520175695419312e-02 3.123386168394000517e+00
5.347310006618499756e-02 1.290953118255003140e+00
5.385430157184600830e-02 2.164298956267711294e+00
5.615429952740669250e-02 1.362191686579837357e+00
6.694889813661575317e-02 9.797952986600917402e-01
7.249350100755691528e-02 9.335969819888276788e-01
7.823660224676132202e-02 1.367247888994145510e+00
8.226930350065231323e-02 1.076061731349112760e+00
8.258490264415740967e-02 1.414072263716053657e+00
8.800510317087173462e-02 2.439452415955335185e-01
8.878540247678756714e-02 1.046539517019250964e-01
9.075360000133514404e-02 2.652514181685622363e-01
1.023550033569335938e-01 2.075664637524690548e+00
1.050909981131553650e-01 1.648705877905831896e+00
1.094250008463859558e-01 5.836381483197925629e-02
1.132719963788986206e-01 4.818671623067282139e-01
1.213729977607727051e-01 1.360981503612174182e-01
1.231930032372474670e-01 6.275491912459946198e-02
1.241770014166831970e-01 7.454173360454514619e-01
1.282929927110671997e-01 3.434080770981240427e-01
1.352539956569671631e-01 1.342417085438637248e+00
1.370300054550170898e-01 8.324357792131484857e-01
1.413840055465698242e-01 6.984297681258498924e-01
1.419710069894790649e-01 7.342199152276104868e-02
1.462759971618652344e-01 9.102810241932156321e-02
1.474570035934448242e-01 4.586859098012349700e-01
1.507689952850341797e-01 1.572535350120028985e-01
1.588889956474304199e-01 1.797106258871282169e-01
1.757220029830932617e-01 1.315044420028470551e-01
1.769510060548782349e-01 1.185973455669662391e+00
1.884309947490692139e-01 6.778052543109444050e-01
1.902199983596801758e-01 1.122285822193130611e-01
1.935440003871917725e-01 6.425231326392678577e-01
2.254689931869506836e-01 6.617912469408823162e-01
2.287310063838958740e-01 1.378499661517369024e+00
2.414319962263107300e-01 1.607534698664173367e-01
2.436700016260147095e-01 9.487856920866254429e-01
2.537510097026824951e-01 7.651850450149631777e-02
2.547399997711181641e-01 2.218150627090020421e+00
2.640919983386993408e-01 5.285668808758701154e-01
2.661890089511871338e-01 6.031542663221968192e-01
2.674520015716552734e-01 8.234491375043940797e-01
2.706950008869171143e-01 5.489736216841766686e-02
2.713170051574707031e-01 5.359494757017231603e-02
2.791799902915954590e-01 5.673435241508053561e-01
2.869369983673095703e-01 1.958070911930476499e-01
2.929770052433013916e-01 7.199260204615630723e-03
2.935029864311218262e-01 1.825959677899356981e-01
2.945019900798797607e-01 9.106737556302446635e-02
2.998610138893127441e-01 7.754370383767820174e-01
3.000310063362121582e-01 2.303514283468803547e-02
3.000580072402954102e-01 1.119421674634867581e-01
3.012700080871582031e-01 3.649918461988731905e-02
3.114449977874755859e-01 1.399247507421414738e-01
3.220509886741638184e-01 1.174827912687546050e-01
3.259150087833404541e-01 2.136261442942480326e-01
3.344689905643463135e-01 8.786029402506339014e-01
3.348189890384674072e-01 1.696865554309020530e-01
3.421730101108551025e-01 5.850014266357314030e-01
3.492510020732879639e-01 1.900854944587801465e-01
3.560400009155273438e-01 2.837772951467459892e-01
3.564870059490203857e-01 5.432942448454423923e-02
3.585889935493469238e-01 1.199520571879616054e-01
3.648450076580047607e-01 2.114327710529547572e-02
3.811979889869689941e-01 9.261380758393238377e-01
3.835040032863616943e-01 1.322042188887267156e-01
3.838750123977661133e-01 3.168456568600300227e-02
4.115380048751831055e-01 4.903670379377593203e-01
4.246790111064910889e-01 2.010648235837226294e-01
4.263510107994079590e-01 2.963199362838850326e-01
4.644669890403747559e-01 8.166883062705150575e-02
5.017439723014831543e-01 1.203823564655563810e-01
5.246359705924987793e-01 3.661732879401631818e-03
5.255699753761291504e-01 8.998796336889370862e-01
5.316420197486877441e-01 1.008492321607733222e-01
5.343359708786010742e-01 1.219450153199860554e-01
5.362280011177062988e-01 1.486998841210796507e-01
5.381410121917724609e-01 4.064234240414556915e-02
5.382710099220275879e-01 9.605302421644545258e-03
5.425840020179748535e-01 7.141326804157473174e-02
5.434340238571166992e-01 8.467268122920777740e-02
5.494769811630249023e-01 1.061194002690841326e-01
5.520139932632446289e-01 7.913395818446608554e-02
5.547189712524414062e-01 2.081543474381045145e-01
5.547609925270080566e-01 6.199203500526200006e-02
5.559210181236267090e-01 9.214838069149350330e-02
5.565329790115356445e-01 1.872125466849703657e-01
5.598880052566528320e-01 1.140447892511090300e-01
5.679000020027160645e-01 2.464808799100996067e-02
5.725079774856567383e-01 1.449381264894490928e-01
5.787839889526367188e-01 7.850136403764551574e-02
5.805799961090087891e-01 1.548530304339736929e-01
5.824040174484252930e-01 1.254062434191264945e-02
5.954350233078002930e-01 5.487233476113774489e-02
5.971490144729614258e-01 1.537590456128097860e-01
5.979980230331420898e-01 1.782701337248357443e-02
6.042500138282775879e-01 2.169892671897276012e-02
6.158779859542846680e-01 3.543165605332523893e-02
6.272940039634704590e-01 8.569288703662819584e-02
6.311470270156860352e-01 2.899100540447554358e-02
6.407560110092163086e-01 2.089087385140178388e-01
6.454920172691345215e-01 8.721799301617452760e-02
6.494820117950439453e-01 2.980912031767088063e-02
6.641319990158081055e-01 3.793574754579000230e-02
6.835650205612182617e-01 4.936302079703375895e-03
6.876369714736938477e-01 4.739993589294065612e-02
6.881589889526367188e-01 4.311486575578467317e-02
7.013639807701110840e-01 8.448133060618248646e-02
7.038180232048034668e-01 8.590398397047060985e-02
7.050780057907104492e-01 9.307653417727479450e-02
7.055159807205200195e-01 2.455246723752368271e-02
7.060869932174682617e-01 6.084361592885779296e-02
7.085369825363159180e-01 8.489902531544368802e-02
7.118309736251831055e-01 5.010100890371524396e-02
7.155979871749877930e-01 2.591290801449870271e-02
7.217990159988403320e-01 1.614576454737750438e-02
7.221519947052001953e-01 1.325840767284213184e-01
7.327349781990051270e-01 3.070171035905473744e-02
7.371540069580078125e-01 8.019719795316022914e-02
7.398369908332824707e-01 5.551564166360012376e-02
7.400619983673095703e-01 6.686050199295683061e-02
7.450919747352600098e-01 4.771276635553668710e-02
7.462030053138732910e-01 2.211695520236585388e-02
7.472599744796752930e-01 6.490918602647820224e-02
7.526450157165527344e-01 5.476173671440598412e-02
7.685949802398681641e-01 2.305660864326476989e-01
7.702289819717407227e-01 1.296178224971860360e-01
7.796279788017272949e-01 1.123616250281803258e-01
7.797390222549438477e-01 2.205981148303877426e-02
7.929580211639404297e-01 6.078006692026600294e-02
7.985849976539611816e-01 5.842992333624191098e-02
8.029789924621582031e-01 5.770355137952924707e-02
8.072180151939392090e-01 2.041411756277058259e-02
8.204669952392578125e-01 8.313629722130480570e-02
8.313249945640563965e-01 2.735828641083444535e-02
8.578479886054992676e-01 5.784965763920919823e-02
8.650760054588317871e-01 1.603471229301698386e-01
8.838080167770385742e-01 3.596307044719653789e-01
9.132909774780273438e-01 2.154791129181085341e-01
9.183109998703002930e-01 1.565874915003789489e-02
9.237890243530273438e-01 1.428935579481058760e-01
9.312430024147033691e-01 6.710450218062023742e-02
9.363080263137817383e-01 2.915727943681008932e-02
9.383429884910583496e-01 2.384472310195903666e-02
9.419379830360412598e-01 3.917772975420986958e-03
9.465000033378601074e-01 4.640132592872325823e-02
9.500340223312377930e-01 2.214162998114174719e-02
9.528449773788452148e-01 7.328682414803310008e-02
9.558609724044799805e-01 2.128342251430152265e-01
9.566199779510498047e-01 3.160329315002002870e-01
9.573500156402587891e-01 3.357556202150812491e-02
9.582620263099670410e-01 8.651988556969070210e-02
9.600780010223388672e-01 4.632064921188636109e-02
9.668620228767395020e-01 1.336545317743976224e-01
9.708560109138488770e-01 8.910602744595064184e-02
9.727479815483093262e-01 4.852000365832902923e-02
9.807329773902893066e-01 6.990381796703723505e-02
9.819329977035522461e-01 4.023256244749772587e-02
9.880499839782714844e-01 5.133550112245673092e-02
9.937430024147033691e-01 8.026801736812549937e-02
9.939020276069641113e-01 1.527578055348685106e-02
1.011940002441406250e+00 8.460976200244306467e-02
1.072710037231445312e+00 1.304690015101599154e-01
1.085690021514892578e+00 1.682383671693877258e-01
1.093369960784912109e+00 6.997083854372350420e-02
1.103449940681457520e+00 1.725703507994203467e-01
1.103839993476867676e+00 1.319735058974304265e-01
1.116680026054382324e+00 1.135944052148308986e-01
1.124889969825744629e+00 1.086894208268941453e-01
1.126799941062927246e+00 1.429160842098867457e-01
1.128800034523010254e+00 1.666282891461030591e-01
1.141340017318725586e+00 8.679985327510784943e-02
1.148409962654113770e+00 6.118457292631850758e-02
1.149330019950866699e+00 1.660943810044771263e-01
1.157050013542175293e+00 2.757918981469145159e-01
1.157199978828430176e+00 2.868899516965000077e-02
1.157770037651062012e+00 1.801656526193236574e-01
1.165490031242370605e+00 1.013243417323334700e-01
1.167060017585754395e+00 9.355800427976337930e-02
1.167889952659606934e+00 2.372959466721220878e-02
1.184599995613098145e+00 7.418643449720419003e-02
1.186059951782226562e+00 3.707134877158708899e-03
1.188480019569396973e+00 7.002930022194091275e-02
1.192049980163574219e+00 2.539750811771028169e-02
1.197600007057189941e+00 7.107706052123091700e-01
1.199090003967285156e+00 9.102535153676589996e-02
1.199869990348815918e+00 1.100473316653985678e-01
1.202679991722106934e+00 2.906075898395259552e-02
1.204660058021545410e+00 8.696351417617802226e-02
1.207080006599426270e+00 3.204648217451541020e-02
1.211089968681335449e+00 1.051543142196180031e-01
1.214059948921203613e+00 6.694970442916567399e-02
1.221449971199035645e+00 5.867462955336547048e-02
1.223700046539306641e+00 4.889423599284955374e-02
1.229509949684143066e+00 1.579288409958230499e-01
1.259320020675659180e+00 5.924013352072220878e-02
1.270480036735534668e+00 6.503247014657096425e-01
1.272259950637817383e+00 2.915154206316861174e-02
1.294919967651367188e+00 7.295283189590015538e-02
1.297760009765625000e+00 7.279445718769109175e-02
1.302119970321655273e+00 7.285366450313593423e-02
1.302579998970031738e+00 4.690088120896064583e-02
1.306089997291564941e+00 1.213796884910076646e-01
1.310050010681152344e+00 6.422031153994106623e-02
1.310459971427917480e+00 5.959204378083457487e-02
1.318940043449401855e+00 2.389358125202830155e-02
1.321030020713806152e+00 3.560866238890379037e-02
1.321470022201538086e+00 1.303860226840335423e-01
1.322729945182800293e+00 2.153772109255546255e-02
1.323320031166076660e+00 9.094017298283607609e-02
1.342689990997314453e+00 1.813882051212246105e-01
1.345000028610229492e+00 4.846937826408960481e-02
1.346809983253479004e+00 3.025538067600856695e-02
1.348639965057373047e+00 9.759729108380069129e-02
1.352329969406127930e+00 2.252238357147250680e-01
1.354009985923767090e+00 2.323618166628520221e-01
1.357470035552978516e+00 4.610527093060293180e-02
1.360339999198913574e+00 1.444900323145614229e-01
1.365859985351562500e+00 1.215452153725488441e-02
1.366559982299804688e+00 3.656334034864860277e-02
1.375980019569396973e+00 1.338059693039298503e-01
1.383810043334960938e+00 1.106898825271238063e-02
1.397369980812072754e+00 6.837830943932010630e-01
1.397920012474060059e+00 1.184220060478658465e-01
1.409330010414123535e+00 2.060306321127733098e-01
1.414780020713806152e+00 1.004909777112978214e-01
1.419630050659179688e+00 7.639754465060179245e-02
1.433699965476989746e+00 7.258050735049045854e-02
1.434550046920776367e+00 7.945134600011766191e-02
1.443879961967468262e+00 1.742151906020758534e-01
1.492179989814758301e+00 6.604462619754278840e-01
1.498950004577636719e+00 6.754997504895605964e-02
1.513640046119689941e+00 7.821736198396901651e-02
1.524930000305175781e+00 3.215662041260305415e-01
1.525500059127807617e+00 1.733898747141590299e-02
1.532349944114685059e+00 2.037692347305069540e-01
1.532629966735839844e+00 1.451070700748858522e-01
1.533249974250793457e+00 7.540317360504902866e-02
1.538359999656677246e+00 4.317950890766161787e-02
1.539860010147094727e+00 1.066667332725067252e-01
1.555940032005310059e+00 2.044478441091266419e-01
1.556759953498840332e+00 1.487426243510709886e-02
1.557319998741149902e+00 1.010958809892632676e-01
1.563539981842041016e+00 7.691780311928107794e-02
1.563560009002685547e+00 6.868763268383297482e-02
1.571609973907470703e+00 2.169358367403999011e-01
1.573529958724975586e+00 1.281100487145831468e-01
1.574830055236816406e+00 1.345393122539098422e-02
1.575160026550292969e+00 2.295954253331951300e-02
1.576439976692199707e+00 5.838333221773280013e-02
1.578850030899047852e+00 5.923374061065025259e-02
1.584830045700073242e+00 1.050067515135131024e-01
1.587890028953552246e+00 2.215329523699999942e-02
1.605280041694641113e+00 9.869222594463743226e-02
1.664780020713806152e+00 1.083772089798022420e-01
1.672780036926269531e+00 7.798541397935324082e-02
1.677839994430541992e+00 1.036784857524564035e-01
1.682330012321472168e+00 4.830779891290101768e-02
1.704139947891235352e+00 1.447084943613979359e-02
1.711689949035644531e+00 2.023259854920212153e-01
1.711850047111511230e+00 5.282226623547643662e-02
1.715469956398010254e+00 4.024259756288230822e-02
1.717650055885314941e+00 5.547294591939324476e-02
1.717700004577636719e+00 6.903527958794261621e-02
1.729660034179687500e+00 1.978187879189396148e-01
1.738929986953735352e+00 4.628819617690355798e-02
1.741389989852905273e+00 1.325985086614991926e-01
1.751109957695007324e+00 7.209553732053533559e-02
1.767779946327209473e+00 8.908192169751237566e-02
1.774479985237121582e+00 6.162225474972617134e-02
1.775500059127807617e+00 3.699512779632240650e-02
1.776069998741149902e+00 5.176821725551109671e-02
1.776950001716613770e+00 1.306962330494623181e-01
1.780269980430603027e+00 1.016181188726660717e-01
1.780789971351623535e+00 8.456670240919340886e-02
1.780990004539489746e+00 8.031360345978472148e-02
1.782240033149719238e+00 4.188247146201681814e-02
1.783540010452270508e+00 5.793307247864191989e-02
1.786829948425292969e+00 6.723909720589639483e-02
1.789209961891174316e+00 1.163011238939541808e-01
1.789479970932006836e+00 1.711006829195033385e-01
1.793820023536682129e+00 6.103994809895958024e-02
1.800539970397949219e+00 5.692745194728873748e-02
1.809859991073608398e+00 8.970780855833965228e-02
1.810610055923461914e+00 7.804689373144954589e-02
1.814069986343383789e+00 5.597641284135803502e-02
1.816020011901855469e+00 3.561982396276724278e-02
1.825039982795715332e+00 9.621322234046944533e-02
1.839079976081848145e+00 8.661897297471206347e-02
1.868469953536987305e+00 5.913286669213094204e-02
1.873389959335327148e+00 2.672079945947795909e-02
1.875749945640563965e+00 1.811724568287893244e-01
1.890020012855529785e+00 1.015721558273475489e-01
1.894289970397949219e+00 1.472944683364037777e-01
1.895699977874755859e+00 4.095154070892869508e-02
1.897070050239562988e+00 3.961753844950659936e-02
1.899199962615966797e+00 1.227605808074495458e-01
1.899219989776611328e+00 5.988887078898356281e-02
1.906749963760375977e+00 1.064887177902891086e-01
1.907619953155517578e+00 2.282007108951855309e-02
1.910640001296997070e+00 6.427254333040514911e-02
1.915629982948303223e+00 3.940282219256100588e-02
1.915920019149780273e+00 2.002512733983539406e-01
1.917709946632385254e+00 6.413533806102922341e-02
1.920670032501220703e+00 1.532943683086702147e-01
1.929499983787536621e+00 6.052573962998255425e-02
1.931210041046142578e+00 4.791777945217214063e-02
1.932260036468505859e+00 1.390626651991460350e-01
1.932770013809204102e+00 9.355769126406544844e-02
1.933889985084533691e+00 3.473344724411070450e-02
1.938820004463195801e+00 2.111607450777468475e-01
1.950070023536682129e+00 1.009278640886169254e-01
1.955450057983398438e+00 1.419775301504905274e-01
1.957679986953735352e+00 1.179323310795095808e-01
1.958889961242675781e+00 5.973836130348439410e-02
1.959869980812072754e+00 6.015576454285803676e-02
1.973459959030151367e+00 3.224819314520985802e-01
1.993270039558410645e+00 2.972822134049183870e-02
1.996770024299621582e+00 1.801901103739503018e-01
1.997390031814575195e+00 6.785501026641591049e-02
2.013720035552978516e+00 1.132644812930267003e-01
2.020920038223266602e+00 3.911255017401053108e-02
2.080499887466430664e+00 2.344612744542391020e-02
2.082710027694702148e+00 1.378362740493779548e-01
2.088089942932128906e+00 3.043821688771068401e-01
2.088310003280639648e+00 1.349972883300588067e-01
2.096420049667358398e+00 4.226232923337463337e-02
2.096509933471679688e+00 5.728100342803339740e-02
2.116940021514892578e+00 8.266243173925374998e-02
2.118160009384155273e+00 5.264821417192735303e-02
2.118779897689819336e+00 5.387565271277661161e-02
2.121520042419433594e+00 1.034765341601539823e-01
2.121750116348266602e+00 9.837981022914583928e-02
2.130320072174072266e+00 8.873119093000508828e-03
2.133510112762451172e+00 6.866786784580963809e-02
2.134799957275390625e+00 5.749817506603593920e-02
2.136209964752197266e+00 9.596371012880508533e-02
2.139830112457275391e+00 3.559524033380555286e-02
2.144129991531372070e+00 8.283141820465782235e-02
2.149859905242919922e+00 3.022181101178253448e-01
2.151799917221069336e+00 2.715537018942389413e-01
2.157330036163330078e+00 5.572604136095313937e-02
2.161580085754394531e+00 6.358963989416187290e-02
2.162800073623657227e+00 4.944827264801672506e-02
2.164210081100463867e+00 3.734858710908254414e-02
2.165699958801269531e+00 1.545161930801284556e-01
2.195800065994262695e+00 5.755796677577532661e-01
2.223959922790527344e+00 1.293565706034539575e-01
2.243030071258544922e+00 1.158595256470443119e-01
2.265880107879638672e+00 2.243461364485367648e-01
2.276969909667968750e+00 1.032957868893065317e-01
2.283349990844726562e+00 3.589411684773000100e-01
2.293349981307983398e+00 1.410797239249986512e-01
2.296590089797973633e+00 1.076057847391658773e-01
2.302119970321655273e+00 1.329080507143923506e-01
2.305350065231323242e+00 4.289025639981426385e-01
2.306370019912719727e+00 1.473872839892084730e-01
2.309999942779541016e+00 1.151695400385246565e-01
2.329809904098510742e+00 6.993262916638506854e-02
2.330140113830566406e+00 4.409234087499382809e-02
2.332649946212768555e+00 1.410341686497698921e-01
2.338890075683593750e+00 8.007185968419654187e-02
2.339190006256103516e+00 3.025208451317929620e-02
2.339649915695190430e+00 3.401366590161355313e-02
2.343420028686523438e+00 8.570518962462341656e-03
2.348249912261962891e+00 2.166323620932308347e-01
2.350270032882690430e+00 6.394867568036718963e-02
2.353389978408813477e+00 6.901698686458015986e-02
2.359280109405517578e+00 2.250366545779987695e-02
2.359889984130859375e+00 1.671038362247726783e-01
2.360130071640014648e+00 1.006435732900297225e-01
2.360359907150268555e+00 1.330155044089612604e-01
2.361530065536499023e+00 1.663746953639132220e-01
2.364599943161010742e+00 3.675978895275660435e-02
2.367259979248046875e+00 7.851158365938644412e-02
2.377540111541748047e+00 4.550513143502626923e-02
2.392309904098510742e+00 1.987317186936975177e-02
2.405689954757690430e+00 5.221614099009329324e-02
2.417550086975097656e+00 4.735527654861028390e-02
2.417769908905029297e+00 6.509836585891812244e-02
2.423850059509277344e+00 7.218305833312235742e-02
2.448149919509887695e+00 8.589993407157166250e-02
2.448499917984008789e+00 6.899929653193719037e-02
2.454129934310913086e+00 5.108076169144006723e-02
2.456779956817626953e+00 2.038322802210437018e-02
2.457340002059936523e+00 2.465391363263683480e-02
2.470570087432861328e+00 3.475344745671363755e-01
2.471139907836914062e+00 7.534936701271463533e-02
2.474879980087280273e+00 2.337193039230302805e-01
2.475120067596435547e+00 1.032903171378330709e-01
2.489909887313842773e+00 7.555422418248440575e-02
2.492680072784423828e+00 2.142798740068055652e-01
2.493200063705444336e+00 3.313871036964573247e-03
2.496079921722412109e+00 3.880210781679614696e-02
2.496109962463378906e+00 1.488151011776987082e-02
2.509219884872436523e+00 1.417802586812436649e-01
2.509870052337646484e+00 1.979294675401710446e-02
2.512180089950561523e+00 5.369508941152038167e-02
2.514489889144897461e+00 2.870811587026324968e-02
2.514810085296630859e+00 1.081675435140578151e-01
2.519720077514648438e+00 4.774363249344289878e-02
2.522119998931884766e+00 8.609496668823109211e-02
2.525990009307861328e+00 4.839177780513750221e-02
2.526289939880371094e+00 3.112566066371409007e-02
2.531810045242309570e+00 1.412097836445403744e-02
2.541310071945190430e+00 3.256895510283878137e-01
2.563910007476806641e+00 4.319346937455599555e-02
2.565360069274902344e+00 2.601629303050827582e-02
2.589109897613525391e+00 1.055828946069509340e-02
2.594660043716430664e+00 1.062237026723796690e-01
2.597779989242553711e+00 1.342021125933572645e-01
2.606400012969970703e+00 2.448364312543857557e-01
2.612720012664794922e+00 1.507507052106693834e-01
2.616820096969604492e+00 8.684835336916382764e-02
2.632070064544677734e+00 9.326173449183811082e-02
2.657680034637451172e+00 1.115052506201028026e-01
2.662169933319091797e+00 5.509125663148628504e-02
2.681289911270141602e+00 4.003523090534002321e-02
2.683959960937500000e+00 6.222731096202310797e-02
2.687890052795410156e+00 2.448692548719348661e-02
2.690740108489990234e+00 4.252056691294028162e-02
2.694250106811523438e+00 2.583561646629131681e-01
2.704230070114135742e+00 8.857419202274738335e-02
2.708400011062622070e+00 1.110120858290092154e-02
2.709389925003051758e+00 8.761622153122597401e-02
2.711970090866088867e+00 6.276223337138689407e-02
2.715450048446655273e+00 9.573215914363163437e-01
2.716140031814575195e+00 9.946564993880459282e-02
2.718569993972778320e+00 8.593198308813804198e-02
2.719259977340698242e+00 1.874864065673722546e-01
2.721230030059814453e+00 5.853476198654356671e-02
2.721499919891357422e+00 1.713359161796333685e-01
2.723880052566528320e+00 1.772598170414643459e-01
2.736749887466430664e+00 2.667292853579019685e-01
2.742130041122436523e+00 1.021775997601862274e-01
2.744729995727539062e+00 3.612792282904331992e-02
2.745229959487915039e+00 4.266142873382541140e-02
2.750169992446899414e+00 4.018824426124673055e-02
2.827929973602294922e+00 6.556987417595493139e-02
2.841520071029663086e+00 2.030934533993989932e-01
2.849139928817749023e+00 3.550812347373557415e-02
2.855950117111206055e+00 5.383882785534337412e-01
2.865240097045898438e+00 2.394679241611645179e-02
2.870939970016479492e+00 3.741273738547887945e-02
2.871599912643432617e+00 5.418247279347129103e-02
2.881170034408569336e+00 7.409382061244944306e-02
2.888269901275634766e+00 6.809567528021646943e-02
2.896430015563964844e+00 3.762645321751446198e-02
2.897160053253173828e+00 1.410231976324820280e-01
2.909389972686767578e+00 2.120794942734826050e-01
2.916970014572143555e+00 1.015748207332041290e-02
2.918839931488037109e+00 7.558644118267265899e-02
2.924350023269653320e+00 5.282338410491062286e-02
2.924659967422485352e+00 6.132088408794322820e-02
2.925640106201171875e+00 3.163787503420813219e-02
2.926110029220581055e+00 1.587209381179822965e-02
2.930999994277954102e+00 3.022316940839937793e-02
2.932600021362304688e+00 5.134296719408997650e-02
2.936399936676025391e+00 4.545328889025219282e-02
2.937700033187866211e+00 2.183166122347264884e-02
2.938280105590820312e+00 2.956383165926217138e-02
2.941639900207519531e+00 1.057506804501201908e-01
2.942509889602661133e+00 9.058727080815837454e-03
2.944420099258422852e+00 2.944362346234265931e-02
2.949290037155151367e+00 3.163704084931869692e-02
2.951869964599609375e+00 3.398575727077838421e-02
2.952929973602294922e+00 1.205270041230376531e-02
2.956300020217895508e+00 9.435248163130138810e-02
2.960259914398193359e+00 5.646454424741943756e-02
2.966279983520507812e+00 3.761998990364655987e-02
2.980000019073486328e+00 5.052219391760694178e-02
2.980720043182373047e+00 1.246187767672683883e-01
3.025969982147216797e+00 1.167462231878667878e-01
3.027509927749633789e+00 3.560819768399124674e-02
3.032160043716430664e+00 8.967990084383543892e-03
3.038000106811523438e+00 4.203517253200115406e-02
3.051399946212768555e+00 3.029190121851388709e-02
3.057480096817016602e+00 8.484854933499201557e-02
3.058559894561767578e+00 7.899734421259692330e-02
3.061209917068481445e+00 6.691334626559659882e-02
3.063760042190551758e+00 7.640050653070522280e-02
3.075350046157836914e+00 3.350554777833997244e-02
3.077569961547851562e+00 4.992056923774812471e-02
3.078749895095825195e+00 2.485907165870820251e-02
3.079360008239746094e+00 1.087704607305840510e-01
3.089279890060424805e+00 4.853616377487041805e-02
3.098570108413696289e+00 4.190213866646932267e-02
3.098659992218017578e+00 2.637838072360473851e-01
3.099139928817749023e+00 1.183596605936090146e-02
3.100670099258422852e+00 4.915500570001962721e-02
3.101670026779174805e+00 5.730409411131433262e-02
3.102040052413940430e+00 3.760391114150280628e-02
3.103179931640625000e+00 1.608345212528941581e-02
3.104680061340332031e+00 5.058104353450124796e-02
3.106270074844360352e+00 4.822935696973488368e-02
3.111949920654296875e+00 1.998075018715800982e-02
3.117199897766113281e+00 1.683576901258613534e-01
3.134530067443847656e+00 1.795739526533898234e-01
3.147429943084716797e+00 6.248521938640524964e-02
3.148679971694946289e+00 4.212706688753938694e-02
3.149699926376342773e+00 6.892362809667715307e-02
3.159770011901855469e+00 1.536920911969137382e-01
3.177299976348876953e+00 4.114643953099338114e-02
3.186619997024536133e+00 7.401245594624752955e-02
3.205480098724365234e+00 5.747515838800247578e-02
3.213089942932128906e+00 2.176423478244061405e-01
3.262029886245727539e+00 8.950594260341154795e-02
3.270329952239990234e+00 2.937437056663524948e-02
3.276700019836425781e+00 3.009728395649477473e-02
3.277149915695190430e+00 1.759254133446233048e-01
3.285229921340942383e+00 2.008910803374346910e-01
3.290080070495605469e+00 6.087127883295140318e-02
3.292530059814453125e+00 7.659681112816424386e-02
3.293790102005004883e+00 2.047317472276287062e-02
3.294729948043823242e+00 7.950259182301462613e-02
3.296260118484497070e+00 1.688616228057893964e-01
3.301209926605224609e+00 9.635371161188903411e-02
3.302550077438354492e+00 4.835095431310808267e-02
3.303410053253173828e+00 1.768796091403724291e-01
3.303910017013549805e+00 1.431670833340241145e-01
3.303930044174194336e+00 3.779668833256841914e-02
3.307260036468505859e+00 1.320227587400840119e-01
3.309269905090332031e+00 1.603321601229154014e-01
3.310240030288696289e+00 2.166682534950886141e-01
3.318059921264648438e+00 5.735037021562230941e-02
3.318269968032836914e+00 2.826751795193897104e-02
3.320450067520141602e+00 1.313875783456805967e-02
3.332329988479614258e+00 5.836292180548703357e-01
3.346299886703491211e+00 7.895342148603855248e-02
3.356509923934936523e+00 6.644001463124789286e-02
3.385420083999633789e+00 1.372772004288992376e-01
3.419689893722534180e+00 2.200393812157056539e-01
3.427570104598999023e+00 8.165312510193183104e-02
3.462990045547485352e+00 9.264159294973323133e-02
3.464250087738037109e+00 1.006718291802981835e-01
3.481179952621459961e+00 1.980671163585897843e-01
3.483230113983154297e+00 7.833128440264819359e-02
3.483609914779663086e+00 7.093728231747437052e-02
3.484460115432739258e+00 7.408957397372198384e-02
3.485430002212524414e+00 1.382825105409885014e-01
3.494400024414062500e+00 1.469444530485549960e-01
3.498199939727783203e+00 1.992174417289045429e-01
3.499350070953369141e+00 4.808101988912595603e-02
3.499449968338012695e+00 5.162850947465678908e-02
3.500869989395141602e+00 6.237203167122332831e-02
3.508049964904785156e+00 6.011666451595074068e-02
3.511929988861083984e+00 7.389411293386916046e-01
3.513489961624145508e+00 7.384284221224281242e-02
3.516149997711181641e+00 9.757609299054685603e-02
3.519279956817626953e+00 5.326487255050180170e-02
3.521749973297119141e+00 5.911754778839849178e-02
3.523400068283081055e+00 1.376391132686384522e-01
3.527379989624023438e+00 3.926411228841712731e-02
3.528929948806762695e+00 3.413175091151052915e-02
3.531650066375732422e+00 7.797461251745954267e-03
3.536149978637695312e+00 4.937543942639106842e-02
3.539710044860839844e+00 3.694619663433068579e-02
3.540290117263793945e+00 2.018889757177326216e-01
3.541219949722290039e+00 5.269515893941562057e-02
3.543809890747070312e+00 9.064127858152479233e-02
3.546960115432739258e+00 9.149437192243856098e-03
3.556570053100585938e+00 1.127717088419304819e-01
3.570050001144409180e+00 4.100248389053302855e-02
3.618799924850463867e+00 1.556143279453781891e-01
3.629780054092407227e+00 2.716306440571656516e-02
3.629849910736083984e+00 5.054771354810461831e-02
3.631599903106689453e+00 1.401499493408122909e-01
3.634540081024169922e+00 1.225059866590504920e-01
3.634939908981323242e+00 4.373381881678241323e-02
3.637140035629272461e+00 2.430127930116657287e-02
3.644469976425170898e+00 2.474040669907034279e-02
3.645450115203857422e+00 6.746131892644094408e-02
3.649260044097900391e+00 9.040182194947794792e-02
3.650700092315673828e+00 4.307971101373025968e-02
3.651639938354492188e+00 8.756408173736278389e-02
3.657860040664672852e+00 5.543262189660164846e-02
3.664380073547363281e+00 7.467391225402846000e-02
3.665290117263793945e+00 6.748127627863353961e-02
3.669379949569702148e+00 1.159186457663224784e-01
3.671649932861328125e+00 8.680436033596149875e-03
3.676379919052124023e+00 1.264708178028495500e-01
3.679790019989013672e+00 5.315334445778329558e-02
3.686379909515380859e+00 2.037924547286561194e-01
3.689719915390014648e+00 1.640711579603029019e-02
3.692770004272460938e+00 6.906418541398641475e-02
3.699970006942749023e+00 1.322477813973466920e-01
3.705559968948364258e+00 8.926627594668080923e-02
3.709059953689575195e+00 6.579773783986038460e-02
3.713870048522949219e+00 5.653640041477257794e-02
3.715029954910278320e+00 2.094527278116836699e-01
3.720849990844726562e+00 1.622434175130722800e-01
3.734169960021972656e+00 6.657388176241478203e-03
3.747139930725097656e+00 6.375786486628066962e-02
3.751389980316162109e+00 6.067473647634030742e-02
3.754990100860595703e+00 4.740269645154542022e-02
3.758169889450073242e+00 1.089550631317582896e-01
3.792589902877807617e+00 6.199066412982030816e-02
3.801470041275024414e+00 1.259054362987798437e-01
3.825370073318481445e+00 1.038888184103114593e-01
3.826719999313354492e+00 2.965035920455531826e-02
3.845309972763061523e+00 5.107542555715612748e-02
3.857389926910400391e+00 7.187536019205773008e-02
3.859620094299316406e+00 4.618138526242841768e-02
3.860320091247558594e+00 1.451342182423465133e-01
3.861269950866699219e+00 1.079291841043465150e-01
3.866080045700073242e+00 8.487372276203319910e-02
3.870990037918090820e+00 1.316331023370013453e-01
3.875400066375732422e+00 8.565138639685596078e-02
3.880039930343627930e+00 1.578020782515027198e-01
3.882999897003173828e+00 5.024019969019822424e-02
3.883780002593994141e+00 7.136850224581282875e-02
3.884099960327148438e+00 6.743099143937075768e-02
3.893300056457519531e+00 5.896973540741732439e-03
3.899430036544799805e+00 4.635022618527859933e-02
3.899689912796020508e+00 4.218083655390045261e-02
3.903100013732910156e+00 6.117176715675310544e-02
3.904750108718872070e+00 2.791391772392190149e-02
3.916009902954101562e+00 2.555690984421785106e-02
3.919559955596923828e+00 9.013840256179303512e-02
3.932770013809204102e+00 1.406464342897896513e-01
3.952939987182617188e+00 1.439273457409602774e-01
3.952980041503906250e+00 9.762657193237483932e-02
3.998080015182495117e+00 1.286168772559187490e-01
4.013810157775878906e+00 1.272369187502694066e-01
4.017640113830566406e+00 1.500099015955176640e-01
4.023270130157470703e+00 7.982024234916954009e-02
4.043290138244628906e+00 7.018778240472288432e-02
4.046080112457275391e+00 7.162445722695603978e-02
4.048960208892822266e+00 2.818196856748610979e-01
4.054049968719482422e+00 5.020514776440739707e-02
4.072720050811767578e+00 1.076381836923713115e-01
4.075220108032226562e+00 8.221100170221987136e-02
4.078299999237060547e+00 1.474111271072784113e-01
4.081079959869384766e+00 4.572444000450100188e-02
4.084370136260986328e+00 1.214333615253324408e-02
4.088749885559082031e+00 1.125665155460660039e-01
4.091680049896240234e+00 1.844252006679407072e-02
4.097410202026367188e+00 2.955088050723403414e-02
4.102159976959228516e+00 2.754457572294179146e-02
4.103370189666748047e+00 7.281071044135180304e-02
4.104000091552734375e+00 7.901812185794138133e-02
4.110599994659423828e+00 6.927633595147776602e-02
4.111040115356445312e+00 2.910620143289239375e-02
4.112840175628662109e+00 8.217833825859836155e-03
4.113679885864257812e+00 7.516549387642555702e-02
4.116330146789550781e+00 2.323092234640037126e-02
4.120930194854736328e+00 2.395324082325296991e-02
4.123819828033447266e+00 5.335747376916757934e-02
4.129819869995117188e+00 3.819155100286508731e-02
4.130219936370849609e+00 1.381032163347325481e-01
4.141419887542724609e+00 1.008089532649241310e-01
4.147200107574462891e+00 2.763328982775727360e-01
4.149059772491455078e+00 7.873247894794824231e-02
4.153389930725097656e+00 1.072039592980990469e-01
4.169010162353515625e+00 1.179073944156299319e-01
4.171939849853515625e+00 2.592802823750534058e-02
4.199130058288574219e+00 1.590139186979898714e-02
4.203999996185302734e+00 5.562097266077971336e-02
4.219029903411865234e+00 3.607399954181358948e-02
4.233570098876953125e+00 1.371178847883907648e-01
4.233930110931396484e+00 9.015039903101608465e-02
4.234960079193115234e+00 1.930938700418630832e-02
4.239480018615722656e+00 6.451472281949584275e-02
4.244520187377929688e+00 1.426296126439129397e-01
4.246069908142089844e+00 5.806715721047832346e-02
4.251550197601318359e+00 7.805458600777608058e-02
4.255750179290771484e+00 1.355932288286059578e-02
4.257750034332275391e+00 1.080771441073034439e-01
4.264760017395019531e+00 3.194411719473276567e-02
4.266620159149169922e+00 1.170152446573369948e-01
4.269889831542968750e+00 8.199514125560391706e-03
4.272799968719482422e+00 7.042419496149306124e-02
4.273719787597656250e+00 6.149690378902449017e-02
4.274509906768798828e+00 5.704532258099309638e-02
4.275740146636962891e+00 7.675075763769519110e-02
4.276500225067138672e+00 1.114736040501283360e-01
4.278200149536132812e+00 5.664267043107253097e-02
4.278289794921875000e+00 9.838281629769529690e-02
4.279530048370361328e+00 2.367662708519000792e-01
4.287189960479736328e+00 1.281828854544620477e-01
4.301680088043212891e+00 2.434738252249506879e-02
4.317770004272460938e+00 8.651884902129963750e-02
4.322000026702880859e+00 1.029204234642558252e-01
4.326000213623046875e+00 1.018850995429746442e-01
4.342179775238037109e+00 2.196708384576855910e-01
4.348269939422607422e+00 5.295659292439401644e-02
4.351210117340087891e+00 2.164727318823981561e-01
4.357460021972656250e+00 7.258650362715296511e-02
4.362289905548095703e+00 9.588463392727389345e-02
4.382430076599121094e+00 1.552418276607166192e-01
4.440849781036376953e+00 9.324403687597272727e-02
4.450459957122802734e+00 6.581625109057660794e-02
4.450699806213378906e+00 6.334755195062909128e-02
4.451169967651367188e+00 8.440089961114012607e-02
4.452849864959716797e+00 9.945460298093440621e-02
4.453120231628417969e+00 7.980465278847628796e-02
4.458139896392822266e+00 4.157691201158804362e-02
4.459000110626220703e+00 1.236795651843043270e-01
4.461420059204101562e+00 3.885828789705385033e-01
4.466629981994628906e+00 6.231384170276946244e-02
4.466859817504882812e+00 6.656208181169108451e-02
4.476329803466796875e+00 3.119761281140511974e-02
4.478179931640625000e+00 4.613124446622422076e-02
4.481160163879394531e+00 1.057492401076661898e-01
4.481190204620361328e+00 3.063133827818410523e-02
4.482709884643554688e+00 4.065494133446911351e-01
4.490260124206542969e+00 2.126977367061229640e-01
4.497340202331542969e+00 2.680879319867747121e-02
4.499820232391357422e+00 3.756514226395188394e-02
4.504570007324218750e+00 7.471799080845353824e-02
4.510590076446533203e+00 2.144130158559144905e-01
4.513020038604736328e+00 1.392768830240133093e-01
4.513599872589111328e+00 1.011542031379081275e-01
4.541090011596679688e+00 7.469260760205502503e-02
4.598800182342529297e+00 7.787369321185727555e-02
4.599559783935546875e+00 2.058490585015939067e-01
4.605969905853271484e+00 4.783137087355843198e-02
4.606369972229003906e+00 4.742184814741962767e-02
4.610099792480468750e+00 2.115057469452201466e-02
4.628590106964111328e+00 5.430142030569071881e-02
4.645289897918701172e+00 1.139320712066927144e-01
4.649189949035644531e+00 6.578854000571877046e-03
4.658659934997558594e+00 4.085811018390576588e-01
4.661829948425292969e+00 9.016742094343552227e-02
4.676020145416259766e+00 9.944151078430796264e-02
4.677770137786865234e+00 1.584519404151887509e-02
4.679399967193603516e+00 1.492691889306954067e-01
4.679780006408691406e+00 3.094440985283912829e-02
4.683030128479003906e+00 6.709487018340497266e-02
4.688300132751464844e+00 2.952732511028408405e-02
4.689370155334472656e+00 1.713955742234174462e-01
4.691780090332031250e+00 3.159788137962405569e-02
4.692470073699951172e+00 5.210426834023517556e-02
4.695759773254394531e+00 4.677449771046899435e-02
4.698209762573242188e+00 5.560367333540913032e-02
4.705500125885009766e+00 4.231080837619015378e-02
4.706280231475830078e+00 9.213611741503374697e-02
4.710700035095214844e+00 1.604137621939082381e-01
4.710720062255859375e+00 3.201031422352155348e-02
4.711619853973388672e+00 2.413706481505620283e-02
4.717380046844482422e+00 6.779343610375519746e-02
4.728769779205322266e+00 2.027634087733682505e-02
4.730050086975097656e+00 7.379001780373467545e-02
4.737040042877197266e+00 6.574815340774942118e-02
4.743859767913818359e+00 5.544033144005536956e-02
4.743899822235107422e+00 1.702273205271832290e-01
4.748779773712158203e+00 1.453432902964642004e-01
4.758910179138183594e+00 7.892584484750084228e-02
4.784520149230957031e+00 2.667354271492274054e-02
4.786709785461425781e+00 7.608391156875873862e-02
4.791259765625000000e+00 7.282407395251942750e-02
4.807179927825927734e+00 1.442870351595537670e-01
4.808539867401123047e+00 1.462063414907526504e-01
4.815400123596191406e+00 6.359177289836770441e-02
4.825260162353515625e+00 4.925490158909942573e-02
4.832230091094970703e+00 1.313527722124935571e-01
4.835939884185791016e+00 1.891727279676359841e-01
4.839220046997070312e+00 5.256058742839175846e-02
4.839540004730224609e+00 3.717416473101736035e-02
4.841869831085205078e+00 9.742077988482433781e-02
4.843939781188964844e+00 3.425819062518450225e-02
4.846730232238769531e+00 1.059876850331868507e-02
4.853569984436035156e+00 1.379294497748913273e-02
4.854720115661621094e+00 2.914882574515563138e-02
4.859739780426025391e+00 1.447055366918488864e-02
4.860079765319824219e+00 3.192596332882252641e-02
4.860519886016845703e+00 6.564590504932588111e-02
4.863480091094970703e+00 7.662064486517537742e-02
4.868859767913818359e+00 3.086627013421050850e-02
4.870790004730224609e+00 9.081970536341614497e-02
4.871280193328857422e+00 2.165230655240735907e-02
4.878190040588378906e+00 6.979094787753006845e-02
4.878880023956298828e+00 3.622951008074895562e-02
4.884729862213134766e+00 1.661678528496233764e-01
4.899580001831054688e+00 7.805220197304088559e-02
4.900050163269042969e+00 5.326067297875562712e-02
4.906829833984375000e+00 1.281552937350451671e-01
4.923180103302001953e+00 2.022685551361800421e-02
4.929480075836181641e+00 2.092542473759157473e-01
4.935609817504882812e+00 4.295132846480699540e-02
4.939559936523437500e+00 1.288176669311463240e-01
4.962080001831054688e+00 1.086101697991016801e-01
5.028749942779541016e+00 9.075323162582346614e-02
5.029099941253662109e+00 3.098233793028012245e-02
5.040460109710693359e+00 1.544103998770486874e-01
5.041840076446533203e+00 1.588664691538396734e-01
5.042870044708251953e+00 5.752696358290638329e-02
5.048299789428710938e+00 7.599773388198863278e-02
5.052840232849121094e+00 4.845260858588341241e-02
5.054090023040771484e+00 5.759125357117971834e-03
5.057990074157714844e+00 2.440820519403010674e-02
5.058380126953125000e+00 3.370654698994730858e-02
5.071650028228759766e+00 8.147871107410799285e-02
5.071740150451660156e+00 7.809271473959514265e-02
5.079609870910644531e+00 3.510867584644267181e-02
5.080550193786621094e+00 9.751786154278509200e-02
5.081099987030029297e+00 6.129147863385905198e-02
5.089719772338867188e+00 5.457247284985258101e-02
5.095940113067626953e+00 6.378247311228368854e-02
5.104929924011230469e+00 3.501753733917986611e-02
5.108339786529541016e+00 3.237006674730663058e-01
5.110000133514404297e+00 1.249896849335907362e-01
5.112130165100097656e+00 1.560769355563989547e-01
5.112150192260742188e+00 9.780264288056079308e-03
5.114079952239990234e+00 1.013401678485892216e-01
5.118820190429687500e+00 1.061845477091558354e-01
5.179580211639404297e+00 1.593383942473279025e-01
5.185530185699462891e+00 6.359323837666114310e-02
5.197659969329833984e+00 1.114483230372241562e-01
5.199790000915527344e+00 3.510342740626189867e-02
5.210249900817871094e+00 1.816991235907461089e-01
5.214169979095458984e+00 7.515592041096698372e-02
5.218850135803222656e+00 4.717140912415645343e-02
5.222949981689453125e+00 2.824071637283760983e-01
5.238629817962646484e+00 6.344777763335397724e-02
5.245130062103271484e+00 4.574904772080521514e-02
5.252059936523437500e+00 5.500372946647009986e-02
5.266610145568847656e+00 4.321942508265787242e-02
5.270659923553466797e+00 1.300359831418739127e-02
5.273039817810058594e+00 3.765741434496322482e-02
5.273159980773925781e+00 6.403068418530594164e-02
5.278379917144775391e+00 7.512184385568689837e-01
5.279530048370361328e+00 2.618332060506409903e-02
5.282909870147705078e+00 3.726256369300549182e-02
5.284699916839599609e+00 3.723687696842380851e-02
5.287889957427978516e+00 3.237222829154020459e-02
5.292530059814453125e+00 1.542589583835904665e-01
5.296549797058105469e+00 5.119877620424508058e-02
5.304440021514892578e+00 5.337086867423198461e-02
5.304969787597656250e+00 8.123242503940089065e-01
5.314740180969238281e+00 1.009004282770506293e-02
5.319019794464111328e+00 1.193826821803638250e-01
5.324399948120117188e+00 4.274918409593698315e-02
5.327139854431152344e+00 6.607414079455260769e-02
5.328360080718994141e+00 1.564830220214886713e-01
5.335490226745605469e+00 5.329059734897561434e-02
5.339290142059326172e+00 1.190784998194063804e-01
5.340899944305419922e+00 4.433825650915487748e-02
5.353229999542236328e+00 3.297717511515717292e-02
5.353400230407714844e+00 9.303024096323624439e-03
5.360030174255371094e+00 4.767286844219385117e-02
5.389770030975341797e+00 1.633181918277699096e-01
5.394750118255615234e+00 1.119635609872681459e-01
5.406400203704833984e+00 9.122156625837576915e-02
5.409070014953613281e+00 1.261248768916317098e-01
5.410600185394287109e+00 9.224526159281890014e-02
5.412189960479736328e+00 4.734092258578817547e-02
5.420509815216064453e+00 4.298736339305742060e-02
5.425580024719238281e+00 2.600568839701125623e-02
5.427849769592285156e+00 1.214506507462803225e-01
5.428699970245361328e+00 4.603132604869712707e-02
5.430069923400878906e+00 6.906732543117154177e-02
5.438879966735839844e+00 5.356401810039953387e-02
5.440249919891357422e+00 2.018848297280213464e-02
5.442259788513183594e+00 2.126846731720671013e-01
5.444169998168945312e+00 4.212919183125311828e-02
5.446139812469482422e+00 1.109073195341954005e-01
5.449059963226318359e+00 3.385659249859855613e-02
5.456059932708740234e+00 7.863181131503757873e-03
5.457439899444580078e+00 3.725964938006129379e-02
5.465280055999755859e+00 1.953905283123411746e-02
5.474229812622070312e+00 5.620726431738578416e-02
5.480199813842773438e+00 3.919976175147751318e-01
5.481830120086669922e+00 1.309530230837313569e-01
5.489170074462890625e+00 1.207814522304416494e-01
5.506440162658691406e+00 6.374608786458571541e-02
5.508520126342773438e+00 8.828449332462871835e-02
5.510089874267578125e+00 8.685433940504809491e-02
5.524169921875000000e+00 1.389792247623809762e-02
5.526529788970947266e+00 7.986484057425526084e-02
5.530300140380859375e+00 2.150115616758078996e-01
5.531690120697021484e+00 1.932910969128025513e-01
5.547239780426025391e+00 3.549931037028012382e-01
5.552859783172607422e+00 6.237517799479008057e-02
5.595860004425048828e+00 4.207135939034064576e-01
5.605430126190185547e+00 1.878610487612682456e-01
5.609379768371582031e+00 9.709483189542768289e-02
5.610370159149169922e+00 1.578225251550698371e-01
5.620250225067138672e+00 1.672108756086413683e-01
5.640160083770751953e+00 4.680792177207869498e-02
5.650290012359619141e+00 1.122437404390203286e-01
5.651410102844238281e+00 2.945450909767183267e-01
5.652229785919189453e+00 1.640829621371178437e-01
5.654200077056884766e+00 8.069900663718271305e-02
5.654789924621582031e+00 7.036689051124982164e-02
5.656199932098388672e+00 2.014618089419378810e-01
5.657720088958740234e+00 2.347485764441215039e-01
5.659850120544433594e+00 6.915107546609072439e-03
5.659930229187011719e+00 1.386497189475872915e-01
5.661109924316406250e+00 5.220380021266187720e-01
5.661870002746582031e+00 8.901761715760873883e-02
5.663869857788085938e+00 2.638876692204653596e-01
5.670829772949218750e+00 4.653282065341014101e-02
5.672070026397705078e+00 7.066383066761726395e-02
5.673270225524902344e+00 6.959155650263715298e-02
5.673759937286376953e+00 2.317681729282783376e-02
5.709899902343750000e+00 3.895377927423562814e-02
5.740739822387695312e+00 1.789938536799972613e-01
5.764239788055419922e+00 1.360441622818039098e-01
5.792200088500976562e+00 1.482116868119753850e-01
5.796949863433837891e+00 2.698244240415994533e-01
5.797890186309814453e+00 3.089638393920595208e-02
5.802760124206542969e+00 1.508341212634445039e-01
5.806560039520263672e+00 1.239616634006486251e-01
5.814519882202148438e+00 2.102684317388416602e-01
5.833779811859130859e+00 1.833185289392912434e-02
5.840139865875244141e+00 3.650839039614129505e-02
5.840209960937500000e+00 8.978746555301840571e-02
5.844349861145019531e+00 1.515910000697534565e-01
5.845119953155517578e+00 4.733694835328643852e-02
5.847000122070312500e+00 9.736805929209482735e-02
5.854080200195312500e+00 6.854143609958512906e-02
5.855529785156250000e+00 6.602394305022751819e-02
5.856850147247314453e+00 1.467136026344579430e-02
5.857550144195556641e+00 1.174617481989088941e-01
5.861420154571533203e+00 1.611109524633986267e-01
5.862929821014404297e+00 8.362857093484857285e-02
5.863659858703613281e+00 1.105238832399915716e-01
5.865489959716796875e+00 1.097039876244692846e-01
5.865900039672851562e+00 4.978537931257372151e-02
5.871160030364990234e+00 9.228943065186660799e-02
5.875339984893798828e+00 1.770322176649557350e-02
5.875720024108886719e+00 4.217819908967601616e-02
5.880569934844970703e+00 4.488338837552817151e-01
5.890629768371582031e+00 9.719467897445591142e-02
5.915540218353271484e+00 1.866804109147007437e-02
5.915639877319335938e+00 1.791718555995456055e-02
5.931789875030517578e+00 2.838569193207589325e-02
5.937900066375732422e+00 1.175292833447456886e-01
5.945869922637939453e+00 3.709102585775755911e-02
5.951829910278320312e+00 8.967249045681377484e-02
5.958129882812500000e+00 5.351556505154054372e-02
5.958519935607910156e+00 3.936787357078051774e-02
5.975550174713134766e+00 2.831334736470161872e-02
5.979800224304199219e+00 3.272579278479888221e-02
5.995279788970947266e+00 3.799675503454665038e-02
5.996769905090332031e+00 1.597402812378977827e-02
5.998849868774414062e+00 6.703127282063144066e-02
6.010240077972412109e+00 7.920953963161225797e-02
6.011060237884521484e+00 3.788776422968222202e-02
6.012259960174560547e+00 5.793557940283699387e-02
6.013219833374023438e+00 1.744549575292051249e-02
6.013390064239501953e+00 2.290976014469922259e-02
6.019080162048339844e+00 2.330535688411514497e-02
6.021389961242675781e+00 1.277584025302654080e-01
6.022490024566650391e+00 7.941878790015440004e-02
6.024350166320800781e+00 2.714182531658052705e-02
6.025050163269042969e+00 1.416202031176495846e-01
6.028749942779541016e+00 9.263646066072132867e-02
6.031459808349609375e+00 1.179754271730013848e-01
6.034120082855224609e+00 2.297438719321544948e-02
6.037059783935546875e+00 6.265825571301254782e-02
6.042409896850585938e+00 6.338226406837295379e-02
6.054120063781738281e+00 6.418232276770366451e-02
6.064129829406738281e+00 9.727671722927964948e-02
6.065919876098632812e+00 2.767598612416983378e-02
6.082399845123291016e+00 5.094577188977877230e-02
6.101870059967041016e+00 1.685496995755149732e-02
6.112380027770996094e+00 1.608167849755975376e-01
6.117809772491455078e+00 3.059860851074681920e-02
6.125989913940429688e+00 1.128190749976384910e-01
6.127049922943115234e+00 5.262707502070700788e-02
6.127359867095947266e+00 1.211610161389442414e-01
6.129000186920166016e+00 7.524261229637521642e-02
6.131849765777587891e+00 4.508946165710784465e-02
6.171790122985839844e+00 5.350320109205841668e-02
6.209219932556152344e+00 2.291021809932574094e-01
6.211160182952880859e+00 6.561016021475042648e-02
6.213029861450195312e+00 2.420800994979476622e-02
6.224060058593750000e+00 2.956791426616246429e-02
6.226699829101562500e+00 7.219573494549819115e-02
6.229430198669433594e+00 4.890489726946835314e-02
6.231050014495849609e+00 1.150847680829937825e-01
6.232759952545166016e+00 6.140664641391879730e-02
6.233920097351074219e+00 2.923803188708825468e-02
6.239369869232177734e+00 3.399949295021746642e-02
6.239709854125976562e+00 7.985561124403450783e-02
6.246520042419433594e+00 7.627209808129969959e-02
6.247310161590576172e+00 3.854151124109470722e-02
6.248879909515380859e+00 3.169714922238488497e-01
6.250899791717529297e+00 1.026421915064320983e-01
6.252910137176513672e+00 7.770935949572850554e-02
6.255670070648193359e+00 3.684540049871724010e-01
6.258739948272705078e+00 1.892954866875223574e-01
6.269390106201171875e+00 2.267179754279612380e-01
6.275350093841552734e+00 3.471186259391045303e-01
6.275430202484130859e+00 1.441868420860267508e-01
6.286210060119628906e+00 3.855748557056506987e-02
6.305850028991699219e+00 8.818694782569315438e-02
6.326459884643554688e+00 1.031240341609006156e-01
6.373050212860107422e+00 1.934627208484017147e-01
6.374390125274658203e+00 2.024484925337558805e-01
6.385069847106933594e+00 7.275793222463303178e-02
6.385149955749511719e+00 9.512127731637573524e-02
6.396049976348876953e+00 4.360600639266302286e-02
6.397799968719482422e+00 3.131146379843985361e-02
6.433129787445068359e+00 7.546050091878143962e-02
6.434949874877929688e+00 5.868252249733025422e-02
6.438419818878173828e+00 1.100223764517473529e-01
6.440780162811279297e+00 1.998533663598194288e-01
6.444359779357910156e+00 4.157219571253110979e-02
6.449059963226318359e+00 9.040025451813299417e-02
6.450439929962158203e+00 8.357443018397719969e-02
6.457910060882568359e+00 1.253570477451819085e-02
6.458600044250488281e+00 5.711435559655776012e-02
6.459899902343750000e+00 7.921453304304092169e-02
6.461780071258544922e+00 7.251356709768380648e-02
6.463530063629150391e+00 7.633726849831798389e-02
6.464139938354492188e+00 5.396550150296956783e-02
6.464169979095458984e+00 1.291139753303086890e-01
6.464729785919189453e+00 9.333461104164733624e-03
6.467460155487060547e+00 7.916531489076129857e-02
6.470910072326660156e+00 1.472194716734886444e-01
6.473179817199707031e+00 2.104102908735472066e-01
6.481510162353515625e+00 1.289589217636711027e-01
6.489620208740234375e+00 4.129736674734289792e-02
6.493279933929443359e+00 1.235691231157948211e-02
6.498809814453125000e+00 2.895285254532653507e-01
6.502019882202148438e+00 6.645116710668481919e-02
6.508619785308837891e+00 7.891572842308149094e-02
6.516089916229248047e+00 1.258145282069997317e-01
6.516109943389892578e+00 5.131596079944401867e-02
6.522200107574462891e+00 4.090424431664757554e-02
6.546299934387207031e+00 3.643142248802037821e-03
6.554790019989013672e+00 1.278564975629821743e-01
6.559659957885742188e+00 4.300936066373249600e-02
6.561540126800537109e+00 6.774810634737410409e-02
6.564919948577880859e+00 6.220176952427678568e-02
6.586619853973388672e+00 1.532409006722002809e-01
6.593959808349609375e+00 7.403972781601791953e-02
6.599919795989990234e+00 4.786129752636111151e-02
6.604750156402587891e+00 1.153052708805445831e-01
6.605949878692626953e+00 7.076961392742406320e-02
6.607709884643554688e+00 8.205477751716373780e-02
6.607870101928710938e+00 9.533557701781068816e-02
6.609310150146484375e+00 1.520808306002560950e-01
6.611810207366943359e+00 6.864251092167684976e-02
6.613599777221679688e+00 6.186074495692279324e-02
6.621570110321044922e+00 5.444369541979907773e-02
6.624959945678710938e+00 8.209923783763592442e-02
6.627789974212646484e+00 1.357177483036345889e-01
6.628859996795654297e+00 8.016665588873017612e-02
6.629700183868408203e+00 1.882486985810908342e-01
6.630909919738769531e+00 1.095946312993042876e-01
6.631929874420166016e+00 1.924507557342605008e-02
6.632130146026611328e+00 9.055594312147165204e-02
6.638720035552978516e+00 1.847000530656665584e-01
6.651070117950439453e+00 1.220612785652174098e-01
6.657830238342285156e+00 9.003586695531534678e-02
6.663969993591308594e+00 1.315461130751375829e-01
6.682829856872558594e+00 6.839057265996335844e-02
6.691120147705078125e+00 1.137280188565226863e-01
6.699900150299072266e+00 4.821832299478535921e-02
6.703660011291503906e+00 4.985525549825868541e-02
6.710760116577148438e+00 1.670768388595822440e-01
6.711200237274169922e+00 1.284680589121817984e-01
6.717229843139648438e+00 1.632699611412874174e-01
6.721350193023681641e+00 9.924384642786018840e-02
6.802140235900878906e+00 9.766570077802143313e-02
6.802830219268798828e+00 1.238363309163075798e-01
6.803329944610595703e+00 1.039652632361455775e-01
6.811979770660400391e+00 9.207731965947144048e-02
6.813539981842041016e+00 7.600355453621310264e-02
6.816689968109130859e+00 8.253032383627544044e-02
6.823009967803955078e+00 1.999429269168597756e-01
6.823460102081298828e+00 2.409380268404648640e-01
6.827370166778564453e+00 6.342059006810667199e-02
6.827650070190429688e+00 6.131421137845916719e-02
6.828340053558349609e+00 7.642087086615344249e-02
6.831299781799316406e+00 3.692415631683665378e-01
6.835949897766113281e+00 1.299289845392048726e-01
6.836919784545898438e+00 3.625293339440371909e-02
6.839580059051513672e+00 3.623745231495350549e-01
6.841629981994628906e+00 1.012751077004357680e-01
6.842360019683837891e+00 1.720509633000410002e-02
6.845920085906982422e+00 3.342855418549001839e-02
6.848609924316406250e+00 4.977306419861388109e-02
6.855840206146240234e+00 6.410061258472657397e-02
6.864590167999267578e+00 3.102867338205150122e-02
6.870850086212158203e+00 4.000187370393070568e-02
6.872169971466064453e+00 8.487937218619205637e-02
6.883470058441162109e+00 1.842700639508236815e-01
6.951469898223876953e+00 7.882443161146727995e-02
6.962009906768798828e+00 1.052803976688402587e-01
6.976739883422851562e+00 1.984025664557043656e-01
6.977990150451660156e+00 2.153813402112063069e-01
6.981140136718750000e+00 3.360719080065224101e-02
6.981729984283447266e+00 1.719229963187605403e-01
6.983739852905273438e+00 8.678918597484791553e-02
6.998040199279785156e+00 4.031239737592939160e-02
7.030940055847167969e+00 1.694265518531682668e-01
7.033170223236083984e+00 9.816029809165212339e-02
7.038449764251708984e+00 3.770324891500086845e-02
7.041629791259765625e+00 9.902317310968532238e-02
7.047369956970214844e+00 1.913623034621831850e-02
7.048620223999023438e+00 1.398334937272881495e-01
7.049620151519775391e+00 2.377464583588895231e-02
7.052569866180419922e+00 1.925179416278347266e-01
7.053540229797363281e+00 5.900243483406659994e-02
7.053959846496582031e+00 4.325761055236856251e-02
7.054319858551025391e+00 2.708931101973200903e-02
7.055290222167968750e+00 3.236087947590733649e-02
7.058400154113769531e+00 2.516715128471832402e-02
7.059500217437744141e+00 2.087654692098785472e-02
7.060309886932373047e+00 1.229416926709570729e-01
7.060850143432617188e+00 4.226587029644766208e-02
7.073609828948974609e+00 9.331962120933028071e-02
7.073860168457031250e+00 3.479717474320920267e-02
7.075150012969970703e+00 3.776627322557084276e-02
7.079160213470458984e+00 9.797119454178911113e-02
7.079740047454833984e+00 9.351813098667105528e-02
7.081570148468017578e+00 6.652127612390799916e-02
7.092830181121826172e+00 4.952976815226976803e-02
7.106070041656494141e+00 5.405510982450101309e-02
7.118480205535888672e+00 3.974163991226162956e-02
7.142270088195800781e+00 7.684085475954197109e-02
7.142389774322509766e+00 7.806163482855064950e-02
7.143400192260742188e+00 3.903362457756089088e-02
7.177470207214355469e+00 1.748534817598927996e-02
7.185540199279785156e+00 5.152146628997678751e-02
7.187369823455810547e+00 1.661602957338373654e-01
7.190440177917480469e+00 1.091601497444703028e-01
7.192200183868408203e+00 2.353853640701242256e-02
7.195499897003173828e+00 1.339129658810519520e-02
7.197909832000732422e+00 2.868209821754186262e-02
7.208630084991455078e+00 3.417739582809056764e-02
7.208960056304931641e+00 2.511820005703402359e-02
7.209090232849121094e+00 2.935047442985307814e-02
7.209340095520019531e+00 6.308222957432584044e-02
7.210199832916259766e+00 4.654901346314138655e-02
7.215240001678466797e+00 5.525989670522978014e-02
7.220409870147705078e+00 3.476721039109560429e-01
7.221640110015869141e+00 3.734407082022767749e-02
7.224329948425292969e+00 1.106754208517154656e-02
7.229340076446533203e+00 1.340509232221736013e-01
7.229969978332519531e+00 2.894680104751117672e-02
7.230219841003417969e+00 1.871626470196461889e-01
7.230340003967285156e+00 2.523115248132701272e-02
7.231080055236816406e+00 6.833040866961168081e-02
7.234600067138671875e+00 1.072248732016904266e-01
7.240560054779052734e+00 1.194698166848460474e-01
7.249979972839355469e+00 5.514680513983415133e-02
7.270709991455078125e+00 1.352589359835669747e-01
7.281479835510253906e+00 1.988326844049317921e-02
7.283150196075439453e+00 8.826393573366010659e-02
7.295680046081542969e+00 1.057036244053344981e-01
7.299260139465332031e+00 2.234972261098000235e-01
7.321100234985351562e+00 2.215881932750860261e-01
7.321199893951416016e+00 1.292727495521884817e-01
7.322690010070800781e+00 7.688046703409213978e-02
7.390150070190429688e+00 2.783645362109254395e-01
7.405389785766601562e+00 3.442918526541115243e-02
7.405690193176269531e+00 2.308893004427659823e-01
7.407249927520751953e+00 2.356264787251174109e-01
7.412139892578125000e+00 6.019769297627219906e-02
7.416429996490478516e+00 6.345910697099968467e-02
7.417510032653808594e+00 4.269041059896461904e-02
7.420519828796386719e+00 2.091672950786773941e-02
7.429049968719482422e+00 5.019758769883205657e-02
7.432620048522949219e+00 1.317963382858717593e-02
7.432680130004882812e+00 5.850867764022117667e-02
7.438749790191650391e+00 1.985500646940355218e-01
7.440430164337158203e+00 2.457461967825214089e-02
7.443190097808837891e+00 6.566160750870052298e-02
7.445310115814208984e+00 2.217787791951528545e-02
7.453670024871826172e+00 3.384053712538578201e-02
7.454329967498779297e+00 7.926704247330418340e-02
7.462170124053955078e+00 1.771620482810908337e-01
7.462759971618652344e+00 1.732072074571966436e-01
7.465549945831298828e+00 2.192288145499375895e-01
7.467909812927246094e+00 1.162506851152902559e-01
7.472959995269775391e+00 8.882230151873804491e-02
7.475409984588623047e+00 5.945612085780382916e-02
7.481460094451904297e+00 9.315024353128464885e-02
7.543449878692626953e+00 7.603917100381228644e-02
7.552040100097656250e+00 1.129900797665953083e-01
7.556029796600341797e+00 8.164728937963110222e-02
7.577670097351074219e+00 2.831361890830659880e-02
7.578479766845703125e+00 9.296993770836614601e-02
7.580410003662109375e+00 3.047551303770849179e-02
7.582640171051025391e+00 1.455799576846119880e-01
7.583089828491210938e+00 1.329870433991662548e-01
7.600430011749267578e+00 3.042747784542138359e-02
7.621449947357177734e+00 1.324312086746431139e-01
7.623069763183593750e+00 1.507810296775871917e-01
7.625549793243408203e+00 3.425548256739082698e-01
7.629779815673828125e+00 1.143051624893224455e-02
7.630579948425292969e+00 9.761118586340296333e-02
7.631700038909912109e+00 2.042196368453051691e-02
7.634590148925781250e+00 7.882816331714824487e-02
7.653009891510009766e+00 2.013833311995196634e-02
7.656179904937744141e+00 4.717757236525109421e-02
7.656549930572509766e+00 6.298401385276691800e-02
7.660649776458740234e+00 4.801913842964247725e-02
7.662109851837158203e+00 1.467636705170256156e-02
7.667349815368652344e+00 1.393134251096936685e-02
7.667940139770507812e+00 1.324131388748344719e-02
7.670639991760253906e+00 6.657194980082700719e-02
7.672029972076416016e+00 1.573863991901897769e-02
7.676089763641357422e+00 5.083175334799189954e-02
7.684319972991943359e+00 3.438550962109115927e-02
7.688580036163330078e+00 4.941376410945119702e-02
7.691870212554931641e+00 3.310348978248946195e-02
7.692979812622070312e+00 1.298773580210288714e-01
7.701270103454589844e+00 8.032411435564629221e-02
7.702680110931396484e+00 7.682682804846488467e-02
7.706039905548095703e+00 4.151844939012581254e-02
7.744209766387939453e+00 2.471974966140157159e-02
7.747980117797851562e+00 1.232884411364492117e-01
7.751170158386230469e+00 5.162329543893580397e-02
7.764289855957031250e+00 6.058006988540069748e-02
7.774950027465820312e+00 2.627324016917159111e-01
7.780920028686523438e+00 3.960021842689193106e-02
7.783770084381103516e+00 3.311112842226947989e-02
7.788499832153320312e+00 2.068075215579833481e-01
7.789669990539550781e+00 6.600698513202749029e-02
7.791069984436035156e+00 6.792201046252788199e-02
7.792580127716064453e+00 1.229455902644858573e-01
7.798220157623291016e+00 4.633694002685033453e-02
7.799980163574218750e+00 1.318352619941900311e-02
7.803369998931884766e+00 6.659066365753360528e-02
7.810349941253662109e+00 6.441105858717791066e-02
7.810599803924560547e+00 2.037815144200737921e-02
7.816219806671142578e+00 5.430541773951436807e-02
7.822400093078613281e+00 5.184173898102253930e-02
7.824550151824951172e+00 2.229094293249520020e-02
7.825019836425781250e+00 3.288641052422730526e-02
7.825419902801513672e+00 5.468802258663344601e-02
7.828569889068603516e+00 9.179994353738873958e-02
7.832520008087158203e+00 6.564298753829468647e-02
7.834469795227050781e+00 1.553689971880478082e-01
7.836349964141845703e+00 1.283928903770791274e-01
7.836719989776611328e+00 2.524176175212153317e-01
7.836820125579833984e+00 1.446457688026782651e-01
7.838590145111083984e+00 3.387205879848929208e-02
7.867509841918945312e+00 1.967881152526135963e-02
7.895619869232177734e+00 3.432991955578133803e-02
7.898069858551025391e+00 1.856035263027258353e-01
7.909470081329345703e+00 1.086252050464825564e-01
7.914350032806396484e+00 1.996817546988378655e-01
7.914470195770263672e+00 1.263461912536638365e-01
7.920259952545166016e+00 1.575343174211887298e-01
7.993700027465820312e+00 5.632366469365582967e-02
7.995399951934814453e+00 7.803647879838312984e-02
7.998069763183593750e+00 3.303946797203035635e-01
8.002180099487304688e+00 8.286449564860623451e-02
8.009619712829589844e+00 1.494531963202723746e-01
8.010009765625000000e+00 5.754650958734298244e-02
8.012269973754882812e+00 7.306693452713668158e-02
8.014100074768066406e+00 1.720864633674033251e-01
8.019209861755371094e+00 4.382857566493267298e-02
8.020230293273925781e+00 1.430240521900473516e-01
8.021160125732421875e+00 1.085484361173006118e-01
8.028269767761230469e+00 1.172777011045863724e-02
8.029450416564941406e+00 1.247771422856864126e-01
8.031570434570312500e+00 5.830790026238813484e-02
8.034049987792968750e+00 7.336197399712504619e-02
8.038009643554687500e+00 4.266600491375145687e-02
8.039600372314453125e+00 1.702337774102898743e-02
8.041449546813964844e+00 4.339376545512853289e-02
8.048089981079101562e+00 3.192024813408882999e-01
8.048660278320312500e+00 1.097209134593747637e-01
8.054349899291992188e+00 1.043388051615972423e-01
8.061610221862792969e+00 8.249710544466934414e-02
8.065759658813476562e+00 1.436713916442332595e-01
8.104840278625488281e+00 6.493407011388356576e-02
8.143389701843261719e+00 9.087904896525048071e-02
8.146300315856933594e+00 3.778651503377300491e-01
8.170800209045410156e+00 9.001868475837968009e-02
8.175800323486328125e+00 1.427384107295615601e-01
8.180430412292480469e+00 2.032197278707718324e-01
8.184020042419433594e+00 5.110944333751252927e-02
8.192589759826660156e+00 4.075661822388779165e-02
8.196880340576171875e+00 1.935845700816829218e-01
8.212829589843750000e+00 4.846939753879785789e-02
8.223870277404785156e+00 4.647624826841526002e-02
8.227160453796386719e+00 9.169046369191506674e-02
8.230529785156250000e+00 6.058230460670125522e-02
8.235260009765625000e+00 2.128895348553781069e-02
8.237649917602539062e+00 1.545817377798923975e-01
8.243140220642089844e+00 1.834541034982534180e-02
8.243940353393554688e+00 1.506448361734409602e-01
8.244259834289550781e+00 1.917393640330894086e-02
8.244460105895996094e+00 6.402320793538888999e-02
8.247639656066894531e+00 1.743732679604419189e-01
8.250659942626953125e+00 5.107937577295000586e-02
8.251999855041503906e+00 7.764957328695597065e-03
8.256099700927734375e+00 2.056257732517066672e-02
8.256480216979980469e+00 1.825963608657149018e-01
8.257040023803710938e+00 1.636025076494427022e-01
8.261070251464843750e+00 1.765109089816565072e-02
8.262450218200683594e+00 2.407246094283817597e-02
8.264200210571289062e+00 1.634833358413575327e-02
8.270070075988769531e+00 1.667238479872418244e-01
8.282329559326171875e+00 1.877097989386876734e-02
8.289560317993164062e+00 1.837815876857810116e-01
8.298439979553222656e+00 3.700940908415414204e-02
8.307780265808105469e+00 3.201908815238238559e-02
8.318369865417480469e+00 2.146878501555509189e-01
8.332209587097167969e+00 5.314918368792050790e-02
8.346150398254394531e+00 3.870924839840034215e-02
8.349579811096191406e+00 4.869656243276688362e-02
8.364809989929199219e+00 1.598993320393158821e-02
8.370409965515136719e+00 2.556445220452198755e-02
8.382989883422851562e+00 2.350627223428564810e-02
8.384180068969726562e+00 3.054141575817065010e-02
8.390250205993652344e+00 9.219166772649446673e-02
8.391650199890136719e+00 8.763728317871867513e-02
8.395250320434570312e+00 1.210798190131797958e-01
8.399419784545898438e+00 9.156534590533496609e-02
8.401479721069335938e+00 4.780790290826460176e-02
8.404170036315917969e+00 7.001758741196852098e-02
8.405079841613769531e+00 4.109505838812923390e-02
8.406519889831542969e+00 3.171023659604114281e-02
8.407239913940429688e+00 1.308797924518838030e-01
8.408679962158203125e+00 5.534748180004231410e-02
8.413140296936035156e+00 6.555663971488283337e-02
8.420680046081542969e+00 4.033326199317153332e-02
8.421139717102050781e+00 1.828681813736898060e-02
8.423219680786132812e+00 2.626047064483967228e-02
8.424209594726562500e+00 5.489167586939479315e-02
8.424360275268554688e+00 4.099176527107233070e-02
8.427789688110351562e+00 4.839382049565246757e-02
8.429039955139160156e+00 1.316342597910089840e-01
8.430800437927246094e+00 1.240532769225897725e-01
8.442449569702148438e+00 3.787233293096586850e-02
8.449790000915527344e+00 3.589273388718197677e-02
8.463270187377929688e+00 9.467228529959997863e-02
8.474140167236328125e+00 2.437274235678540957e-01
8.475799560546875000e+00 3.580932028363014580e-02
8.498600006103515625e+00 4.149820687459264412e-02
8.504949569702148438e+00 1.895770172845583912e-01
8.518030166625976562e+00 8.287340896056510919e-02
8.537520408630371094e+00 1.444761400422821251e-01
8.581839561462402344e+00 2.204183473232585178e-01
8.608039855957031250e+00 2.908826774764829842e-02
8.609700202941894531e+00 8.809840380248330771e-02
8.611439704895019531e+00 2.052480101081144703e-01
8.611669540405273438e+00 1.574591428802217252e-01
8.615539550781250000e+00 6.609296589844246284e-02
8.616990089416503906e+00 5.847548909184185906e-02
8.618619918823242188e+00 5.588032546447842253e-02
8.620949745178222656e+00 1.127366886025649301e-01
8.622150421142578125e+00 6.337484938763776610e-02
8.622249603271484375e+00 2.781827255963188056e-02
8.623649597167968750e+00 2.048074180171918224e-01
8.624130249023437500e+00 2.379525698462735608e-02
8.624910354614257812e+00 2.083115119396742806e-02
8.628800392150878906e+00 3.095723917171287753e-02
8.636139869689941406e+00 7.111895067551991800e-02
8.638790130615234375e+00 2.038396500100872477e-01
8.638879776000976562e+00 1.254719248711058666e-01
8.640970230102539062e+00 6.029123412740311494e-02
8.641469955444335938e+00 3.334412345560634761e-02
8.642020225524902344e+00 5.187620153511200705e-02
8.645210266113281250e+00 8.381201452143872271e-03
8.654419898986816406e+00 5.534317048420260565e-02
8.656889915466308594e+00 3.355717355940157631e-02
8.715880393981933594e+00 1.714594778906314010e-01
8.747400283813476562e+00 5.062156933665260677e-02
8.756449699401855469e+00 5.285768936944017227e-02
8.758099555969238281e+00 8.810871365848749193e-02
8.761610031127929688e+00 3.397649845649797218e-01
8.795530319213867188e+00 2.155685887105899048e-02
8.799659729003906250e+00 2.048009460107605428e-01
8.803059577941894531e+00 1.323631907539420949e-01
8.815620422363281250e+00 8.610813672364284188e-02
8.828220367431640625e+00 1.110297820511226968e-01
8.829239845275878906e+00 1.138814628935092832e-01
8.829799652099609375e+00 1.705069576286630806e-01
8.834609985351562500e+00 5.879060168018986066e-02
8.834620475769042969e+00 5.799071156690802087e-02
8.837530136108398438e+00 1.924503736473048843e-01
8.839590072631835938e+00 7.219698205105906652e-02
8.842129707336425781e+00 4.885932441801377202e-02
8.842209815979003906e+00 4.419032275444420566e-02
8.844849586486816406e+00 7.662993016645314182e-02
8.851599693298339844e+00 2.295875180794515122e-02
8.851849555969238281e+00 1.273125450944661285e-01
8.852840423583984375e+00 3.087470663683598154e-02
8.852959632873535156e+00 1.755332756571126654e-02
8.852970123291015625e+00 8.500558366926100340e-02
8.856699943542480469e+00 2.384357081061194150e-01
8.863750457763671875e+00 2.358661750096551629e-02
8.864680290222167969e+00 1.127649178675028084e-02
8.868309974670410156e+00 2.128589765549016022e-02
8.869339942932128906e+00 5.710444589052485892e-02
8.870960235595703125e+00 4.994300026975316553e-02
8.892950057983398438e+00 4.772959991589091622e-02
8.895719528198242188e+00 1.009649672978594689e-02
8.903100013732910156e+00 5.603672863705844165e-02
8.906629562377929688e+00 8.362177378752225915e-03
8.954529762268066406e+00 8.258385532180893829e-02
8.954569816589355469e+00 3.543852060502162421e-02
8.959699630737304688e+00 8.641126970493161197e-02
8.960829734802246094e+00 5.598275068799168919e-02
8.969499588012695312e+00 7.299120382509327598e-02
8.981360435485839844e+00 6.557498304684335200e-02
8.984399795532226562e+00 1.995156167269803438e-01
8.984720230102539062e+00 4.285618090872064107e-02
8.986519813537597656e+00 4.140832875567091592e-02
8.990699768066406250e+00 1.614018944452857429e-01
8.992219924926757812e+00 4.580269977003700865e-02
8.997909545898437500e+00 7.449693990287649392e-02
9.004139900207519531e+00 9.414392788967146375e-02
9.012189865112304688e+00 1.383514301517384804e-01
9.013090133666992188e+00 2.088410656211851096e-02
9.014269828796386719e+00 1.703097126368827985e-01
9.017330169677734375e+00 1.081647174103690795e-01
9.018380165100097656e+00 2.440734651895838311e-02
9.018819808959960938e+00 7.168062552793742770e-02
9.020879745483398438e+00 5.323703707695670584e-02
9.022399902343750000e+00 8.893593666622483240e-02
9.023180007934570312e+00 1.581145064611132883e-02
9.024430274963378906e+00 1.522954545529718040e-01
9.031319618225097656e+00 1.026032101595129448e-01
9.034509658813476562e+00 1.048706503097169077e-02
9.060500144958496094e+00 4.642929827033456108e-02
9.066659927368164062e+00 1.427838644186687211e-01
9.068590164184570312e+00 5.690643157499394172e-03
9.073699951171875000e+00 1.517249321447233512e-01
9.077830314636230469e+00 4.591746717060204985e-02
9.083950042724609375e+00 1.633817998749212685e-01
9.098569869995117188e+00 1.173123000554876921e-01
9.112669944763183594e+00 8.306348484301011303e-02
9.115839958190917969e+00 1.501227334839066174e-01
9.180680274963378906e+00 3.966596089580128048e-02
9.182889938354492188e+00 7.352389984312537874e-02
9.183460235595703125e+00 1.051986350029882195e-01
9.184020042419433594e+00 4.464367675675499220e-02
9.193409919738769531e+00 2.245748299077888338e-02
9.195429801940917969e+00 2.478406057932893425e-01
9.197319984436035156e+00 7.674289460555538955e-02
9.199959754943847656e+00 3.625809218912180720e-02
9.207309722900390625e+00 1.603066647737386163e-01
9.212039947509765625e+00 3.416459913233444584e-02
9.212490081787109375e+00 6.582614781038217955e-02
9.214850425720214844e+00 8.973807688444139508e-02
9.216990470886230469e+00 1.694213551895762115e-01
9.217530250549316406e+00 4.728929472950362672e-02
9.221289634704589844e+00 8.330103772975999687e-02
9.228799819946289062e+00 8.379028010669027637e-02
9.230469703674316406e+00 2.052994139953845387e-02
9.241120338439941406e+00 5.926897836236649786e-02
9.241629600524902344e+00 9.497961969573481822e-02
9.242560386657714844e+00 8.756467319477499733e-02
9.252140045166015625e+00 1.306134430208057418e-01
9.256070137023925781e+00 1.310195072376752479e-01
9.278189659118652344e+00 6.944187625288990307e-02
9.282409667968750000e+00 7.892879240655736872e-02
9.325539588928222656e+00 6.442281187144242027e-01
9.328089714050292969e+00 2.233789662865572900e-01
9.336730003356933594e+00 1.921644657582368965e-01
9.344750404357910156e+00 4.093538278895246518e-02
9.354009628295898438e+00 4.552970733431986605e-02
9.363209724426269531e+00 3.416960084814726906e-02
9.383230209350585938e+00 5.783701022919297136e-02
9.392270088195800781e+00 6.312182001126941111e-02
9.402219772338867188e+00 1.751320417858989453e-01
9.403360366821289062e+00 5.264097993530653802e-02
9.403969764709472656e+00 2.415744442584658036e-02
9.409009933471679688e+00 1.284267134089786891e-02
9.410570144653320312e+00 3.996167482955808037e-01
9.419329643249511719e+00 1.114276264204002997e-01
9.425780296325683594e+00 1.960415538177639194e-01
9.428370475769042969e+00 2.244231967443212072e-01
9.428380012512207031e+00 3.514462163503453973e-02
9.429929733276367188e+00 6.896275517896990892e-02
9.438920021057128906e+00 1.604481098814837248e-01
9.440190315246582031e+00 4.218233068531788976e-02
9.443380355834960938e+00 1.543865868812334674e-01
9.445070266723632812e+00 5.508268312146492179e-02
9.449430465698242188e+00 6.210193751814521712e-02
9.450839996337890625e+00 1.175785937878884163e-01
9.453969955444335938e+00 3.004223035413809972e-01
9.456669807434082031e+00 1.947045977933249128e-01
9.458519935607910156e+00 5.369992619623673719e-02
9.467820167541503906e+00 9.277953375353312909e-03
9.468509674072265625e+00 1.281382854574240338e-01
9.474849700927734375e+00 7.966131429669726094e-02
9.492569923400878906e+00 1.491107226123594420e-01
9.502400398254394531e+00 2.272584548327354417e-02
9.503540039062500000e+00 1.774373898195293758e-02
9.520319938659667969e+00 4.444062930944285561e-02
9.522899627685546875e+00 1.482234823798987342e-02
9.526940345764160156e+00 6.010094345320713405e-01
9.528650283813476562e+00 1.213700354513640861e-01
9.540479660034179688e+00 8.124593841760814616e-02
9.544090270996093750e+00 1.365147414116013591e-01
9.548469543457031250e+00 4.087025318403005036e-02
9.552639961242675781e+00 7.380813960203071178e-02
9.555660247802734375e+00 1.308479725874915275e-02
9.563199996948242188e+00 1.487464390731560795e-02
9.563870429992675781e+00 3.017235088976933932e-01
9.569580078125000000e+00 6.562440265309477105e-02
9.569950103759765625e+00 9.492836463296921989e-02
9.570360183715820312e+00 8.951020112508059623e-02
9.572469711303710938e+00 3.626257973056731809e-02
9.582090377807617188e+00 3.544421713710250998e-02
9.585579872131347656e+00 2.233548356283004965e-01
9.589539527893066406e+00 1.472158077138241983e-01
9.590909957885742188e+00 1.162637249248976018e-01
9.602609634399414062e+00 1.123813621969861343e-01
9.607219696044921875e+00 2.399417330158142014e-02
9.608079910278320312e+00 1.412542137058456493e-01
9.608799934387207031e+00 2.649912699881787001e-02
9.611530303955078125e+00 5.588318917599473072e-03
9.633079528808593750e+00 3.878958032739995149e-02
9.637359619140625000e+00 1.012473811293185394e-01
9.640720367431640625e+00 4.927946991638769425e-02
9.658220291137695312e+00 6.162857018617915600e-02
9.661769866943359375e+00 1.244546544267894628e-01
9.679650306701660156e+00 2.112190230495968046e-01
9.685339927673339844e+00 1.939347382410864518e-01
9.695509910583496094e+00 4.790770771311383958e-02
9.701809883117675781e+00 5.472418696912863256e-02
9.708880424499511719e+00 3.223288434658603818e-01
9.728580474853515625e+00 6.626998027873325370e-01
9.752510070800781250e+00 3.598511853891784434e-02
9.763369560241699219e+00 2.942636102493296699e-02
9.773079872131347656e+00 2.359755586284270346e-01
9.777130126953125000e+00 4.181775911569731580e-02
9.782659530639648438e+00 7.554720644883106129e-02
9.788649559020996094e+00 2.402225756526351896e-01
9.790470123291015625e+00 1.163924983403297475e-01
9.794369697570800781e+00 9.876675583947291948e-02
9.798100471496582031e+00 9.301195817146155065e-01
9.802089691162109375e+00 2.158663599438444269e-01
9.808529853820800781e+00 1.238623255294350745e-01
9.815449714660644531e+00 5.286697872901525291e-02
9.819199562072753906e+00 1.026050746621707949e-01
9.822050094604492188e+00 1.289486289696359367e-01
9.824379920959472656e+00 7.427533646208264173e-01
9.825389862060546875e+00 4.495188963448334962e-02
9.826860427856445312e+00 6.933580227450050759e-02
9.830719947814941406e+00 6.480983799552495483e-01
9.838230133056640625e+00 1.531902506517467122e-01
9.851479530334472656e+00 3.922225899085265977e-02
9.853989601135253906e+00 1.007235638467774280e-01
9.859490394592285156e+00 7.979023188316139992e-01
9.868069648742675781e+00 3.269918018725098685e-01
9.873769760131835938e+00 1.075149573050955265e+00
9.882340431213378906e+00 1.321377971137106255e-01
9.890910148620605469e+00 1.558935686883058391e-01
9.910260200500488281e+00 6.854934126344855438e-02
9.921039581298828125e+00 9.143355615971754391e-02
9.952389717102050781e+00 9.759210592022491415e-01
9.962409973144531250e+00 1.742764953829103458e-01
9.965720176696777344e+00 2.019119573009457713e-01
9.967530250549316406e+00 9.499127016544955948e-02
9.970629692077636719e+00 4.769034029637381766e-01
9.971850395202636719e+00 1.629830207876061809e-01
9.979660034179687500e+00 8.604931212093386295e-02
9.981389999389648438e+00 5.783127052094356735e-01
9.981719970703125000e+00 1.069072580502354208e+00
9.987230300903320312e+00 7.802366375034898438e-02
9.989809989929199219e+00 1.730854675305058654e+00
9.992500305175781250e+00 1.640566074156936116e-01
1.001119995117187500e+01 4.463877226285946631e-01
1.002219963073730469e+01 1.566578739633617268e-01
1.003260040283203125e+01 4.019898737556828472e-01
1.003509998321533203e+01 2.582060963352310334e-02
1.003709983825683594e+01 1.040699639808699561e-01
1.004069995880126953e+01 2.411733406815399494e-01
1.004259967803955078e+01 5.588940211258891511e-01
1.004389953613281250e+01 8.891681882737928477e-01
1.004899978637695312e+01 2.246434417386302396e-01
1.004909992218017578e+01 6.544459127668882381e-01
1.006700038909912109e+01 1.013507891245822301e-01
1.007890033721923828e+01 1.039716484014190367e+00
1.008580017089843750e+01 2.336345182342475790e-01
1.008619976043701172e+01 1.582733790629144988e-01
1.008819961547851562e+01 1.216430565970757216e-01
1.009749984741210938e+01 5.177208666177790519e-01
1.010089969635009766e+01 1.171033156362361050e-01
1.010550022125244141e+01 1.113955901931386272e+00
1.010599994659423828e+01 6.571162296261857660e-01
1.010809993743896484e+01 6.465370485612319529e-01
1.010900020599365234e+01 2.132374924445604447e-01
1.012199974060058594e+01 7.373993354707328862e-01
1.012670040130615234e+01 4.253556162381872396e-01
1.012930011749267578e+01 2.114361979005483505e-01
1.013700008392333984e+01 1.327531906388441096e-01
1.013969993591308594e+01 1.450456947549133291e-01
1.015170001983642578e+01 3.014019696807861859e+00
1.016300010681152344e+01 2.197508535272379715e-01
1.016530036926269531e+01 2.367779243327826702e-02
1.016819953918457031e+01 4.494690456597731920e-01
1.016989994049072266e+01 1.730435264268108952e-01
1.017129993438720703e+01 1.095332906204375067e+00
1.017549991607666016e+01 3.058101917515906321e-01
1.017949962615966797e+01 2.282508294688925798e-01
1.018319988250732422e+01 1.573210533673564226e+00
1.019219970703125000e+01 5.213130833689088028e-01
1.019890022277832031e+01 1.647306704613916706e-01
1.020240020751953125e+01 7.132151443770958776e-01
1.020429992675781250e+01 2.209242343864230129e+00
1.021420001983642578e+01 2.233923706396033493e-01
1.021479988098144531e+01 2.492339983410088791e-02
1.022910022735595703e+01 2.705775569101947498e-01
1.023659992218017578e+01 5.913805910163025814e-01
1.023980045318603516e+01 3.607550128420630720e-01
1.026550006866455078e+01 1.290714523399747682e+00
1.027719974517822266e+01 3.551192112813258972e-02
1.030580043792724609e+01 8.231420370982147627e-01
1.031009960174560547e+01 1.659456998730782229e-02
1.031309986114501953e+01 3.833680416322142182e-01
1.032950019836425781e+01 1.147553531795878282e-02
1.033370018005371094e+01 1.021909227057724134e+00
1.033780002593994141e+01 3.103574033355220585e-02
1.035690021514892578e+01 3.418542699840302901e-01
1.035750007629394531e+01 9.190408347929878152e-01
1.036750030517578125e+01 2.963742899087892096e-02
1.038099956512451172e+01 1.787354208790928323e-01
1.040600013732910156e+01 1.433443479424066080e-01
1.112469959259033203e+01 1.213361277864435684e-04
1.128170013427734375e+01 2.677900736082875488e-01
1.128439998626708984e+01 3.038427377227009493e-02
1.139480018615722656e+01 4.283747490856371770e-02
1.143389987945556641e+01 3.268109794432170756e-01
1.145839977264404297e+01 1.204596313157474397e+00
1.145930004119873047e+01 2.701707494266674531e-02
1.146150016784667969e+01 5.870015854599822114e-02
1.146269989013671875e+01 5.620260113830172211e-01
1.146870040893554688e+01 2.046647568142780926e-01
1.147469997406005859e+01 3.506529863091946697e-01
1.153369998931884766e+01 1.009073044382069684e+00
1.153429985046386719e+01 8.228667173432213655e-02
1.158380031585693359e+01 1.152188455867797057e+00
1.159070014953613281e+01 1.105849232644751767e+00
1.159799957275390625e+01 4.511539757192312150e-01
1.160200023651123047e+01 9.449758839910479269e-01
1.160449981689453125e+01 9.956859515527285431e-01
1.162129974365234375e+01 2.515521093761412530e-01
1.162959957122802734e+01 2.126066494927881245e-01
1.163070011138916016e+01 1.026044695354382807e-01
1.163300037384033203e+01 1.805923685255488520e+00
1.163599967956542969e+01 1.485065888191842709e-01
1.164470005035400391e+01 5.022080904071565266e-01
1.165019989013671875e+01 2.681811805017135786e-01
1.165839958190917969e+01 9.074886578852556784e-01
1.166549968719482422e+01 6.553227990083363430e-01
1.166629981994628906e+01 9.791693447040341614e-01
1.168130016326904297e+01 3.904814958813723202e-01
1.168550014495849609e+01 3.881365925970099995e-01
1.169890022277832031e+01 3.161034349983816300e-02
1.170499992370605469e+01 7.720810488627088963e-01
1.171809959411621094e+01 2.083551946798302412e-02
1.172350025177001953e+01 2.448301851990782652e+00
