1.669259974732995033e-03 3.451284478296280933e-01
1.352099981158971786e-02 2.930594442258175336e-01
1.503609959036111832e-02 3.405842890798742306e-02
1.900129951536655426e-02 6.142135014993295450e-02
2.857599966228008270e-02 3.230581715243027729e-01
3.664330020546913147e-02 4.479493843767063388e-01
4.176969826221466064e-02 3.790233773637763370e-01
4.490249976515769958e-02 3.997575495882801366e-01
4.638019949197769165e-02 7.428339240173360558e-01
5.198600143194198608e-02 1.104021600555985971e+00
5.352620035409927368e-02 8.556137226164033105e-02
5.365839973092079163e-02 6.903210977331062370e-01
5.391490086913108826e-02 1.025500190174217341e+00
5.440270155668258667e-02 1.752992867095736762e-01
5.520460009574890137e-02 2.380167128692644019e-01
6.266579777002334595e-02 1.349684307277747575e+00
7.119510322809219360e-02 5.083152953516281158e-01
7.304230332374572754e-02 1.202705058871881560e-01
9.125389903783798218e-02 5.927858484074336465e-01
9.757500141859054565e-02 6.296433304544989396e-01
1.077010035514831543e-01 5.086680790878501668e-01
1.097249984741210938e-01 2.046249467242448716e+00
1.255320012569427490e-01 8.920750899192388950e-01
1.354389935731887817e-01 1.144247140209307262e-01
1.358859986066818237e-01 4.357752563413315183e-01
1.452179998159408569e-01 1.109830701649806434e-01
1.518809944391250610e-01 6.826379331557803631e-01
1.542290002107620239e-01 1.943782104518462894e+00
1.614030003547668457e-01 4.431178831258399953e-01
1.631760001182556152e-01 1.019010685225585799e+00
1.669290065765380859e-01 2.128980789841338872e+00
1.710100024938583374e-01 1.290618041847654274e+00
1.770859956741333008e-01 1.222503844063568934e+00
1.785960048437118530e-01 1.576901634197331314e-01
1.807110011577606201e-01 2.540848531394963583e-01
1.815910041332244873e-01 7.234954123196065678e-01
1.907619982957839966e-01 1.736656068444210332e-01
1.932699978351593018e-01 5.922125717121009547e-01
1.980659961700439453e-01 3.659821062784361922e-01
2.015919983386993408e-01 7.031844417241061018e-01
2.167730033397674561e-01 1.807877451446514128e+00
2.202239930629730225e-01 8.211884711820496285e-01
2.243469953536987305e-01 3.545384701207711098e-01
2.250729948282241821e-01 1.607959919197469612e+00
2.364840060472488403e-01 1.316256141969044391e+00
2.422199994325637817e-01 7.413855827280116384e-02
2.448730021715164185e-01 6.978851435479552778e-01
2.455700039863586426e-01 1.045255857182864512e+00
2.482170015573501587e-01 2.035073071647965359e-01
2.547450065612792969e-01 1.058707084807351650e+00
2.548959851264953613e-01 4.363251214351605567e-01
2.563869953155517578e-01 3.120076857042465290e-01
2.571159899234771729e-01 2.324410663794373444e-01
2.685770094394683838e-01 1.536790335092681481e-01
2.703219950199127197e-01 4.566752877736569571e-01
2.718090116977691650e-01 4.955907286695701575e-01
2.727429866790771484e-01 1.137375867467658841e+00
2.790130078792572021e-01 1.203357406332854485e+00
2.811099886894226074e-01 1.836131840714714247e+00
2.822510004043579102e-01 8.254285131726042668e-02
2.830399870872497559e-01 2.679452443142794626e-01
2.976630032062530518e-01 1.065842493912953826e+00
3.001970052719116211e-01 2.033061246825181634e+00
3.317260146141052246e-01 7.863905332896068412e-01
3.515180051326751709e-01 6.362993548253483844e-01
3.543109893798828125e-01 1.004136282336952180e+00
3.562349975109100342e-01 8.228478177321286724e-01
3.584600090980529785e-01 6.228433056035088677e-01
3.723950088024139404e-01 7.156037212754913224e-01
3.759869933128356934e-01 1.005083621111791947e-01
3.907110095024108887e-01 8.554807153706960321e-01
3.965030014514923096e-01 1.393427940649570596e-01
4.028779864311218262e-01 3.373078646199567099e-01
4.043180048465728760e-01 1.444382975732975416e-01
4.055649936199188232e-01 1.048425824750658597e+00
4.102079868316650391e-01 8.905016062044759928e-02
4.220840036869049072e-01 3.890672881015844187e-01
4.266479909420013428e-01 6.453594354720482151e-01
4.288499951362609863e-01 9.869422276066208699e-01
4.345630109310150146e-01 6.185652225000481952e-01
4.371950030326843262e-01 1.845957933835245257e-01
4.375720024108886719e-01 2.155447241462982166e+00
4.453150033950805664e-01 1.405669648889370738e+00
4.480780065059661865e-01 7.079654043381677919e-01
4.569149911403656006e-01 1.771719261267114542e-01
4.746350049972534180e-01 1.652128316346815451e+00
4.806450009346008301e-01 2.197050157129568415e+00
4.880760014057159424e-01 2.953442352907997281e-01
4.910149872303009033e-01 2.849389702682109116e-01
4.923500120639801025e-01 3.386080074336683121e-01
4.924269914627075195e-01 8.111280935734119790e-01
5.115230083465576172e-01 3.922757401896296292e-01
5.168290138244628906e-01 7.469011373912501917e-01
5.203340053558349609e-01 1.013889800603745839e-01
5.302320122718811035e-01 2.588788469760300304e-01
5.327150225639343262e-01 1.207656249659630754e-01
5.411369800567626953e-01 6.923726511541281048e-02
5.527129769325256348e-01 1.251897444605915843e-01
5.538949966430664062e-01 3.183387057204555282e-01
5.627549886703491211e-01 1.334941389265774936e-01
5.632770061492919922e-01 1.574449593329585451e-01
5.699459910392761230e-01 1.648245126340050826e+00
5.712410211563110352e-01 1.370431089797144342e+00
5.745019912719726562e-01 6.598881932825982899e-01
5.757279992103576660e-01 5.560529564482440401e-01
5.777850151062011719e-01 1.392842337311366085e+00
5.856299996376037598e-01 4.814134824343203611e-01
5.892419815063476562e-01 1.266821326461590458e-01
6.056500077247619629e-01 1.439949898462825617e+00
6.088079810142517090e-01 1.327930060829985548e+00
6.164870262145996094e-01 1.951372246847585257e-01
6.239809989929199219e-01 7.095384743540520400e-01
6.249420046806335449e-01 6.519093436579019851e-01
6.395630240440368652e-01 5.966505026936415046e-01
6.411960124969482422e-01 1.307377834593312915e-01
6.448490023612976074e-01 9.862310853840267066e-02
6.473219990730285645e-01 1.839526782079133338e-01
6.508740186691284180e-01 2.796262332750710233e-01
6.774730086326599121e-01 6.978361840996145926e-02
6.911370158195495605e-01 1.272213778481699475e-01
6.978110074996948242e-01 1.175028691525297431e+00
6.990249752998352051e-01 3.484612179612288640e-01
7.114520072937011719e-01 3.294038764495246796e-01
7.116760015487670898e-01 8.491718808981798539e-01
7.168380022048950195e-01 1.983377771292382796e+00
7.180320024490356445e-01 6.551647431076371708e-01
7.194039821624755859e-01 7.039285012921010498e-01
7.232080101966857910e-01 8.155811251857560118e-02
7.380260229110717773e-01 3.236284235684749322e-01
7.585020065307617188e-01 6.312767605240374169e-02
7.585430145263671875e-01 5.682707415885244195e-01
7.644069790840148926e-01 2.020307951886706199e-01
7.689650058746337891e-01 8.488705592379548470e-01
7.696070075035095215e-01 7.797876739507850763e-01
7.712159752845764160e-01 8.001596852775552660e-02
7.754359841346740723e-01 1.450535084020441401e+00
7.863299846649169922e-01 6.481073641683773867e-02
7.890650033950805664e-01 1.316548665857131262e+00
7.959489822387695312e-01 1.054587970228922783e-01
7.977979779243469238e-01 1.569387755620461622e-01
8.052560091018676758e-01 2.486436784783972176e-01
8.133440017700195312e-01 1.641870731423775431e-01
8.148279786109924316e-01 1.028041733693491472e-01
8.200740218162536621e-01 5.198256490922890105e-01
8.230909705162048340e-01 8.237781694329449067e-01
8.307819962501525879e-01 1.186367703432890525e-01
8.389750123023986816e-01 1.511643117652722579e-01
8.495889902114868164e-01 7.795379039414823685e-02
8.525480031967163086e-01 1.336026502058634824e-01
8.533070087432861328e-01 1.394451926281199849e+00
8.550410270690917969e-01 1.053675239342806824e+00
8.572289943695068359e-01 1.184276899968484065e+00
8.672749996185302734e-01 1.659729930346718563e+00
8.799970149993896484e-01 3.561773172035339607e-01
8.810539841651916504e-01 7.704685374960923427e-02
8.882359862327575684e-01 2.254667831418374901e-01
8.999159932136535645e-01 6.332815271332042917e-02
9.024879932403564453e-01 4.683915603093456725e-02
9.031980037689208984e-01 6.059610939946051822e-01
9.082319736480712891e-01 4.234983449703086378e-01
9.113820195198059082e-01 9.441294827014307112e-02
9.334840178489685059e-01 4.492421830203967292e-02
9.356949925422668457e-01 1.654190928408758587e-01
9.475139975547790527e-01 3.388825100009910107e-01
9.532709717750549316e-01 1.017298420915104140e+00
9.592540264129638672e-01 8.275889443898476472e-01
9.617909789085388184e-01 1.498965217445162312e-01
9.738489985466003418e-01 1.939771049766201294e-01
9.805719852447509766e-01 6.249425903557654927e-01
9.904789924621582031e-01 6.243875606790599136e-02
9.948379993438720703e-01 2.754022196376725851e-01
1.001940011978149414e+00 3.001148730184798330e-01
1.010969996452331543e+00 6.930849941422346783e-01
1.011540055274963379e+00 1.349517857580369240e+00
1.015439987182617188e+00 1.038785759780513629e-01
1.018280029296875000e+00 3.746269013336701592e-01
1.019989967346191406e+00 1.416048787827454969e-02
1.033069968223571777e+00 7.508736653997827304e-01
1.037089943885803223e+00 2.447905945216816148e-01
1.040570020675659180e+00 1.597960629843398372e+00
1.060879945755004883e+00 1.404070916164273652e-01
1.072649955749511719e+00 5.987943320082749210e-01
1.073959946632385254e+00 1.972293943433456320e-02
1.082929968833923340e+00 1.210342241360056192e+00
1.092030048370361328e+00 1.808755128101839915e-01
1.093549966812133789e+00 1.896490443277743410e+00
1.094779968261718750e+00 4.229641662451434636e-02
1.095770001411437988e+00 9.158111199880689668e-01
1.098410010337829590e+00 1.997242057193854003e-01
1.102380037307739258e+00 1.666789887369053424e-01
1.102550029754638672e+00 9.011346280302108269e-01
1.107830047607421875e+00 7.275080434318326184e-02
1.110479950904846191e+00 8.515216334576374002e-02
1.111500024795532227e+00 3.068129797515168483e-02
1.114480018615722656e+00 7.186934400849775972e-01
1.126469969749450684e+00 1.602956850232750419e-01
1.128100037574768066e+00 4.831176787602836087e-01
1.132920026779174805e+00 3.611957402314072141e-01
1.135409951210021973e+00 1.245527440689230048e+00
1.136700034141540527e+00 2.439820613038065633e-01
1.137050032615661621e+00 1.485526098645261750e-01
1.163040041923522949e+00 4.888322395111271979e-02
1.164119958877563477e+00 7.579631826221312485e-01
1.164559960365295410e+00 6.877701686629322797e-02
1.176579952239990234e+00 5.087693542768854105e-01
1.191619992256164551e+00 6.764884046729474631e-01
1.231269955635070801e+00 9.196859809709510003e-01
1.243420004844665527e+00 7.280274213893876967e-01
1.260800004005432129e+00 9.475968228717143726e-02
1.262060046195983887e+00 4.058053402858381037e-02
1.263679981231689453e+00 9.631802123724153564e-02
1.270130038261413574e+00 4.046690973972912053e-02
1.270290017127990723e+00 3.398015863903318390e-02
1.274270057678222656e+00 2.742451576535779451e-02
1.277359962463378906e+00 1.235818642774681869e-01
1.278769969940185547e+00 2.343134379030493292e-02
1.305629968643188477e+00 4.504024506129986061e-01
1.313560009002685547e+00 4.525855138407821054e-01
1.322059988975524902e+00 6.271843609946616827e-01
1.322669982910156250e+00 3.054209644297021034e-02
1.327509999275207520e+00 1.016998845367700910e-01
1.331900000572204590e+00 4.132832946848363082e-02
1.333189964294433594e+00 5.858902062833955260e-02
1.337849974632263184e+00 8.004562860422130555e-02
1.337880015373229980e+00 3.495311781905206111e-02
1.340280055999755859e+00 5.310524196688036491e-02
1.340360045433044434e+00 3.401999849674381543e-02
1.345950007438659668e+00 9.032815612313144227e-02
1.347509980201721191e+00 6.027995852279457445e-01
1.357560038566589355e+00 2.969435073950858067e-02
1.359619975090026855e+00 1.670069394148613551e+00
1.362249970436096191e+00 1.330348576904851199e-01
1.364230036735534668e+00 6.400654078964747307e-02
1.373739957809448242e+00 1.118974499717968030e+00
1.390550017356872559e+00 1.269104499993990887e+00
1.393030047416687012e+00 2.612932645285029887e-01
1.395879983901977539e+00 8.489824572808057912e-02
1.396090030670166016e+00 9.413987347423412311e-02
1.409440040588378906e+00 6.016994949900197898e-02
1.413599967956542969e+00 2.424608049856733644e-02
1.414160013198852539e+00 6.271270576251937456e-02
1.452219963073730469e+00 2.734698555196193315e-01
1.452929973602294922e+00 5.259651551519293339e-02
1.457820057868957520e+00 1.257501701770969427e-01
1.460070013999938965e+00 1.696096156224046747e-01
1.471629977226257324e+00 2.856355558861308624e-02
1.486230015754699707e+00 1.218109559516527968e-01
1.486889958381652832e+00 5.108485108954449044e-02
1.490509986877441406e+00 1.938489207275119197e-01
1.491580009460449219e+00 2.392258422608883883e-01
1.491639971733093262e+00 8.226128121620868150e-02
1.491649985313415527e+00 1.769276196083493513e-01
1.491790056228637695e+00 1.845441876758007749e-01
1.492550015449523926e+00 1.728474341221055977e-01
1.493649959564208984e+00 7.450637623788932684e-01
1.496420025825500488e+00 1.310687265184049266e-01
1.497820019721984863e+00 1.874858498943848262e-01
1.499770045280456543e+00 8.178209555115893009e-03
1.499799966812133789e+00 1.477366453207566988e-01
1.500040054321289062e+00 3.298370439265967125e-02
1.504150032997131348e+00 1.822366542214966939e-02
1.515239953994750977e+00 5.993396300004466548e-01
1.516669988632202148e+00 5.913220393078140180e-01
1.525789976119995117e+00 1.353871813777735369e-02
1.526110053062438965e+00 5.803886073444899929e-02
1.547060012817382812e+00 3.013524002589385714e-02
1.549690008163452148e+00 1.271946427832099935e-01
1.559569954872131348e+00 1.349630882660725895e-01
1.559700012207031250e+00 4.460781637799635102e-02
1.562940001487731934e+00 4.511378197337842511e-02
1.568029999732971191e+00 1.134541456733790254e-01
1.596410036087036133e+00 6.466964914887739224e-02
1.620749950408935547e+00 2.871553780713331783e-01
1.623010039329528809e+00 1.095793831256663964e+00
1.639770030975341797e+00 9.540674516439184849e-01
1.667050004005432129e+00 7.993254315982661895e-02
1.685500025749206543e+00 3.552982714422740773e-02
1.685559988021850586e+00 1.055756041857154048e-01
1.699259996414184570e+00 2.601627097731452898e-02
1.705189943313598633e+00 1.033007349841743139e+00
1.710060000419616699e+00 2.835962133580516853e-01
1.713439941406250000e+00 3.106101123801205052e-02
1.714679956436157227e+00 7.204838192487762749e-02
1.718899965286254883e+00 2.627868226929337969e-01
1.719859957695007324e+00 2.072867444590091243e-02
1.721809983253479004e+00 3.945423960274795083e-02
1.722769975662231445e+00 1.704061489669197460e-01
1.724720001220703125e+00 2.097811695985892302e-02
1.726519942283630371e+00 7.325307497678422430e-02
1.736009955406188965e+00 9.505689505196915356e-02
1.737750053405761719e+00 1.576087037124857676e-02
1.741809964179992676e+00 6.741721504311226632e-02
1.744920015335083008e+00 5.029375711655326153e-01
1.747059941291809082e+00 5.023891518192136196e-02
1.751170039176940918e+00 6.006332591765835976e-02
1.752179980278015137e+00 2.824956196489499805e-01
1.761549949645996094e+00 2.135097644899979774e-01
1.780979990959167480e+00 1.075125959156378652e+00
1.793490052223205566e+00 9.731162443326941691e-01
1.808799982070922852e+00 3.070809081462669843e-01
1.822960019111633301e+00 3.738594823768807973e-02
1.829800009727478027e+00 1.209070346088373660e-01
1.835800051689147949e+00 9.220907942964499948e-02
1.848039984703063965e+00 4.060252812019592150e-02
1.854509949684143066e+00 1.907155356026530579e-01
1.870180010795593262e+00 6.262595195936516979e-02
1.884170055389404297e+00 5.006821345035342846e-02
1.886309981346130371e+00 5.958931315205753115e-02
1.896880030632019043e+00 8.384167497571132222e-01
1.906579971313476562e+00 9.152146464273258619e-02
1.906649947166442871e+00 8.070190891444917192e-02
1.919989943504333496e+00 2.128105202638744253e-01
1.922760009765625000e+00 5.847535601719145576e-02
1.923290014266967773e+00 3.683310976792798785e-02
1.927279949188232422e+00 2.104444684281911448e-02
1.933519959449768066e+00 8.255254770185781535e-03
1.941009998321533203e+00 1.889081412484677480e-01
1.945690035820007324e+00 5.492762018456824602e-02
1.945930004119873047e+00 2.859835893210073698e-01
1.948179960250854492e+00 1.587498641684873535e-01
1.950350046157836914e+00 1.340614192290174589e-01
1.951179981231689453e+00 1.104268811694793850e+00
1.952460050582885742e+00 3.412702088058923444e-02
1.954630017280578613e+00 1.372930774114075603e-01
1.956879973411560059e+00 1.167091914507477346e-01
1.964190006256103516e+00 4.911229786401653807e-02
1.966830015182495117e+00 3.157917112155078643e-02
1.972360014915466309e+00 8.932657744088166873e-02
1.978289961814880371e+00 5.182886046130463081e-02
1.979949951171875000e+00 1.554559894205965742e-01
1.985759973526000977e+00 8.927046841216909612e-02
1.988960027694702148e+00 3.560851884067614548e-02
1.991739988327026367e+00 4.126819818121142680e-02
2.023109912872314453e+00 2.327581846489236161e-01
2.025219917297363281e+00 1.762408531243741042e-02
2.039700031280517578e+00 6.034283561423615244e-02
2.059079885482788086e+00 2.867020761522592887e-01
2.063770055770874023e+00 2.676004242156518331e-02
2.065900087356567383e+00 3.029106193694575122e-02
2.073199987411499023e+00 1.013961056586287102e+00
2.075429916381835938e+00 6.765008953181728124e-02
2.076499938964843750e+00 6.467737224354173919e-02
2.080280065536499023e+00 5.254431730722129712e-02
2.084049940109252930e+00 4.907578657258991617e-02
2.086699962615966797e+00 8.113042936357631185e-02
2.086829900741577148e+00 4.658179140979881172e-01
2.087939977645874023e+00 1.073463403755188783e-01
2.090790033340454102e+00 3.030898580961432359e-02
2.091150045394897461e+00 3.827493402890008722e-01
2.092720031738281250e+00 1.281052014467645994e-01
2.104310035705566406e+00 3.717297161795943272e-02
2.105740070343017578e+00 5.620349888761424356e-02
2.110150098800659180e+00 1.631137364183529725e-01
2.110800027847290039e+00 2.389626238095853283e-01
2.112799882888793945e+00 3.894337117964467576e-01
2.112890005111694336e+00 7.239620410101063608e-02
2.119029998779296875e+00 5.843947513681246875e-02
2.127759933471679688e+00 5.417585297191156862e-02
2.128890037536621094e+00 7.612655326704532710e-01
2.131609916687011719e+00 1.760953977463049769e-01
2.134979963302612305e+00 4.309630097355978545e-02
2.138089895248413086e+00 1.335283797243931037e-01
2.141160011291503906e+00 2.268021771255091246e-01
2.153759956359863281e+00 5.826880778651628845e-02
2.156670093536376953e+00 1.180728508163382401e-01
2.172559976577758789e+00 6.696330443855437464e-02
2.208039999008178711e+00 1.418161463193815530e-01
2.244729995727539062e+00 1.142958823831601717e-02
2.258650064468383789e+00 1.711862657555933420e-01
2.268290042877197266e+00 1.898341105030842524e+00
2.275949954986572266e+00 4.650318147347579645e-01
2.301359891891479492e+00 1.673818773382472133e-02
2.302350044250488281e+00 3.759561437938517547e-02
2.306430101394653320e+00 1.002548991493608238e-01
2.308249950408935547e+00 3.168581851959412915e-02
2.309259891510009766e+00 3.616229131859213242e-01
2.314019918441772461e+00 2.757261314766588228e-02
2.316629886627197266e+00 3.510027457118455874e-02
2.317120075225830078e+00 7.846832072521800483e-02
2.319530010223388672e+00 6.586845438713017087e-01
2.321069955825805664e+00 1.749176341147582608e-02
2.324079990386962891e+00 1.307015554402770618e-01
2.326319932937622070e+00 7.220966452916270650e-02
2.326699972152709961e+00 4.410187913195685872e-02
2.327939987182617188e+00 1.487712908779637369e-02
2.330130100250244141e+00 3.795057609678918059e-02
2.334270000457763672e+00 2.354464886288394898e-01
2.361510038375854492e+00 1.648811529682587818e-01
2.364039897918701172e+00 1.051851046537563839e-01
2.379479885101318359e+00 7.128474842430113090e-02
2.403579950332641602e+00 8.461983703156523984e-02
2.403599977493286133e+00 2.421269955331150081e-01
2.404330015182495117e+00 1.034712550784746776e+00
2.413510084152221680e+00 9.831710941717618224e-02
2.416059970855712891e+00 5.021766985333346867e-01
2.418159961700439453e+00 5.638643331396583913e-02
2.437740087509155273e+00 2.892076879370667278e-02
2.442369937896728516e+00 9.250335247281424866e-01
2.467329978942871094e+00 6.207438442090624786e-01
2.467829942703247070e+00 1.965694592754820835e-01
2.485480070114135742e+00 1.501540585410766626e-01
2.501100063323974609e+00 3.804528860581743444e-02
2.503119945526123047e+00 1.140538575200961552e-01
2.505409955978393555e+00 5.553153235555693956e-02
2.505530118942260742e+00 1.705999099858543089e-01
2.509619951248168945e+00 5.033830977450918231e-01
2.516079902648925781e+00 5.824986743855862376e-02
2.522779941558837891e+00 1.484412240693716856e-01
2.526299953460693359e+00 1.519302551840711890e-01
2.526609897613525391e+00 5.741136086762115703e-02
2.526760101318359375e+00 7.105576174453683003e-02
2.527610063552856445e+00 1.635726905705536804e-01
2.532119989395141602e+00 7.592521413337800507e-01
2.535690069198608398e+00 1.827068684000464904e-01
2.538749933242797852e+00 7.603475638065335107e-02
2.538759946823120117e+00 8.286987768189835180e-02
2.542180061340332031e+00 5.964309313663784806e-01
2.545880079269409180e+00 9.665404144092826916e-03
2.546020030975341797e+00 9.283402855154504474e-02
2.552730083465576172e+00 2.316843091886799239e-02
2.559770107269287109e+00 3.788488469150364663e-02
2.563990116119384766e+00 1.492053096379342414e-01
2.580780029296875000e+00 2.442070528071348459e-02
2.585910081863403320e+00 1.313768313422547296e+00
2.599060058593750000e+00 2.915402514927345479e-01
2.601269960403442383e+00 2.344618993103177451e-01
2.612529993057250977e+00 2.400793607693396323e-02
2.623389959335327148e+00 9.678854624945447405e-02
2.627530097961425781e+00 1.062440450066983455e-01
2.628269910812377930e+00 2.502745324164576401e-02
2.633330106735229492e+00 1.776702746143391798e-01
2.665669918060302734e+00 1.579256709490066135e-01
2.667920112609863281e+00 4.024332479103973070e-02
2.675920009613037109e+00 1.667126715304782791e-01
2.685570001602172852e+00 2.695640940944935005e-02
2.687619924545288086e+00 7.001547802852753355e-02
2.688750028610229492e+00 2.104809253009940762e-01
2.694700002670288086e+00 1.902029434758475968e-01
2.700609922409057617e+00 1.429746396098552919e-01
2.701839923858642578e+00 8.852331884102507265e-02
2.702699899673461914e+00 1.550507094326097068e-01
2.711649894714355469e+00 6.582867507642548022e-02
2.711970090866088867e+00 2.366436783217558404e-01
2.712889909744262695e+00 1.423495921095281336e-01
2.715250015258789062e+00 1.526839782686813599e-02
2.720269918441772461e+00 1.313488669509864926e-01
2.720880031585693359e+00 4.014631218806433699e-01
2.723750114440917969e+00 5.093127834711201618e-02
2.731529951095581055e+00 1.690880845084183071e-01
2.736190080642700195e+00 2.126463284024011635e-01
2.743930101394653320e+00 2.954280285017099605e-02
2.744019985198974609e+00 4.971162627106572723e-02
2.750459909439086914e+00 4.938427044263352800e-02
2.754019975662231445e+00 9.192150751886829507e-02
2.775530099868774414e+00 2.526942236677035547e-01
2.785219907760620117e+00 5.272134361856639639e-02
2.791399955749511719e+00 1.319387112334749652e-02
2.848129987716674805e+00 6.273818825899193929e-02
2.866410017013549805e+00 6.425866275398420258e-02
2.871459960937500000e+00 1.603292534697500493e-01
2.881259918212890625e+00 8.158388412143015300e-02
2.882750034332275391e+00 3.349066360007851156e-02
2.897759914398193359e+00 3.007201575547081840e-02
2.910079956054687500e+00 8.946448973255899384e-02
2.913180112838745117e+00 5.483862235160514437e-02
2.914520025253295898e+00 7.833131461373850357e-02
2.914599895477294922e+00 2.284576921091574508e-01
2.916130065917968750e+00 7.256997411307407331e-02
2.926069974899291992e+00 7.866705675518671781e-02
2.930510044097900391e+00 6.300975436532701979e-02
2.938970088958740234e+00 1.531261807945260844e-01
2.942130088806152344e+00 6.127959483305388949e-02
2.950649976730346680e+00 4.789442248384846723e-02
2.954200029373168945e+00 1.524843469774024018e-01
2.958529949188232422e+00 8.388715298848763158e-02
2.959100008010864258e+00 1.117953384157374941e-01
2.961649894714355469e+00 1.327077095024924991e-01
2.966160058975219727e+00 3.781566996926816193e-02
2.968440055847167969e+00 8.497497574591475478e-02
2.973069906234741211e+00 1.170800360888085145e-01
2.973750114440917969e+00 1.057466489300245283e-01
2.976999998092651367e+00 4.748734369352618223e-02
2.977920055389404297e+00 5.344234022807076157e-02
2.983210086822509766e+00 3.654878550053605041e-02
2.983540058135986328e+00 2.199877418387883796e-02
2.987950086593627930e+00 8.877385561665582236e-02
2.989350080490112305e+00 1.358692410614845969e-01
2.989759922027587891e+00 6.184471201249309991e-02
3.002629995346069336e+00 5.547038968400518771e-02
3.028739929199218750e+00 3.068683929084064024e-02
3.033479928970336914e+00 3.947525204355360057e-02
3.033859968185424805e+00 7.357935505819689082e-02
3.053349971771240234e+00 9.219686697530705966e-02
3.054830074310302734e+00 9.798797549770948967e-02
3.065249919891357422e+00 4.247156151533945656e-02
3.070780038833618164e+00 3.969007765993603359e-02
3.082979917526245117e+00 1.261860979446683961e-01
3.085220098495483398e+00 9.012376098120501722e-02
3.091550111770629883e+00 1.282131768975267594e-01
3.098579883575439453e+00 1.382425461533419442e-01
3.106519937515258789e+00 2.980491756714400906e-02
3.108099937438964844e+00 3.141869531623070477e-02
3.109699964523315430e+00 4.837351847612517131e-02
3.110069990158081055e+00 1.160589900268188951e-01
3.111449956893920898e+00 6.013447279333352519e-02
3.112649917602539062e+00 8.505986810002988396e-02
3.113169908523559570e+00 5.678543749751423231e-02
3.114109992980957031e+00 4.395912584249090510e-02
3.116319894790649414e+00 3.171174395708126897e-02
3.119369983673095703e+00 5.770280587738299549e-02
3.133709907531738281e+00 3.728406794816845060e-02
3.137330055236816406e+00 2.771175512168852842e-02
3.137619972229003906e+00 5.079395918852497999e-02
3.144759893417358398e+00 1.813041024543004254e-01
3.152489900588989258e+00 7.265786850392760843e-02
3.152990102767944336e+00 3.042674806878159499e-02
3.163409948348999023e+00 2.002716679192616533e-01
3.181109905242919922e+00 4.316565496274320929e-02
3.182179927825927734e+00 8.953539381512259920e-02
3.184770107269287109e+00 8.149054127468899344e-02
3.195940017700195312e+00 6.565899193365976050e-02
3.197760105133056641e+00 5.802449265459909411e-02
3.207969903945922852e+00 4.110196342937325054e-02
3.210870027542114258e+00 1.275867898135962797e-01
3.215150117874145508e+00 3.445158482893583840e-01
3.289849996566772461e+00 2.931676078984712247e-02
3.292939901351928711e+00 5.680541737920538625e-02
3.297489881515502930e+00 4.150536044003136360e-01
3.302750110626220703e+00 5.485556575889896647e-02
3.305249929428100586e+00 5.778152331875929804e-02
3.308069944381713867e+00 5.003484716236605845e-02
3.320580005645751953e+00 2.061547681904849633e-02
3.324889898300170898e+00 7.262314665214750220e-02
3.325949907302856445e+00 1.389008295477878185e-01
3.334749937057495117e+00 1.699351944201308584e-01
3.334969997406005859e+00 4.369330247097611558e-02
3.337100028991699219e+00 4.316098264243617422e-02
3.339469909667968750e+00 3.747897116924988475e-02
3.340660095214843750e+00 1.104360871667903199e-01
3.340840101242065430e+00 5.344854334713498162e-02
3.342129945755004883e+00 5.553116747354008148e-02
3.343709945678710938e+00 1.386089034582508039e-01
3.348510026931762695e+00 9.614565459694306149e-02
3.351160049438476562e+00 4.488642984547026871e-02
3.354579925537109375e+00 2.150280476626810766e-01
3.360340118408203125e+00 1.028420970264043999e-01
3.362950086593627930e+00 1.378816557792268138e-01
3.363519906997680664e+00 2.736948489717932476e-01
3.370189905166625977e+00 3.033175937394254340e-02
3.443409919738769531e+00 1.945173029632957795e-01
3.462850093841552734e+00 2.558600176962370631e-01
3.464639902114868164e+00 1.416447837217948980e-01
3.465250015258789062e+00 1.662309174561666658e-01
3.467390060424804688e+00 1.580865699585354278e-01
3.478490114212036133e+00 3.759001423637870487e-01
3.481300115585327148e+00 1.773346052769314216e-02
3.484730005264282227e+00 8.901117454710771870e-02
3.498159885406494141e+00 3.290685932623609727e-02
3.507529973983764648e+00 1.998160531512276072e-01
3.524600028991699219e+00 1.051199538672919626e-01
3.527250051498413086e+00 5.324761935579898353e-02
3.531769990921020508e+00 7.923928719857272970e-03
3.532850027084350586e+00 1.207480864935038534e-02
3.537519931793212891e+00 8.014733834073775598e-02
3.539649963378906250e+00 1.044615857469686215e-01
3.541260004043579102e+00 1.220455312428066728e-02
3.542040109634399414e+00 4.534853418240936129e-02
3.544770002365112305e+00 2.483392067503617864e-02
3.549580097198486328e+00 3.802163438258823747e-02
3.549619913101196289e+00 4.705153524550888255e-02
3.550630092620849609e+00 3.453916175942652739e-02
3.551640033721923828e+00 3.551423190690530807e-02
3.554899930953979492e+00 1.055121581237430765e-02
3.561480045318603516e+00 2.170910234770634661e-01
3.574830055236816406e+00 4.498508952911332848e-02
3.576970100402832031e+00 3.623509464629295213e-02
3.580389976501464844e+00 9.483658755820825736e-02
3.589179992675781250e+00 8.798393780938103259e-02
3.594059944152832031e+00 9.271617601229933947e-02
3.619230031967163086e+00 6.930137538465672153e-02
3.621049880981445312e+00 1.399478639974378602e-01
3.633749961853027344e+00 1.117089751836913489e-02
3.634140014648437500e+00 5.106516663332695549e-02
3.641979932785034180e+00 1.030522388569398914e-02
3.642359972000122070e+00 6.772684594680365711e-02
3.644289970397949219e+00 9.601022583794621701e-02
3.660379886627197266e+00 1.109522790788913284e-02
3.663609981536865234e+00 7.465295092115212250e-02
3.679500102996826172e+00 5.152260366970437544e-02
3.680999994277954102e+00 6.941714340787590032e-02
3.684770107269287109e+00 5.534006860019360929e-02
3.689749956130981445e+00 2.516078904385865220e-02
3.694250106811523438e+00 9.681128955339945996e-02
3.697139978408813477e+00 1.163592345933603250e-01
3.698139905929565430e+00 1.000306700457028047e-01
3.698250055313110352e+00 1.880698299959396302e-02
3.699529886245727539e+00 3.718017278861465019e-02
3.700249910354614258e+00 9.326654099489085914e-02
3.704289913177490234e+00 4.638557391078466929e-02
3.704410076141357422e+00 8.351352762743863289e-02
3.720069885253906250e+00 1.491873993208951144e-01
3.720870018005371094e+00 4.790291660156565517e-02
3.724080085754394531e+00 3.167747723936212290e-02
3.724570035934448242e+00 2.734809126638138577e-01
3.724669933319091797e+00 1.987470013869813146e-01
3.730950117111206055e+00 4.089289635973083342e-02
3.731400012969970703e+00 1.211972837010859699e-01
3.732820034027099609e+00 1.895122820764669549e-02
3.750849962234497070e+00 3.001849132569156878e-02
3.770869970321655273e+00 3.583062421940349379e-02
3.774679899215698242e+00 3.479341984875879840e-02
3.778219938278198242e+00 6.183470891075466824e-02
3.783740043640136719e+00 3.539992915867856693e-02
3.792119979858398438e+00 1.627772173345687357e-01
3.799360036849975586e+00 1.614427724500533956e-01
3.809099912643432617e+00 1.397503019237057165e-01
3.810080051422119141e+00 7.060289931087873616e-02
3.888910055160522461e+00 9.194322957739980984e-02
3.893179893493652344e+00 6.320714558050186116e-02
3.894799947738647461e+00 1.018083835556941180e-01
3.898360013961791992e+00 3.436691378365266947e-02
3.901139974594116211e+00 6.071585749620037054e-02
3.906579971313476562e+00 6.916417966452720334e-02
3.909179925918579102e+00 4.516169163579482337e-02
3.909849882125854492e+00 1.666582435757315017e-01
3.915489912033081055e+00 2.816094377600890375e-02
3.916100025177001953e+00 3.766472710204928076e-02
3.916699886322021484e+00 3.872700360847962375e-02
3.918200016021728516e+00 1.176909573197927883e-01
3.923599958419799805e+00 8.383218814026693888e-02
3.924010038375854492e+00 1.321035777922903165e-01
3.924510002136230469e+00 2.723326879744375831e-02
3.924989938735961914e+00 7.392050406473818502e-02
3.926209926605224609e+00 6.521440725707069452e-01
3.926460027694702148e+00 1.056625534324936305e-02
3.946729898452758789e+00 3.911598916931940950e-02
3.960210084915161133e+00 6.683224232679625676e-02
3.961549997329711914e+00 6.065216912177952974e-02
3.964519977569580078e+00 7.393283134184573668e-02
3.969029903411865234e+00 5.154369303897670535e-02
3.982120037078857422e+00 4.274011250007463819e-02
4.038969993591308594e+00 6.838508383189838280e-02
4.041389942169189453e+00 1.371047935681797281e-01
4.055260181427001953e+00 3.653235011906549867e-02
4.058499813079833984e+00 4.462572382908210761e-02
4.065989971160888672e+00 7.594100739849166115e-02
4.069399833679199219e+00 8.355007188887872416e-02
4.085569858551025391e+00 2.077477137639221760e-01
4.093150138854980469e+00 6.899542026524306537e-02
4.096539974212646484e+00 1.017029808501472427e-01
4.099760055541992188e+00 4.411915114019507311e-02
4.102320194244384766e+00 5.057568022549635556e-01
4.109570026397705078e+00 6.973276963149790397e-01
4.117599964141845703e+00 5.794321440752210617e-02
4.122519969940185547e+00 1.816488134800206891e-02
4.130420207977294922e+00 1.103692488119188859e-02
4.138070106506347656e+00 2.302407593619984830e-02
4.139760017395019531e+00 1.196665990944712453e-02
4.139800071716308594e+00 6.439168624772015348e-02
4.140769958496093750e+00 3.761302990209455105e-02
4.143789768218994141e+00 1.020846914646893755e-01
4.146850109100341797e+00 1.302607285930398040e-01
4.146930217742919922e+00 9.997918617125064328e-03
4.154290199279785156e+00 4.299455982771054063e-02
4.159399986267089844e+00 1.793646487611087401e-02
4.159870147705078125e+00 2.490207166268129102e-01
4.163690090179443359e+00 1.063318719606755336e-01
4.171229839324951172e+00 2.114489711332270122e-02
4.171279907226562500e+00 1.853733306087349680e-02
4.173389911651611328e+00 5.800956563417641182e-02
4.186759948730468750e+00 3.251215486021945267e-02
4.191269874572753906e+00 5.374979540886241913e-02
4.191299915313720703e+00 5.234203556962470361e-02
4.197790145874023438e+00 1.511527260756842794e-01
4.207640171051025391e+00 5.652693922890882766e-02
4.209969997406005859e+00 3.456519750786725409e-02
4.231560230255126953e+00 5.431652370636212701e-02
4.235620021820068359e+00 5.541540277344719073e-02
4.248799800872802734e+00 5.297842970127984719e-02
4.270279884338378906e+00 4.362453382973221355e-02
4.270339965820312500e+00 1.903289975409460863e-02
4.270569801330566406e+00 1.720152394857585310e-01
4.271450042724609375e+00 1.288957163743285339e-01
4.278419971466064453e+00 2.195190730922088468e-02
4.279500007629394531e+00 1.226859214104664558e-01
4.281109809875488281e+00 6.187624056180086873e-02
4.282830238342285156e+00 4.034107983034552342e-02
4.286680221557617188e+00 3.589432961309030334e-02
4.289599895477294922e+00 1.080364385472990935e-01
4.293310165405273438e+00 3.446804202498420650e-02
4.296100139617919922e+00 1.800599214175740287e-02
4.303540229797363281e+00 3.500129068624559248e-02
4.311110019683837891e+00 8.447375971536577599e-02
4.320260047912597656e+00 3.263700647840003105e-02
4.321290016174316406e+00 5.374948490471626733e-02
4.321670055389404297e+00 3.298654621862796843e-02
4.323200225830078125e+00 3.726425070019397101e-02
4.325870037078857422e+00 3.237500063520414723e-02
4.331970214843750000e+00 6.310964678188568655e-02
4.337629795074462891e+00 8.056648351696032995e-02
4.345499992370605469e+00 2.302490916096746887e-01
4.370480060577392578e+00 3.540995108999862861e-02
4.370629787445068359e+00 1.806782610256137678e-01
4.374919891357421875e+00 6.703196996668187024e-02
4.375699996948242188e+00 1.467912755970816885e-01
4.379049777984619141e+00 8.447968351194010128e-02
4.381140232086181641e+00 9.762456856748361056e-02
4.390029907226562500e+00 1.473112472483205926e-01
4.400629997253417969e+00 2.344035674185577234e-01
4.476729869842529297e+00 4.938369405603793005e-02
4.479189872741699219e+00 5.207765558217688356e-02
4.495969772338867188e+00 5.713604852406452272e-02
4.500850200653076172e+00 1.578090612886296762e-01
4.501999855041503906e+00 8.344629499081032686e-03
4.506229877471923828e+00 3.762397606610795586e-02
4.506869792938232422e+00 5.040797965718885054e-02
4.506909847259521484e+00 4.068310810915139880e-02
4.508369922637939453e+00 1.885703396610114435e-01
4.509369850158691406e+00 1.367685599449562361e-01
4.512010097503662109e+00 3.593393570150735933e-02
4.513229846954345703e+00 2.799678509258300349e-02
4.521130084991455078e+00 1.904383579180409999e-02
4.522500038146972656e+00 3.831834120764962548e-02
4.524360179901123047e+00 2.256643127059511367e-01
4.525440216064453125e+00 1.349881981334259684e-01
4.527349948883056641e+00 1.364920593604168064e-01
4.542600154876708984e+00 5.117206957507683396e-02
4.542860031127929688e+00 4.798012565425098519e-02
4.550149917602539062e+00 5.773647034571701558e-02
4.552169799804687500e+00 1.573240322167511127e-02
4.557479858398437500e+00 2.546971522226188500e-01
4.559420108795166016e+00 7.918963722208807732e-02
4.576350212097167969e+00 1.017365710651160493e-01
4.638879776000976562e+00 1.288638607842126083e-01
4.640490055084228516e+00 1.735590471967919379e-01
4.649559974670410156e+00 6.560870952882257023e-02
4.650579929351806641e+00 1.169118680220920525e-01
4.654160022735595703e+00 7.916034828979437443e-02
4.655159950256347656e+00 2.043464607789996501e-01
4.660789966583251953e+00 5.565029654298134232e-02
4.672460079193115234e+00 5.480581511644016385e-02
4.697730064392089844e+00 1.833078495717462564e-01
4.706560134887695312e+00 7.770344070441059792e-02
4.709080219268798828e+00 3.499118344699628236e-02
4.722149848937988281e+00 2.989667725161875012e-02
4.722889900207519531e+00 2.433359124758002201e-01
4.726769924163818359e+00 3.069331126159725517e-02
4.731100082397460938e+00 7.292831694484010197e-02
4.737120151519775391e+00 5.229272333539863871e-02
4.739560127258300781e+00 5.226990660833841229e-02
4.739719867706298828e+00 5.414072851154721339e-02
4.740920066833496094e+00 9.483838802678076774e-02
4.744550228118896484e+00 1.704129164319434508e-01
4.745880126953125000e+00 5.248759146450854979e-02
4.748929977416992188e+00 1.978347498955471684e-01
4.749609947204589844e+00 8.625517049434504313e-02
4.749869823455810547e+00 2.048609938600245983e-02
4.753960132598876953e+00 6.251038002484939071e-02
4.756529808044433594e+00 1.963512447477617703e-02
4.760129928588867188e+00 1.571713843215564663e-02
4.761020183563232422e+00 7.954879304362764969e-02
4.762979984283447266e+00 7.913473940653817373e-02
4.769040107727050781e+00 8.457662058147333295e-02
4.771739959716796875e+00 5.514688346635396310e-02
4.772709846496582031e+00 8.337881778864493498e-02
4.798980236053466797e+00 4.214469943267487584e-02
4.817629814147949219e+00 7.097687040186397844e-01
4.821100234985351562e+00 5.655359841014778038e-02
4.828670024871826172e+00 2.371963702939554330e-02
4.850279808044433594e+00 3.919386433804813996e-02
4.859029769897460938e+00 3.430986234668598200e-02
4.863749980926513672e+00 4.325422738292949293e-02
4.870920181274414062e+00 2.841439280951133656e-02
4.872600078582763672e+00 1.507717761578611093e-01
4.874599933624267578e+00 5.256432299216550613e-02
4.878049850463867188e+00 7.199032752150634484e-02
4.881979942321777344e+00 4.277771634168137799e-02
4.882549762725830078e+00 8.188069398944305965e-02
4.883279800415039062e+00 3.971642749671671496e-02
4.887350082397460938e+00 5.309907932563819738e-02
4.888239860534667969e+00 2.707859152044041207e-02
4.891429901123046875e+00 1.098333105950450445e-01
4.894559860229492188e+00 3.733756726447333696e-01
4.895189762115478516e+00 3.484223139403626324e-02
4.899869918823242188e+00 5.199497532252443932e-01
4.901659965515136719e+00 2.136523188193373557e-01
4.903299808502197266e+00 1.963328041563690562e-01
4.903419971466064453e+00 1.383164735035721238e-01
4.904349803924560547e+00 2.223090301619485426e-02
4.904960155487060547e+00 1.760338155892077205e-01
4.907790184020996094e+00 1.499950906154432634e-02
4.910870075225830078e+00 7.113411072273569113e-02
4.912119865417480469e+00 4.147327633610067149e-02
4.927760124206542969e+00 4.676473741600787326e-01
4.930009841918945312e+00 2.203696668127432534e-01
4.981019973754882812e+00 9.712726279670572116e-02
4.984489917755126953e+00 1.301603118816435090e-01
4.990369796752929688e+00 1.338519464470438458e-01
4.992479801177978516e+00 1.554225483389287121e-01
5.015749931335449219e+00 2.761986336720804180e-01
5.026249885559082031e+00 1.802548443687320701e-01
5.056620121002197266e+00 7.938076690422164738e-02
5.061460018157958984e+00 9.072579714937653583e-02
5.072340011596679688e+00 3.841791197147628040e-02
5.073860168457031250e+00 3.438435653548761739e-02
5.081429958343505859e+00 7.421261837640949488e-02
5.083429813385009766e+00 4.828050021154262766e-02
5.086629867553710938e+00 5.457343012092836371e-02
5.088379859924316406e+00 1.937221821996775242e-02
5.090410232543945312e+00 2.586803987617290398e-02
5.090710163116455078e+00 6.169296969022747962e-02
5.091539859771728516e+00 8.094025149005154574e-02
5.092249870300292969e+00 2.207414060220014643e-02
5.095499992370605469e+00 2.881522625380533720e-02
5.098750114440917969e+00 7.809899837254463684e-02
5.100339889526367188e+00 8.999371170751759019e-03
5.104060173034667969e+00 1.170687729090894441e-01
5.108220100402832031e+00 1.593275665180988454e-01
5.117430210113525391e+00 7.046665078147974770e-02
5.118319988250732422e+00 2.544952858270093515e-02
5.121560096740722656e+00 4.775271058416181991e-02
5.129479885101318359e+00 1.090441312713241462e-01
5.131080150604248047e+00 1.561607048512460294e-01
5.131529808044433594e+00 3.977927006274939448e-02
5.140870094299316406e+00 5.095970974322598657e-02
5.190849781036376953e+00 2.758730239883144808e-01
5.213850021362304688e+00 2.722182378607646697e-02
5.254290103912353516e+00 4.834620582098240332e-02
5.262670040130615234e+00 6.458832872847450335e-02
5.266129970550537109e+00 9.631862738396287926e-02
5.271299839019775391e+00 3.839696310731463558e-02
5.288619995117187500e+00 2.016580182356149942e-01
5.292409896850585938e+00 5.150653761157054922e-02
5.293610095977783203e+00 3.630159808298127899e-02
5.295000076293945312e+00 5.444639763576840027e-03
5.306849956512451172e+00 2.123694744380244873e-02
5.307509899139404297e+00 8.451556863664418107e-02
5.308460235595703125e+00 1.559547379860161120e-01
5.310160160064697266e+00 3.464414291667385071e-02
5.310180187225341797e+00 1.916924687633937002e-02
5.310369968414306641e+00 5.285042663879162272e-02
5.315370082855224609e+00 6.183090935614499184e-02
5.319220066070556641e+00 5.641230016236914446e-02
5.320280075073242188e+00 2.520448033712522837e-02
5.324429988861083984e+00 5.391666360567565208e-02
5.329750061035156250e+00 9.088711936300070127e-02
5.330800056457519531e+00 4.762512603940056294e-02
5.332089900970458984e+00 6.541137486313212956e-02
5.332890033721923828e+00 2.553024493904683390e-02
5.334400177001953125e+00 3.157954217370585737e-02
5.335410118103027344e+00 5.369344518100759717e-02
5.336030006408691406e+00 1.854651466415414840e-02
5.343319892883300781e+00 3.918439148104300995e-02
5.345170021057128906e+00 5.504575678737105154e-02
5.346549987792968750e+00 8.773857816256830366e-02
5.362090110778808594e+00 4.882349960482978285e-02
5.365019798278808594e+00 8.102011137076328695e-02
5.374730110168457031e+00 8.260894152152872816e-02
5.391570091247558594e+00 6.942783890541995295e-02
5.409150123596191406e+00 1.568041705328416802e-01
5.413430213928222656e+00 4.475001263096311382e-02
5.440770149230957031e+00 4.449425643279951437e-02
5.441619873046875000e+00 6.380085146192059076e-02
5.441659927368164062e+00 5.961087449929912407e-02
5.443230152130126953e+00 4.953343873566536798e-02
5.453199863433837891e+00 1.219782015210148229e-01
5.460050106048583984e+00 5.120252593104255429e-02
5.464149951934814453e+00 1.990470963223676254e-02
5.464680194854736328e+00 1.227124746522867751e-02
5.465640068054199219e+00 2.189921500783302555e-02
5.466479778289794922e+00 5.971132071774219729e-02
5.471849918365478516e+00 7.668585600112011458e-02
5.472799777984619141e+00 5.219818786477776335e-02
5.476150035858154297e+00 2.814310071278817646e-02
5.478219985961914062e+00 4.279442786489088407e-02
5.481359958648681641e+00 4.076557025747848395e-02
5.486080169677734375e+00 1.037460681410325714e-01
5.486589908599853516e+00 4.422776019341198572e-02
5.489260196685791016e+00 3.289820515481755026e-01
5.492969989776611328e+00 4.450831990989967402e-02
5.495130062103271484e+00 1.395012678551461882e-01
5.495349884033203125e+00 7.100387048256709410e-02
5.498330116271972656e+00 1.187486637610789958e-01
5.500349998474121094e+00 2.790978839869016903e-02
5.506820201873779297e+00 6.825338612647148528e-02
5.517429828643798828e+00 3.682477446611034932e-02
5.534719944000244141e+00 1.040850315796741365e-01
5.539559841156005859e+00 5.425698018672543005e-02
5.548059940338134766e+00 5.469658498250887929e-02
5.556469917297363281e+00 1.125591227072294254e-01
5.567900180816650391e+00 6.650886565276385720e-02
5.592309951782226562e+00 1.020099598572161148e-01
5.592370033264160156e+00 2.172327891355454454e-01
5.658010005950927734e+00 1.406122324151574676e-01
5.658460140228271484e+00 1.594081445772383143e-01
5.665840148925781250e+00 3.383083327568594395e-02
5.666309833526611328e+00 6.066173876944881693e-02
5.668789863586425781e+00 2.675155671279034753e-01
5.669330120086669922e+00 7.528668943603497588e-02
5.670050144195556641e+00 3.768057498839441632e-02
5.674190044403076172e+00 1.558143422054836524e-01
5.685880184173583984e+00 4.660194227795051714e-02
5.688199996948242188e+00 1.351294952343590726e-02
5.696040153503417969e+00 8.172686365996453817e-02
5.699639797210693359e+00 7.821825544493404489e-03
5.701369762420654297e+00 6.890944170605477204e-02
5.701690196990966797e+00 4.367616302224636149e-02
5.702209949493408203e+00 1.039861241634549155e-01
5.709710121154785156e+00 4.011903561411221675e-02
5.709730148315429688e+00 4.998962526209640989e-02
5.711760044097900391e+00 3.735297145294379229e-03
5.713570117950439453e+00 4.712368501287673289e-02
5.716589927673339844e+00 6.531697430626687284e-02
5.718060016632080078e+00 1.424793744309494348e-01
5.726119995117187500e+00 7.906345018686847248e-02
5.731110095977783203e+00 6.724076876082098198e-02
5.742380142211914062e+00 5.078761984453883382e-02
5.795829772949218750e+00 7.114071137319159799e-02
5.806310176849365234e+00 1.033353413824994460e-01
5.821499824523925781e+00 7.101161085464281764e-02
5.831309795379638672e+00 7.706537650158275243e-02
5.840109825134277344e+00 1.866923108818333010e-02
5.850039958953857422e+00 5.329593617319024895e-02
5.856100082397460938e+00 1.074667431486605595e-01
5.860779762268066406e+00 5.806028168933538569e-02
5.863880157470703125e+00 6.736677607139698876e-02
5.873209953308105469e+00 7.892145615018796023e-02
5.877319812774658203e+00 1.417540862693298653e-01
5.878560066223144531e+00 4.616402626777010854e-02
5.880589962005615234e+00 1.932844167257167511e-01
5.893879890441894531e+00 6.461684490692011507e-02
5.897520065307617188e+00 3.057384357601234393e-01
5.905010223388671875e+00 5.160934375625259030e-02
5.910719871520996094e+00 1.268800953440677171e-01
5.911099910736083984e+00 1.178047195230671751e-01
5.912310123443603516e+00 8.722145674120300451e-02
5.913259983062744141e+00 2.331036023273574953e-02
5.914500236511230469e+00 6.039604956605781894e-02
5.914649963378906250e+00 2.897335855276738162e-02
5.925270080566406250e+00 6.451927933324938524e-02
5.928070068359375000e+00 1.154668944944658472e-02
5.928420066833496094e+00 3.317130933317331831e-02
5.929860115051269531e+00 1.166905164158732050e-01
5.931580066680908203e+00 7.995686795229818566e-02
5.934949874877929688e+00 7.863868112251611031e-02
5.943860054016113281e+00 4.968788918338234994e-02
5.944550037384033203e+00 1.538680978707419045e-01
5.955440044403076172e+00 3.680799725344049977e-02
5.957880020141601562e+00 4.407555069563749706e-02
5.967269897460937500e+00 9.420135405548828514e-03
5.971409797668457031e+00 1.022511111333911649e-01
5.994420051574707031e+00 6.219920738807602906e-02
6.002329826354980469e+00 2.749847216877692249e-02
6.014480113983154297e+00 8.790352633168213581e-02
6.021979808807373047e+00 5.247421977706334673e-02
6.026820182800292969e+00 1.608237334930056883e-01
6.037849903106689453e+00 6.625210403082480715e-02
6.039259910583496094e+00 4.064170706526230858e-02
6.042950153350830078e+00 4.508085327024056316e-02
6.043220043182373047e+00 4.339811808866844700e-02
6.046110153198242188e+00 1.932544501606239112e-02
6.051080226898193359e+00 2.427547231259495619e-02
6.051859855651855469e+00 5.088261033328810717e-02
6.055359840393066406e+00 6.414715409306638583e-02
6.060939788818359375e+00 3.186012122384782042e-02
6.062860012054443359e+00 4.162148166803827237e-02
6.066709995269775391e+00 8.537925325948368671e-02
6.070370197296142578e+00 7.408933765979058839e-02
6.073820114135742188e+00 8.885725573384374576e-02
6.074240207672119141e+00 5.599421023383868712e-02
6.079360008239746094e+00 4.250083258630234923e-02
6.080019950866699219e+00 8.179206268346198017e-02
6.080589771270751953e+00 5.178235512517487954e-02
6.086040019989013672e+00 1.619852059001139835e-02
6.089529991149902344e+00 4.448019595316053676e-02
6.100130081176757812e+00 5.955205691545127633e-02
6.119080066680908203e+00 4.704899707177077894e-02
6.124139785766601562e+00 8.788712798537109960e-02
6.125500202178955078e+00 1.071896256156807947e-01
6.138400077819824219e+00 7.367393738739021203e-02
6.140659809112548828e+00 7.333457748551522326e-02
6.142610073089599609e+00 8.079726036721986138e-02
6.144820213317871094e+00 6.584771839461575627e-02
6.179269790649414062e+00 8.148055163247351629e-02
6.185160160064697266e+00 5.578539014980676836e-01
6.229750156402587891e+00 8.751437276747914273e-02
6.246429920196533203e+00 8.680500821221982799e-02
6.254459857940673828e+00 6.453438656990935496e-02
6.260650157928466797e+00 1.233081020831045260e-01
6.262720108032226562e+00 1.961593064247564022e-01
6.266550064086914062e+00 7.147494876648657902e-02
6.267210006713867188e+00 2.629803388402983388e-02
6.267920017242431641e+00 8.366597957947574660e-02
6.268849849700927734e+00 1.004735766571580036e-01
6.269030094146728516e+00 3.447185645910431917e-02
6.273940086364746094e+00 1.365223322487042479e-01
6.274139881134033203e+00 1.547806777232692832e-01
6.275809764862060547e+00 2.695594061378580111e-02
6.279210090637207031e+00 4.474302497618264790e-02
6.295919895172119141e+00 1.020587142218192106e-01
6.296160221099853516e+00 1.140988350961626291e-01
6.300079822540283203e+00 1.351152232976557399e-01
6.308050155639648438e+00 4.700236936161829304e-02
6.308249950408935547e+00 3.043466362839563483e-02
6.309939861297607422e+00 7.454334195982648126e-02
6.317480087280273438e+00 9.435325895663301821e-02
6.319019794464111328e+00 9.790758121510467760e-02
6.336229801177978516e+00 7.822490289991670953e-02
6.342420101165771484e+00 5.006507787345048505e-02
6.399189949035644531e+00 2.680095924455764278e-01
6.400440216064453125e+00 2.862178313651489447e-01
6.412129878997802734e+00 7.326973700872069228e-02
6.414639949798583984e+00 6.340057186876423001e-02
6.417789936065673828e+00 9.400792140520838891e-02
6.426080226898193359e+00 1.234907761406582177e-01
6.429840087890625000e+00 2.309448065664524985e-01
6.446650028228759766e+00 4.899821007429801256e-02
6.447559833526611328e+00 8.558608296700109808e-02
6.453229904174804688e+00 1.409027109444480619e-01
6.454070091247558594e+00 5.764791425804566272e-02
6.461579799652099609e+00 5.736549726612275024e-02
6.480750083923339844e+00 6.911222794219684662e-02
6.481750011444091797e+00 6.836423778517316911e-03
6.483039855957031250e+00 1.246562292609319604e-02
6.484779834747314453e+00 3.264760905866037621e-02
6.485849857330322266e+00 4.814552050220956281e-02
6.487949848175048828e+00 9.473428700397244773e-02
6.490029811859130859e+00 7.393255568721354698e-02
6.491730213165283203e+00 5.727374182679848685e-02
6.497779846191406250e+00 3.149660912461606926e-02
6.502389907836914062e+00 1.985582977102896551e-01
6.504640102386474609e+00 1.992479703981843778e-02
6.510429859161376953e+00 2.262301952943722091e-02
6.520880222320556641e+00 5.313124725791975450e-02
6.529089927673339844e+00 2.797498877034625131e-02
6.534880161285400391e+00 9.598583145509589909e-02
6.535419940948486328e+00 6.463032770983753728e-02
6.545839786529541016e+00 2.679730802673896406e-01
6.546020030975341797e+00 4.395003352199475938e-02
6.565670013427734375e+00 8.717113301362844346e-02
6.568180084228515625e+00 4.543477467113696266e-02
6.569359779357910156e+00 3.643417834748199913e-02
6.569940090179443359e+00 4.405060135382824621e-02
6.584050178527832031e+00 3.950455348125428423e-02
6.587609767913818359e+00 8.279007441734462236e-02
6.587729930877685547e+00 3.922295646987741108e-02
6.619400024414062500e+00 4.507202833825818544e-02
6.623660087585449219e+00 2.095392611916429074e-02
6.624100208282470703e+00 6.174560004239005445e-02
6.628940105438232422e+00 5.046441938711104802e-02
6.635690212249755859e+00 6.427505554199071380e-02
6.639659881591796875e+00 3.781449688337124027e-02
6.642590045928955078e+00 3.230499902645993238e-02
6.648560047149658203e+00 6.045069466847369927e-02
6.650619983673095703e+00 7.007244925876332520e-02
6.652390003204345703e+00 6.179779803518444664e-02
6.652910232543945312e+00 1.192617686319658726e-01
6.654069900512695312e+00 4.154880339155240382e-02
6.659649848937988281e+00 7.478494601170695977e-02
6.662199974060058594e+00 6.215309438025384825e-02
6.663080215454101562e+00 4.110720622898203502e-02
6.666440010070800781e+00 6.773135327395707339e-02
6.670959949493408203e+00 4.196633566584746788e-02
6.672110080718994141e+00 1.460056489805336144e-01
6.673260211944580078e+00 2.014139402970178613e-02
6.677959918975830078e+00 6.010489253848523561e-02
6.679130077362060547e+00 2.501871624496663712e-02
6.682429790496826172e+00 4.523736429973469753e-02
6.689799785614013672e+00 6.384216672427958650e-02
6.706970214843750000e+00 1.241503672436827521e-01
6.716760158538818359e+00 6.515671425740192368e-02
6.717790126800537109e+00 4.258150215074114897e-02
6.735770225524902344e+00 3.017909767213913103e-02
6.745550155639648438e+00 1.244626017694742959e-01
6.758170127868652344e+00 1.334665047718021358e-01
6.766449928283691406e+00 1.139349041079407154e-01
6.772719860076904297e+00 1.183641487844190876e-01
6.833240032196044922e+00 1.416671421980485734e-01
6.844900131225585938e+00 1.498613157865984480e-01
6.845660209655761719e+00 1.293622134306103844e-01
6.847970008850097656e+00 1.810387528567070636e-01
6.860270023345947266e+00 7.298307031275026724e-02
6.860680103302001953e+00 6.881088899811349524e-02
6.861879825592041016e+00 2.224595684805769774e-02
6.868090152740478516e+00 1.211848988309871013e-02
6.869709968566894531e+00 9.683501135455348241e-02
6.870999813079833984e+00 5.008809036722233765e-02
6.875120162963867188e+00 2.138913685587474217e-02
6.875860214233398438e+00 5.408954788137176201e-02
6.876500129699707031e+00 7.904146754431595756e-02
6.876999855041503906e+00 3.467259673459149316e-01
6.883130073547363281e+00 8.006624666897850517e-02
6.886680126190185547e+00 5.625304816830758309e-02
6.890180110931396484e+00 1.904454485478620229e-01
6.891109943389892578e+00 1.735915378760009842e-01
6.892139911651611328e+00 2.986182758201469389e-02
6.906939983367919922e+00 3.445816510857667436e-02
6.913469791412353516e+00 8.129306822686385714e-02
6.933599948883056641e+00 1.176097768690683443e-01
6.953299999237060547e+00 2.421211740129480261e-01
6.956900119781494141e+00 6.904249036072040990e-01
6.973330020904541016e+00 1.739776788658437823e-01
6.986080169677734375e+00 1.075934319082090113e-01
7.009840011596679688e+00 1.009993865476235264e-01
7.018430233001708984e+00 1.348579086071689456e-02
7.023560047149658203e+00 1.262330540957996849e-01
7.030739784240722656e+00 8.612730083904518441e-02
7.031839847564697266e+00 1.438563065361192217e-01
7.032080173492431641e+00 1.716410459942946665e-01
7.036560058593750000e+00 1.648815656928518947e-01
7.061490058898925781e+00 9.264464082423824742e-02
7.065750122070312500e+00 1.099661314334282602e-01
7.071340084075927734e+00 3.365741098733545100e-01
7.077670097351074219e+00 4.669468146753425614e-02
7.081150054931640625e+00 5.234071583123064281e-02
7.082220077514648438e+00 2.848069838660571146e-02
7.082349777221679688e+00 5.988314540424940352e-02
7.093709945678710938e+00 4.090228674071436782e-02
7.094900131225585938e+00 3.251266718921590193e-02
7.094950199127197266e+00 2.837520651794538801e-02
7.098579883575439453e+00 1.080886545909371804e-01
7.100120067596435547e+00 4.149305820278394175e-02
7.102660179138183594e+00 4.080162867305534569e-01
7.102960109710693359e+00 3.106313966675866914e-02
7.106870174407958984e+00 3.847607488174355217e-02
7.107450008392333984e+00 6.739221175478682380e-02
7.114399909973144531e+00 4.777767201863282465e-02
7.117780208587646484e+00 2.722438079176876108e-02
7.118899822235107422e+00 1.405312793992579135e-01
7.127620220184326172e+00 3.728457822732765548e-02
7.135620117187500000e+00 3.426094421515874650e-02
7.140470027923583984e+00 5.269452297264919788e-02
7.144139766693115234e+00 1.383736233190123455e-01
7.149300098419189453e+00 5.407454084130017269e-02
7.149730205535888672e+00 1.791306479621041642e-02
7.177609920501708984e+00 8.189302432099995754e-02
7.190470218658447266e+00 1.271250907745582852e-02
7.197609901428222656e+00 1.321082451289019577e-01
7.207890033721923828e+00 5.233815682877097919e-02
7.221849918365478516e+00 2.149808583291136499e-02
7.237770080566406250e+00 4.175705871043165762e-02
7.242730140686035156e+00 1.154974058342056603e-01
7.245250225067138672e+00 1.714610927923908290e-02
7.245389938354492188e+00 2.196515218795375424e-01
7.245779991149902344e+00 2.827298612206106607e-02
7.245850086212158203e+00 1.961646660335880643e-02
7.248139858245849609e+00 2.498712031702645872e-02
7.248819828033447266e+00 1.177606141912510875e-02
7.249720096588134766e+00 6.268147121441977609e-02
7.251709938049316406e+00 3.942746791376543214e-02
7.256360054016113281e+00 4.767599395367529136e-02
7.256649971008300781e+00 1.434779278899945554e-01
7.260729789733886719e+00 1.874604292641631753e-01
7.265880107879638672e+00 1.430112444536905947e-01
7.269720077514648438e+00 7.285660460707379937e-02
7.271530151367187500e+00 1.879960550458719196e-02
7.272399902343750000e+00 4.222840215711121115e-02
7.273099899291992188e+00 5.701353582881285575e-02
7.274280071258544922e+00 1.752450511275523426e-01
7.276700019836425781e+00 1.531162778023896220e-01
7.286809921264648438e+00 5.438167148166845877e-01
7.290870189666748047e+00 1.687010036501589982e-01
7.298870086669921875e+00 8.946439830877622734e-02
7.316679954528808594e+00 1.330975977287561507e-01
7.323289871215820312e+00 9.101269773076010872e-02
7.349180221557617188e+00 8.122223628330503542e-02
7.355559825897216797e+00 8.077312280474711892e-02
7.359159946441650391e+00 1.163408626957916914e-01
7.365900039672851562e+00 2.432965509876804100e-01
7.426859855651855469e+00 2.132773412583460482e-01
7.434249877929687500e+00 1.870351568790468155e-01
7.447480201721191406e+00 1.259878225539249885e-01
7.448800086975097656e+00 7.816262571883966781e-02
7.456329822540283203e+00 1.352442358729979699e-01
7.457389831542968750e+00 3.649256174578153350e-02
7.460669994354248047e+00 5.400012095403602386e-01
7.462399959564208984e+00 7.487769154024410956e-02
7.462959766387939453e+00 9.565606164324845506e-02
7.464389801025390625e+00 2.346168798347454676e-02
7.464600086212158203e+00 1.039868162268952206e-01
7.465670108795166016e+00 2.819563572840569354e-02
7.465859889984130859e+00 5.836021327022015981e-02
7.468200206756591797e+00 8.708983813103980676e-02
7.471000194549560547e+00 2.242673458197605996e-01
7.474190235137939453e+00 3.747656120778058292e-02
7.480949878692626953e+00 3.074511186442993593e-01
7.482600212097167969e+00 2.602829078212450242e-01
7.488039970397949219e+00 1.638111761171116287e-01
7.489059925079345703e+00 8.540325628041556261e-02
7.491219997406005859e+00 5.464711705357901128e-02
7.491730213165283203e+00 2.694535371030353302e-02
7.496069908142089844e+00 7.357991982537701037e-02
7.500559806823730469e+00 6.971864426860976960e-02
7.587619781494140625e+00 1.796759487857571835e-01
7.592189788818359375e+00 3.782343638115839152e-02
7.611549854278564453e+00 1.072521879172298187e-01
7.619860172271728516e+00 5.482208748572479917e-02
7.620359897613525391e+00 1.061825968472452919e-01
7.624370098114013672e+00 5.357534432678290326e-02
7.631219863891601562e+00 3.703430786739574793e-02
7.638780117034912109e+00 1.376159268954291748e-01
7.640170097351074219e+00 6.535197802913098042e-02
7.647649765014648438e+00 2.793309696281286517e-02
7.653289794921875000e+00 9.545952865338272475e-02
7.655640125274658203e+00 7.771166714436469891e-02
7.658460140228271484e+00 5.072350865847262413e-02
7.674379825592041016e+00 1.198635816362808304e-01
7.682539939880371094e+00 4.534970122105230761e-02
7.682750225067138672e+00 3.883166098181236453e-02
7.685180187225341797e+00 2.018856829712502646e-02
7.687570095062255859e+00 1.737549344479859259e-02
7.690030097961425781e+00 7.932782545353006531e-02
7.690800189971923828e+00 1.568872234376604280e-01
7.694039821624755859e+00 2.636399284515104913e-02
7.695280075073242188e+00 1.808800502937605859e-01
7.695489883422851562e+00 3.336134504270673456e-02
7.697549819946289062e+00 8.250900811500062881e-02
7.699830055236816406e+00 1.202894180135052546e-02
7.700729846954345703e+00 3.021528550967205948e-02
7.707550048828125000e+00 4.918335893973106027e-02
7.708620071411132812e+00 2.253145350611502826e-02
7.709360122680664062e+00 3.091788666233075134e-02
7.719930171966552734e+00 1.380202754633870210e-01
7.730070114135742188e+00 1.384829876905576407e-01
7.740340232849121094e+00 6.811917978028732279e-02
7.755909919738769531e+00 4.191714393954504986e-02
7.764269828796386719e+00 3.047520046576434466e-02
7.765900135040283203e+00 5.235104401140457803e-02
7.774680137634277344e+00 7.053868392207267302e-02
7.790949821472167969e+00 7.113768741643199112e-02
7.804009914398193359e+00 1.227341545460427369e-01
7.816299915313720703e+00 3.053597078802817652e-02
7.821959972381591797e+00 4.083502774835022497e-02
7.822000026702880859e+00 5.254802651066545899e-02
7.824039936065673828e+00 7.731363404414320906e-02
7.827569961547851562e+00 1.703255713690183734e-02
7.829549789428710938e+00 4.298310041030965062e-02
7.831820011138916016e+00 3.872774461374463989e-02
7.832980155944824219e+00 4.394252535104272578e-02
7.838669776916503906e+00 1.098731631319938978e-01
7.838850021362304688e+00 1.124430908417468483e-01
7.839459896087646484e+00 6.701121411603981615e-02
7.842850208282470703e+00 2.134923178521324488e-02
7.844999790191650391e+00 2.292122165284141144e-02
7.847660064697265625e+00 4.460542574933303028e-02
7.848490238189697266e+00 6.385342134461735597e-02
7.849579811096191406e+00 1.334538538458708047e-02
7.862390041351318359e+00 4.589173175812219507e-02
7.862909793853759766e+00 1.978478822997658398e-02
7.864359855651855469e+00 2.466818595811497844e-02
7.872779846191406250e+00 1.340670101905916956e-01
7.892570018768310547e+00 3.179714836288957680e-01
7.896289825439453125e+00 2.073236410955478157e-02
7.896619796752929688e+00 1.589204453871515543e-01
7.913770198822021484e+00 1.545642534318741879e-01
7.914539813995361328e+00 1.536527454767687428e-01
7.919300079345703125e+00 5.280434777773684862e-02
7.922049999237060547e+00 1.814822535611413934e-01
7.929679870605468750e+00 1.489791591177780893e-02
7.931839942932128906e+00 9.734036196805825880e-02
7.953670024871826172e+00 7.193011933926896084e-02
8.025609970092773438e+00 9.840090800639267332e-02
8.026180267333984375e+00 1.977692410965669473e-02
8.026670455932617188e+00 2.413662124287597466e-01
8.028840065002441406e+00 6.430012477588524511e-02
8.039799690246582031e+00 2.385469957897002127e-02
8.043049812316894531e+00 2.286840752715046388e-01
8.054039955139160156e+00 1.176833953527024190e-01
8.058130264282226562e+00 3.947124329558864692e-02
8.059209823608398438e+00 2.615776455635914766e-01
8.059450149536132812e+00 7.551847008023016006e-02
8.068260192871093750e+00 1.083772785399275129e-01
8.070010185241699219e+00 1.332681148366984258e-01
8.072739601135253906e+00 1.450938226512474838e-01
8.076919555664062500e+00 2.052962938774630791e-02
8.077670097351074219e+00 3.818942094281104621e-02
8.085450172424316406e+00 1.548396238838293214e-02
8.086270332336425781e+00 1.703055356024875122e-01
8.086770057678222656e+00 3.134601202556326904e-01
8.087209701538085938e+00 9.146351203882835401e-02
8.087249755859375000e+00 9.907461275088060015e-02
8.087610244750976562e+00 5.679954877767091903e-02
8.087969779968261719e+00 7.779775614240269643e-02
8.095669746398925781e+00 1.898032257312128740e-02
8.129929542541503906e+00 9.319683685810734031e-02
8.161930084228515625e+00 3.356435938618124171e-01
8.175559997558593750e+00 8.369244868958197747e-02
8.200460433959960938e+00 2.225246554192782111e-02
8.202500343322753906e+00 3.155289564844183936e-02
8.207480430603027344e+00 4.210739804156034966e-02
8.209289550781250000e+00 3.570689749621500653e-01
8.215760231018066406e+00 4.409168159087167166e-02
8.232749938964843750e+00 8.283385687759622917e-02
8.236760139465332031e+00 2.038566379778781745e-01
8.237669944763183594e+00 2.942669960338377411e-02
8.246370315551757812e+00 4.102802872467826156e-01
8.258749961853027344e+00 2.873290491285001094e-02
8.259599685668945312e+00 8.212632987730857093e-02
8.264880180358886719e+00 3.728875099363687662e-02
8.265509605407714844e+00 6.047102490025869914e-02
8.268079757690429688e+00 3.908416926085466619e-02
8.273880004882812500e+00 6.093299726154411539e-02
8.275790214538574219e+00 8.398921934926466271e-02
8.276929855346679688e+00 1.163028731814700484e-01
8.277979850769042969e+00 5.036579537919619320e-02
8.278929710388183594e+00 2.313547935178474901e-01
8.284540176391601562e+00 3.948640668122699315e-02
8.284879684448242188e+00 1.262104309247382150e-01
8.287380218505859375e+00 1.352847061711997916e-02
8.287949562072753906e+00 3.050732029108799148e-02
8.290200233459472656e+00 2.254965380588568741e-02
8.291660308837890625e+00 1.921302685799873844e-01
8.296640396118164062e+00 3.791500022484726312e-02
8.310870170593261719e+00 1.409166184710355929e-01
8.312069892883300781e+00 8.695890558047586483e-02
8.314249992370605469e+00 6.032250591580559651e-02
8.326419830322265625e+00 2.651699401421979754e-02
8.327879905700683594e+00 6.481219252715142431e-02
8.354640007019042969e+00 1.297072121501850056e-02
8.377360343933105469e+00 9.475179145952966620e-02
8.390640258789062500e+00 5.774281395517638638e-02
8.400629997253417969e+00 2.408060025659428463e-02
8.403010368347167969e+00 3.922711673985772307e-02
8.407750129699707031e+00 3.350823596503250956e-02
8.412870407104492188e+00 2.636532697655705540e-02
8.415490150451660156e+00 4.426282564209180898e-02
8.415949821472167969e+00 5.741668889750158045e-02
8.418979644775390625e+00 5.980326941957537362e-02
8.419710159301757812e+00 2.211615558488647451e-02
8.419710159301757812e+00 3.675401292315060020e-02
8.420260429382324219e+00 8.316012335203247507e-02
8.427280426025390625e+00 3.797931290235515706e-02
8.429059982299804688e+00 1.578694955792029828e-02
8.429420471191406250e+00 5.393065040416167993e-02
8.433210372924804688e+00 1.193263646934604599e-01
8.434049606323242188e+00 5.758543293902364940e-02
8.435660362243652344e+00 1.214356474565070620e-01
8.437800407409667969e+00 4.336846359278490742e-02
8.444390296936035156e+00 1.259806639173280118e-01
8.448639869689941406e+00 4.413559812504078139e-02
8.450579643249511719e+00 4.289343634950865125e-02
8.456609725952148438e+00 3.335891186889911736e-02
8.459839820861816406e+00 1.477599866135379837e-02
8.468050003051757812e+00 3.217138819104816139e-01
8.492400169372558594e+00 6.480404257467113106e-03
8.495329856872558594e+00 2.856534484026231752e-02
8.499300003051757812e+00 9.858523235687993713e-02
8.503179550170898438e+00 1.819554252245584314e-01
8.509849548339843750e+00 2.827211970023604803e-01
8.512419700622558594e+00 6.793749898034578960e-02
8.520939826965332031e+00 1.076269663396688253e-01
8.548250198364257812e+00 1.162425112426119928e-01
8.565509796142578125e+00 1.210928060830816222e-01
8.619919776916503906e+00 9.518521681709812832e-02
8.625459671020507812e+00 7.262080311816782041e-02
8.626250267028808594e+00 1.159081607781966700e-01
8.633600234985351562e+00 3.005847185480496619e-02
8.635339736938476562e+00 9.769459915185518817e-02
8.637049674987792969e+00 1.824950497648736847e-01
8.637120246887207031e+00 2.008121070307743727e-01
8.641579627990722656e+00 1.576997213858531699e-02
8.641989707946777344e+00 1.665649289930131172e-01
8.643919944763183594e+00 2.755501941435199720e-02
8.647130012512207031e+00 4.648315120226181180e-02
8.648550033569335938e+00 8.128214517458712263e-02
8.649299621582031250e+00 7.772224004656903829e-02
8.655019760131835938e+00 4.362035329238251463e-02
8.655139923095703125e+00 5.858933038843928964e-02
8.655209541320800781e+00 1.700771287217497582e-02
8.660240173339843750e+00 9.902414491264667495e-02
8.662269592285156250e+00 1.098293736923431629e-01
8.663669586181640625e+00 1.472565617453574713e-02
8.669770240783691406e+00 8.763912555096051160e-02
8.670579910278320312e+00 2.202755924488603301e-01
8.672349929809570312e+00 2.378535764761168653e-02
8.679599761962890625e+00 4.940713373360883925e-02
8.687159538269042969e+00 7.411867609325145656e-02
8.777370452880859375e+00 5.172889937472891636e-02
8.781709671020507812e+00 2.678153125642983023e-01
8.783869743347167969e+00 1.832148711457884660e-01
8.787509918212890625e+00 1.040098383512632341e-01
8.790100097656250000e+00 1.460776258150058571e-01
8.796830177307128906e+00 1.480503342267422417e-02
8.820650100708007812e+00 6.010500071816617107e-02
8.833450317382812500e+00 2.574305924610260088e-01
8.842399597167968750e+00 7.117315887859641810e-02
8.844969749450683594e+00 3.178080009031340747e-02
8.845749855041503906e+00 2.853023804607915381e-02
8.845780372619628906e+00 4.180496542204603649e-02
8.854510307312011719e+00 1.816172856788469403e-01
8.856180191040039062e+00 4.716090944019418751e-02
8.856220245361328125e+00 6.633123136309770906e-02
8.857520103454589844e+00 1.489885064255694336e-01
8.862460136413574219e+00 3.779462897854928005e-02
8.864870071411132812e+00 4.699944557401311562e-02
8.865309715270996094e+00 3.090062455817901149e-02
8.867159843444824219e+00 2.456002222612679170e-02
8.867739677429199219e+00 6.653218851606322592e-02
8.869190216064453125e+00 1.664649896764314185e-02
8.872209548950195312e+00 2.453173124945614431e-02
8.873009681701660156e+00 2.079577130932621920e-01
8.874790191650390625e+00 4.970095753395947780e-02
8.878930091857910156e+00 8.770362444394348700e-02
8.887999534606933594e+00 5.305825634236559923e-02
8.888489723205566406e+00 2.671509829115545701e-02
8.892319679260253906e+00 5.682721980455249927e-02
8.898509979248046875e+00 2.006902764596141947e-02
8.912229537963867188e+00 5.789980206036693042e-03
8.913789749145507812e+00 4.717949871236302994e-02
8.917389869689941406e+00 5.010615884401600773e-02
8.966819763183593750e+00 2.728437376923721971e-02
8.971639633178710938e+00 1.186308815888278273e-01
8.979069709777832031e+00 5.213078134781824746e-02
8.981089591979980469e+00 3.506192437903439540e-02
8.987560272216796875e+00 5.260962666991311071e-02
8.990449905395507812e+00 5.364555213286481550e-02
8.995300292968750000e+00 5.101534430718118046e-02
8.996620178222656250e+00 8.201265567336731011e-02
8.996660232543945312e+00 9.233163350066277142e-02
9.002599716186523438e+00 4.525725340816857956e-02
9.005279541015625000e+00 2.761980057320653076e-02
9.009759902954101562e+00 1.060136346741441353e-02
9.009880065917968750e+00 7.025078616832104716e-02
9.011779785156250000e+00 6.712414541749892050e-02
9.018130302429199219e+00 1.918001264092796671e-02
9.019129753112792969e+00 1.530103251475799925e-02
9.020050048828125000e+00 1.888414572701907143e-02
9.023030281066894531e+00 1.820015922412458742e-02
9.026720046997070312e+00 3.089418828138542489e-02
9.030480384826660156e+00 1.038209263247310277e-01
9.033989906311035156e+00 1.104152586537705816e-01
9.037579536437988281e+00 2.550653805395915186e-02
9.045539855957031250e+00 9.499329400136755086e-02
9.048350334167480469e+00 4.567736409029175132e-02
9.056070327758789062e+00 1.753827462492942302e-01
9.064979553222656250e+00 1.123789921067354508e-01
9.068969726562500000e+00 2.440900745848698788e-02
9.071249961853027344e+00 4.603092920568627178e-02
9.094340324401855469e+00 5.175694627413263138e-02
9.099209785461425781e+00 4.593396464187576855e-02
9.101889610290527344e+00 2.036278242926218424e-02
9.102999687194824219e+00 9.394271335154155689e-02
9.107629776000976562e+00 2.504123656736518752e-02
9.141630172729492188e+00 5.637083340390244834e-02
9.172229766845703125e+00 1.204507164148687082e-01
9.202610015869140625e+00 6.397887758497192157e-02
9.214520454406738281e+00 7.267306299412032433e-02
9.215849876403808594e+00 2.106490270413357568e-01
9.217969894409179688e+00 5.052868635306283912e-02
9.222129821777343750e+00 6.906685647104970904e-02
9.223890304565429688e+00 4.022353730784259535e-02
9.229040145874023438e+00 2.493602283022180316e-02
9.232569694519042969e+00 7.423003272637912486e-02
9.238599777221679688e+00 7.581718954564974078e-02
9.240050315856933594e+00 1.029812881713276645e-01
9.245510101318359375e+00 1.451375785115525674e-01
9.245829582214355469e+00 8.131214981694113997e-02
9.248620033264160156e+00 9.034649031383105988e-02
9.250510215759277344e+00 3.787117512025365423e-02
9.251230239868164062e+00 5.654921283782263913e-02
9.254320144653320312e+00 1.119228919488034629e-01
9.257100105285644531e+00 9.251151506401179836e-02
9.257510185241699219e+00 6.197602337748013557e-02
9.257829666137695312e+00 2.421951033522545260e-01
9.264419555664062500e+00 2.915899321035264613e-02
9.272749900817871094e+00 5.301094617516996510e-02
9.280240058898925781e+00 1.563558512744966239e-02
9.299799919128417969e+00 9.642145263806495281e-02
9.309169769287109375e+00 3.182142850826452651e-02
9.350620269775390625e+00 4.579233289492052328e-01
9.358079910278320312e+00 9.027651356185573128e-02
9.371350288391113281e+00 2.557954571966271629e-01
9.374589920043945312e+00 8.314588545747500503e-02
9.375399589538574219e+00 1.488084711686038231e-01
9.391110420227050781e+00 1.940102238131540535e-01
9.421739578247070312e+00 8.145215033537950289e-02
9.422080039978027344e+00 1.094519266943429769e-01
9.424079895019531250e+00 2.235030564910444884e-01
9.432579994201660156e+00 8.687221515723410337e-02
9.444999694824218750e+00 2.382687419095815828e-01
9.445759773254394531e+00 3.603303693499979726e-02
9.446089744567871094e+00 6.924140927873559392e-02
9.446660041809082031e+00 1.938125055943318992e-02
9.448049545288085938e+00 1.662239244514394226e-02
9.449399948120117188e+00 5.019191430338031806e-02
9.451049804687500000e+00 4.859442647968179041e-02
9.454469680786132812e+00 2.654562956813482505e-02
9.458060264587402344e+00 6.796321130064512939e-02
9.460370063781738281e+00 5.591156798289388663e-02
9.460700035095214844e+00 5.652910832332799090e-02
9.465370178222656250e+00 1.336108790576049365e-01
9.468919754028320312e+00 2.590107541154165055e-02
9.468999862670898438e+00 7.504032695808851572e-02
9.494449615478515625e+00 2.767129307697264312e-02
9.501429557800292969e+00 6.127756571901955135e-02
9.503379821777343750e+00 6.485783824709802359e-02
9.507559776306152344e+00 4.282837192121775882e-02
9.508319854736328125e+00 4.969887940025173589e-02
9.513770103454589844e+00 5.232822907611061475e-02
9.521690368652343750e+00 9.768553525668943749e-02
9.525250434875488281e+00 1.166322078255137423e-01
9.530059814453125000e+00 2.719306343189125119e-01
9.538590431213378906e+00 4.008821180401442308e-02
9.573650360107421875e+00 9.106982679289783722e-02
9.575349807739257812e+00 2.952437812030941564e-02
9.578060150146484375e+00 1.017598396077655093e-01
9.582969665527343750e+00 6.695082340547800492e-02
9.588589668273925781e+00 6.029208644597772171e-02
9.588689804077148438e+00 4.714609704525460354e-02
9.593059539794921875e+00 2.960544976066085618e-02
9.594200134277343750e+00 7.723329846548416568e-03
9.598899841308593750e+00 2.416500564053419009e-01
9.600179672241210938e+00 1.030410250656112608e-01
9.602669715881347656e+00 2.429453967614388088e-02
9.604260444641113281e+00 1.629534960053259096e-01
9.607999801635742188e+00 7.049095397446523970e-02
9.611249923706054688e+00 5.687475118239775779e-02
9.614370346069335938e+00 3.607159189527304327e-02
9.619270324707031250e+00 2.085701190845462571e-02
9.620160102844238281e+00 1.420370066981872514e-01
9.621150016784667969e+00 9.547644690923529076e-02
9.624979972839355469e+00 1.288672906374758176e-01
9.630390167236328125e+00 7.037925687933448138e-02
9.634129524230957031e+00 6.359494639094874502e-02
9.636619567871093750e+00 3.504650819348606450e-02
9.640850067138671875e+00 3.928913610789157296e-02
9.648090362548828125e+00 7.989609871134324692e-02
9.659090042114257812e+00 1.498377259429428676e-02
9.663619995117187500e+00 8.241014183708682272e-02
9.667349815368652344e+00 5.054641778732816421e-02
9.673179626464843750e+00 6.755781455049039708e-02
9.676289558410644531e+00 1.228136997610232845e-01
9.681070327758789062e+00 5.850314129870998886e-02
9.726570129394531250e+00 2.102666309820038215e-01
9.731060028076171875e+00 1.395363668742364838e-01
9.740989685058593750e+00 5.675407984891344543e-02
9.752550125122070312e+00 1.222017255251746370e-01
9.787619590759277344e+00 1.164629105038697543e-01
9.796319961547851562e+00 4.072905631630578671e-02
9.803930282592773438e+00 1.642702182242071485e-01
9.809080123901367188e+00 7.884226037638497608e-02
9.811019897460937500e+00 2.187960943090431487e-01
9.814149856567382812e+00 4.030547388074114112e-02
9.818429946899414062e+00 1.402897613964368961e-01
9.822050094604492188e+00 7.310387007650140379e-02
9.823360443115234375e+00 1.365393792017601318e-02
9.831009864807128906e+00 6.758161963748240963e-02
9.837360382080078125e+00 1.547610201423825771e-01
9.838350296020507812e+00 1.646160988549640602e-01
9.842350006103515625e+00 7.454391228752874632e-01
9.849209785461425781e+00 1.210670915017175719e-01
9.851229667663574219e+00 2.547678844395487863e-01
9.852179527282714844e+00 5.227046686006777687e-01
9.858819961547851562e+00 6.893559300899219922e-02
9.860369682312011719e+00 7.277598381993674037e-01
9.868499755859375000e+00 1.671253536814907570e-01
9.873200416564941406e+00 7.835195533240868482e-01
9.881079673767089844e+00 1.633049317663688438e-01
9.886119842529296875e+00 6.027502115283703277e-02
9.888790130615234375e+00 1.076080360354961796e-01
9.896320343017578125e+00 1.637586933699173020e-01
9.938819885253906250e+00 8.458809405206151322e-01
9.950240135192871094e+00 8.703218908066497062e-02
9.950940132141113281e+00 1.030963753562525870e-01
9.961299896240234375e+00 5.497591370614982043e-02
9.979339599609375000e+00 1.915472550791762207e-01
9.994159698486328125e+00 8.350652240598431530e-02
9.995380401611328125e+00 8.542630291883687721e-02
9.995510101318359375e+00 1.360026171204140155e+00
1.001720046997070312e+01 6.924132269431869380e-02
1.002400016784667969e+01 1.435393968593789094e+00
1.002880001068115234e+01 7.722598513237961537e-01
1.002999973297119141e+01 1.596050509664745376e-01
1.003050041198730469e+01 1.979081803283525565e-01
1.003100013732910156e+01 1.310296862940155682e+00
1.003380012512207031e+01 2.363098508848313906e-01
1.003489971160888672e+01 6.421264215633433470e-02
1.003929996490478516e+01 1.717227488246115819e-01
1.004119968414306641e+01 2.035287515437737144e-02
1.004699993133544922e+01 3.450554680015491954e-02
1.005580043792724609e+01 3.337504850129026646e-01
1.005700016021728516e+01 2.407412310578752324e-01
1.005739974975585938e+01 3.849039839884756953e-01
1.005920028686523438e+01 1.034500159285700882e-01
1.006919956207275391e+01 6.133614069222169396e-02
1.007120037078857422e+01 1.048247565048149033e-01
1.007509994506835938e+01 2.331550327035245007e-01
1.008209991455078125e+01 4.956957848381643994e-01
1.008839988708496094e+01 1.151912243484408016e+00
1.009469985961914062e+01 1.104555303054552406e-01
1.009539985656738281e+01 6.679956708573768775e-01
1.009549999237060547e+01 2.461277022005761705e-01
1.010239982604980469e+01 1.278309254692958086e-01
1.011820030212402344e+01 1.267599121773907260e-02
1.013099956512451172e+01 4.943946712594001758e-01
1.013220024108886719e+01 1.899861585288181720e+00
1.014360046386718750e+01 4.178788367770196466e-01
1.014859962463378906e+01 4.833739173442647141e-01
1.014980030059814453e+01 1.036226890930349809e+00
1.015439987182617188e+01 3.170701037693898217e-01
1.016100025177001953e+01 4.330220641159925332e-01
1.016380023956298828e+01 7.335646439077991854e-01
1.016450023651123047e+01 2.675988668428581629e-01
1.017409992218017578e+01 3.397284191425146288e-02
1.017850017547607422e+01 3.360258945417783916e-01
1.018630027770996094e+01 1.424251562915347158e+00
1.018690013885498047e+01 3.669753496078970723e-01
1.018780040740966797e+01 1.741366731889915087e-01
1.019530010223388672e+01 3.099596017774332579e-01
1.019589996337890625e+01 7.121916246417361318e-01
1.019670009613037109e+01 5.091814230580460343e-02
1.021380043029785156e+01 1.412712409968446270e-01
1.021899986267089844e+01 9.934291824888090428e-02
1.022000026702880859e+01 8.712713402567792143e-01
1.022659969329833984e+01 2.743502853191333649e-02
1.023359966278076172e+01 5.218919202104428390e-01
1.024580001831054688e+01 1.145138175823263271e+00
1.026109981536865234e+01 2.151118578598401054e-01
1.026949977874755859e+01 6.412539627892829830e-02
1.027229976654052734e+01 2.877974088579582923e-01
1.027530002593994141e+01 4.257233111072768889e-02
1.030230045318603516e+01 1.126337993003184268e+00
1.033450031280517578e+01 8.474933560624379192e-01
1.035509967803955078e+01 9.851906164980068770e-01
1.036209964752197266e+01 7.348332603411728003e-01
1.037399959564208984e+01 1.094844589017631570e-02
1.037959957122802734e+01 2.432787483480189361e-02
1.040120029449462891e+01 8.240427238209438454e-02
1.047529983520507812e+01 5.142221238162819098e-03
1.154510021209716797e+01 4.230300425542302123e-02
1.158349990844726562e+01 3.393433104977338494e-02
1.158430004119873047e+01 5.324677388189001659e-02
1.160480022430419922e+01 1.834997165663325713e-01
1.161460018157958984e+01 2.303686600886973856e-01
1.163630008697509766e+01 5.801898373571424683e-01
1.163689994812011719e+01 5.021204435511161801e-02
1.163809967041015625e+01 2.728419013023904161e-02
1.165340042114257812e+01 9.179763128142883755e-01
1.165690040588378906e+01 8.279333747579938063e-02
1.166059970855712891e+01 2.124352143051852493e-02
1.166460037231445312e+01 9.901047075362454652e-01
1.166829967498779297e+01 9.461504468193856487e-01
1.166919994354248047e+01 1.944578135345631509e-01
1.168159961700439453e+01 1.208280347307872482e+00
1.168550014495849609e+01 3.441922058374183857e-01
1.168859958648681641e+01 1.886945561943789706e-01
1.169390010833740234e+01 1.100963704732492617e-02
1.169559955596923828e+01 3.483306760380609490e-01
1.170400047302246094e+01 5.626317728620213732e-01
1.171860027313232422e+01 1.147941897111785445e-02
1.173400020599365234e+01 8.037792963797205648e-01
1.174489974975585938e+01 7.155293766459250859e-01
1.174899959564208984e+01 5.165248702043582218e-01
1.175209999084472656e+01 6.503061865822258314e-01
1.177099990844726562e+01 8.587274159615652103e-01
1.177420043945312500e+01 1.253014497104764979e+00
