1.125490013509988785e-02 1.446207375054769234e-02
1.308729946613311768e-01 1.234586564512147114e-02
1.710630059242248535e-01 2.640875270127507335e-01
2.449990063905715942e-01 4.759137280100033673e-01
2.554470002651214600e-01 2.493458500828883706e-01
2.806139886379241943e-01 3.568981233397079400e-01
2.819629907608032227e-01 2.964661277994763422e-01
2.870880067348480225e-01 3.455532359572473511e-01
3.487469851970672607e-01 1.017730106689059832e+00
3.499130010604858398e-01 2.314052701289281144e-01
3.591449856758117676e-01 9.767786811597592989e-01
3.599930107593536377e-01 8.434127835988987076e-01
3.652609884738922119e-01 1.254301598457510991e+00
3.676419854164123535e-01 7.959088033848807919e-01
3.746219873428344727e-01 4.516509987583543217e-02
3.756749927997589111e-01 1.413646338277198877e+00
3.914369940757751465e-01 6.903681555762691824e-01
4.096600115299224854e-01 1.282726493970069992e+00
4.240320026874542236e-01 6.566215189537851771e-01
4.331850111484527588e-01 8.101584257090601593e-01
4.418190121650695801e-01 1.025125005132228040e+00
4.425030052661895752e-01 1.005986964542930018e+00
4.524179995059967041e-01 2.157364560861293468e-01
4.527800083160400391e-01 1.451143891174832445e+00
4.629589915275573730e-01 2.132078061166537530e+00
4.780859947204589844e-01 4.821209837821410216e-01
4.896489977836608887e-01 1.139658494419636181e+00
4.987950026988983154e-01 8.106723068813336264e-01
5.232759714126586914e-01 3.463823876121646661e-01
5.308719873428344727e-01 1.195100808836389472e+00
5.574579834938049316e-01 9.610404497711128036e-01
5.662090182304382324e-01 1.279638366475841726e+00
5.688670277595520020e-01 2.634518570248454983e-02
5.690019726753234863e-01 1.279633446424418119e+00
5.769360065460205078e-01 1.449376513977157055e+00
5.872780084609985352e-01 1.216294202233053179e+00
6.040329933166503906e-01 1.031356201527086958e+00
6.050699949264526367e-01 1.912930516295930472e+00
6.127120256423950195e-01 1.918795376955892529e+00
6.372609734535217285e-01 8.030989781027825236e-01
6.378639936447143555e-01 8.981307771877584667e-01
6.396489739418029785e-01 9.407201122841105656e-01
6.431729793548583984e-01 1.643374724738282111e-01
6.440950036048889160e-01 1.234987212472417883e-01
6.458370089530944824e-01 4.163632709291881784e-01
6.482579708099365234e-01 1.285566972665606933e+00
6.527050137519836426e-01 9.615244576472728455e-02
6.532329916954040527e-01 3.428551499845615691e-01
6.614760160446166992e-01 1.063194497531807281e+00
6.671760082244873047e-01 1.040528691165034436e+00
6.703249812126159668e-01 1.013140073299721333e+00
6.724110245704650879e-01 1.065167041513312013e-01
6.733340024948120117e-01 1.743567282187582723e+00
6.798790097236633301e-01 8.162930235842824622e-01
6.858100295066833496e-01 1.084536067196624431e+00
6.890069842338562012e-01 1.798627006483886070e-01
6.961460113525390625e-01 1.549292700714466120e+00
7.065169811248779297e-01 1.281619612205307845e+00
7.156699895858764648e-01 6.830363477196284006e-01
7.234899997711181641e-01 1.743843155057141603e+00
7.245320081710815430e-01 5.646221546628006349e-01
7.271919846534729004e-01 3.221382513798980163e-02
7.396550178527832031e-01 1.515526156599884322e+00
7.439190149307250977e-01 2.155155198769138636e-01
7.617239952087402344e-01 1.627309697452143933e+00
7.644439935684204102e-01 5.821350089820356288e-01
7.747309803962707520e-01 1.379770930082954983e-01
7.748209834098815918e-01 7.217716254755414118e-01
7.810750007629394531e-01 4.388398780661708076e-01
7.863600254058837891e-01 1.263848953874538550e+00
7.892820239067077637e-01 1.323142275539701762e+00
7.964469790458679199e-01 6.677159420664935396e-01
7.971959710121154785e-01 7.949135524706556488e-01
8.012760281562805176e-01 5.774307749493768904e-01
8.123930096626281738e-01 1.885314689747776384e+00
8.286030292510986328e-01 1.013939975669725602e+00
8.372889757156372070e-01 3.161605694259062016e-01
8.482189774513244629e-01 1.647938262370163276e+00
8.529430031776428223e-01 1.035986842462559343e+00
8.664590120315551758e-01 7.704162341132287928e-01
8.667849898338317871e-01 4.357963225504021265e-01
8.751599788665771484e-01 1.143654537653665315e+00
8.783630132675170898e-01 1.132051241181161461e-01
8.838009834289550781e-01 6.329316098041356531e-01
8.858460187911987305e-01 1.343423343465748543e+00
8.864020109176635742e-01 1.014588997134591164e+00
8.881170153617858887e-01 3.104185303996239154e-01
8.958460092544555664e-01 5.362722543228916061e-01
8.984789848327636719e-01 1.606184312960859062e+00
9.070330262184143066e-01 1.344345106600825512e-01
9.161490201950073242e-01 3.738854476400138016e-01
9.221289753913879395e-01 6.791409184652367204e-01
9.234089851379394531e-01 5.529722034743991266e-01
9.287379980087280273e-01 2.171738541922324739e+00
9.365000128746032715e-01 7.358410326295495851e-01
9.414209723472595215e-01 5.754616478607805785e-01
9.425389766693115234e-01 1.664728383548128576e+00
9.433889985084533691e-01 5.835292498845774389e-01
9.530879855155944824e-01 2.531605912154600180e+00
9.533879756927490234e-01 1.220369280372789050e-01
9.563239812850952148e-01 8.305501951168433594e-01
9.702429771423339844e-01 1.285763818866138553e-01
9.726189970970153809e-01 1.200251160263886341e+00
9.751719832420349121e-01 1.265786545988657030e+00
9.764109849929809570e-01 1.241230113187228312e+00
9.793999791145324707e-01 9.213809975571446431e-01
1.014709949493408203e+00 5.025463472415175881e-01
1.017130017280578613e+00 3.788205965595348168e-01
1.024299979209899902e+00 1.829205547657508091e-01
1.028530001640319824e+00 1.380719729781923366e+00
1.031990051269531250e+00 1.982457345084961631e+00
1.049360036849975586e+00 1.361879732213948202e+00
1.051319956779479980e+00 7.555975852304481766e-01
1.056710004806518555e+00 7.485249606384587473e-01
1.061069965362548828e+00 1.195014366622369373e+00
1.062379956245422363e+00 1.532766258959921579e+00
1.067440032958984375e+00 3.182071091221797682e-02
1.067450046539306641e+00 1.272056956651695492e+00
1.071640014648437500e+00 1.456163517373055827e+00
1.075710058212280273e+00 3.497995028700067732e-01
1.080510020256042480e+00 1.117916634247798857e+00
1.088979959487915039e+00 3.143068968874317415e-01
1.096920013427734375e+00 2.355003718649508748e-01
1.098299980163574219e+00 5.437399284026056545e-01
1.100090026855468750e+00 1.304648231117111035e+00
1.101349949836730957e+00 2.146950529689808373e+00
1.103500008583068848e+00 1.015857866890171879e-01
1.106770038604736328e+00 5.577193059909819201e-02
1.114470005035400391e+00 1.405657971251979221e+00
1.119699954986572266e+00 3.546501166629081880e-01
1.120440006256103516e+00 2.455738461468387202e-01
1.132189989089965820e+00 9.654247550545916878e-01
1.138569951057434082e+00 6.853611867723117257e-01
1.162590026855468750e+00 1.672299656918316613e+00
1.163699984550476074e+00 1.989808734998830708e+00
1.166509985923767090e+00 2.837012337162395648e-01
1.168359994888305664e+00 2.615208538898683877e+00
1.176130056381225586e+00 2.394871635804467047e+00
1.185619950294494629e+00 2.322008227868314290e+00
1.186499953269958496e+00 1.794042322865125660e+00
1.189749956130981445e+00 1.253136107450060655e+00
1.194409966468811035e+00 4.937991544605237482e-01
1.195009946823120117e+00 6.298159816394344190e-01
1.200170040130615234e+00 2.516535594543815257e+00
1.205440044403076172e+00 1.307794081945905240e-01
1.210129976272583008e+00 2.252540574506862736e+00
1.211369991302490234e+00 9.197856174314021638e-02
1.213240027427673340e+00 3.087837768491120127e-01
1.214089989662170410e+00 1.082882731037342117e+00
1.233129978179931641e+00 1.432861100507135665e+00
1.241440057754516602e+00 6.307288361720264636e-01
1.244760036468505859e+00 7.972206284984679758e-01
1.255560040473937988e+00 3.286031593611899559e+00
1.283750057220458984e+00 2.187274607209329425e+00
1.284160017967224121e+00 2.654351993464691084e+00
1.295240044593811035e+00 7.952938188616953674e-01
1.305150032043457031e+00 1.226514542035574751e+00
1.313699960708618164e+00 3.274591131027190238e-01
1.316290020942687988e+00 3.116720918653259620e+00
1.332499980926513672e+00 1.759056093794148845e+00
1.333590030670166016e+00 2.816433695916127355e+00
1.333719968795776367e+00 1.306732108782006907e-01
1.336539983749389648e+00 1.669325646422970211e+00
1.343199968338012695e+00 8.568706108312738046e-01
1.348170042037963867e+00 1.567479092411293129e+00
1.349159955978393555e+00 1.114017858308359532e+00
1.351420044898986816e+00 3.002947442441817882e-01
1.353639960289001465e+00 6.201361444403185041e-01
1.359480023384094238e+00 6.711932371035247424e-01
1.362879991531372070e+00 2.670229320745402646e+00
1.363309979438781738e+00 1.169790270808345634e+00
1.371469974517822266e+00 5.737834306485922742e-02
1.375779986381530762e+00 2.351763696510907220e+00
1.383170008659362793e+00 8.794334446889316981e-01
1.383489966392517090e+00 5.843091329860307104e-01
1.386160016059875488e+00 3.210331758482625197e+00
1.392210006713867188e+00 2.071314100575046169e+00
1.395329952239990234e+00 1.767648855762642413e-01
1.400529980659484863e+00 2.402876176311538048e-01
1.407179951667785645e+00 8.874523855377370873e-01
1.411290049552917480e+00 1.078418889782827961e+00
1.413229942321777344e+00 6.915261226604562106e-01
1.413359999656677246e+00 1.898807619100731259e+00
1.413380026817321777e+00 4.046303816694301059e-01
1.422559976577758789e+00 6.138413015843033893e-01
1.422569990158081055e+00 1.656132400568380625e+00
1.438799977302551270e+00 1.461933648510574280e+00
1.453369975090026855e+00 8.860313219294692066e-01
1.456580042839050293e+00 1.544295691581074159e+00
1.467980027198791504e+00 8.376446600542818421e-01
1.470489978790283203e+00 7.026996767439359914e-02
1.474599957466125488e+00 9.938415915827258917e-02
1.482239961624145508e+00 8.170496109980521782e-01
1.501160025596618652e+00 1.020909900316276042e+00
1.502390027046203613e+00 1.628774304421447772e+00
1.509760022163391113e+00 3.256381090489558261e+00
1.512549996376037598e+00 9.340930646192638909e-01
1.512969970703125000e+00 7.659997036543605420e-01
1.517689943313598633e+00 2.553328900886914221e-01
1.518090009689331055e+00 1.366074738369417396e+00
1.534710049629211426e+00 1.747334164617662333e+00
1.549219965934753418e+00 4.141451233424769951e-02
1.550609946250915527e+00 1.842516231715905617e+00
1.557180047035217285e+00 4.093338185595058465e-01
1.568670034408569336e+00 2.069857658540798506e-01
1.569620013236999512e+00 1.331314266834766391e+00
1.580649971961975098e+00 5.131418866686117131e-01
1.598009943962097168e+00 5.367594277178071582e-01
1.601969957351684570e+00 7.606200036267402043e-01
1.603010058403015137e+00 1.256515278154096915e+00
1.604799985885620117e+00 1.978789798742378592e-01
1.606459975242614746e+00 1.631848876219558209e-01
1.612169981002807617e+00 9.219722736356418258e-01
1.616799950599670410e+00 1.996428953830999387e+00
1.618649959564208984e+00 1.383296131263126005e+00
1.619259953498840332e+00 1.156731826553369258e+00
1.624760031700134277e+00 1.032359171463347325e+00
1.624819993972778320e+00 2.522572005993459321e+00
1.625980019569396973e+00 1.224657700404687688e-01
1.626420021057128906e+00 1.015343214197937050e+00
1.633440017700195312e+00 5.692116294296220014e-01
1.642160058021545410e+00 7.013728505534391200e-01
1.661779999732971191e+00 1.090246892439008075e+00
1.679319977760314941e+00 1.365293212987685467e-01
1.689219951629638672e+00 1.160189816909497296e+00
1.691100001335144043e+00 4.159151420777086883e-01
1.696709990501403809e+00 5.531488714197400069e-01
1.700250029563903809e+00 1.259993816050010818e+00
1.706179976463317871e+00 2.159497068379685469e+00
1.709190011024475098e+00 1.910383963372763283e+00
1.719099998474121094e+00 8.155386046706423198e-01
1.720039963722229004e+00 1.411338249421462410e-01
1.737920045852661133e+00 3.053527665283936043e-01
1.746590018272399902e+00 1.422354053378764416e+00
1.759989976882934570e+00 4.340598831659914780e-01
1.760050058364868164e+00 1.083087219615968960e-01
1.761960029602050781e+00 1.260701374814006348e+00
1.776229977607727051e+00 9.421370850516471718e-01
1.779000043869018555e+00 1.185179617646452632e+00
1.784459948539733887e+00 6.502159723148981385e-01
1.790940046310424805e+00 1.161967334734357316e+00
1.791859984397888184e+00 4.012790478780566827e-01
1.796460032463073730e+00 5.224568362890417150e-01
1.800879955291748047e+00 1.468797109087822461e+00
1.801720023155212402e+00 2.542440924893654586e+00
1.806900024414062500e+00 1.346445345493672674e+00
1.808259963989257812e+00 5.189053215167667155e-01
1.810979962348937988e+00 1.114179837761183789e+00
1.817029953002929688e+00 3.458391643679387117e-01
1.823879957199096680e+00 1.046655374481778367e+00
1.824329972267150879e+00 3.137639715294810450e-01
1.827160000801086426e+00 2.272457372113179941e-01
1.832010030746459961e+00 1.003892028320833907e+00
1.833619952201843262e+00 2.002242868253752750e+00
1.835369944572448730e+00 7.229724281923780582e-01
1.843989968299865723e+00 1.902276652934397738e+00
1.844359993934631348e+00 2.639817391479865272e+00
1.850129961967468262e+00 7.302332149561199248e-01
1.851600050926208496e+00 9.887153081092514562e-01
1.863229990005493164e+00 9.710504086381215316e-01
1.867249965667724609e+00 2.663893330470133991e-01
1.881029963493347168e+00 2.251468571674663188e+00
1.885120034217834473e+00 2.187604745776279280e+00
1.885660052299499512e+00 4.159388804227782011e+00
1.893730044364929199e+00 1.535839786605568635e+00
1.899250030517578125e+00 2.378755991339255860e-01
1.900760054588317871e+00 4.777918657751886178e-01
1.905760049819946289e+00 2.789988623504915388e-01
1.906530022621154785e+00 2.014039694119867274e+00
1.913660049438476562e+00 7.894913704839136015e-01
1.927360057830810547e+00 1.227002089986350297e+00
1.932420015335083008e+00 2.393765965264740281e+00
1.934970021247863770e+00 1.627767566322966264e+00
1.943359971046447754e+00 4.252839785009292495e-01
1.951629996299743652e+00 1.246205100761099693e+00
1.968219995498657227e+00 3.025377280100105537e-01
1.984539985656738281e+00 4.917170707300977384e-01
1.985370039939880371e+00 1.162871610960276580e+00
1.986559987068176270e+00 9.850222182894852185e-01
1.988700032234191895e+00 1.844652340715829952e+00
1.996340036392211914e+00 8.086509214379857813e-01
1.998819947242736816e+00 4.432551856227185394e-01
2.013109922409057617e+00 1.065096937461322169e+00
2.014630079269409180e+00 3.144682544731167706e+00
2.016540050506591797e+00 1.619851500391670474e+00
2.017699956893920898e+00 1.494831959151281309e+00
2.020060062408447266e+00 2.026469084744464411e+00
2.024879932403564453e+00 6.072067328577852585e-01
2.025019884109497070e+00 1.092524009779913263e-01
2.026410102844238281e+00 1.438337025784887313e+00
2.047410011291503906e+00 7.101229211497522842e-01
2.047569990158081055e+00 1.866280003418617328e+00
2.051470041275024414e+00 8.861398551303001359e-01
2.059360027313232422e+00 2.430663149802905654e+00
2.071160078048706055e+00 6.957020136831957302e-01
2.079770088195800781e+00 5.941160657422865921e-01
2.080590009689331055e+00 7.287125719333352736e-01
2.083790063858032227e+00 8.816586230147585024e-01
2.086060047149658203e+00 1.404362683938060297e+00
2.093750000000000000e+00 6.594509085807457316e-01
2.095190048217773438e+00 1.821819042120433441e+00
2.097219944000244141e+00 4.859259464261007633e-01
2.099780082702636719e+00 1.029037942126007854e+00
2.102499961853027344e+00 7.788648844474027610e-01
2.103110074996948242e+00 1.632833905684743792e-01
2.111129999160766602e+00 1.139875597786369710e+00
2.112610101699829102e+00 1.617574268958544392e+00
2.116489887237548828e+00 2.672733627994723804e+00
2.122829914093017578e+00 6.854419929557957758e-01
2.127209901809692383e+00 1.618481165231871743e-01
2.151380062103271484e+00 1.630130910471724093e+00
2.155649900436401367e+00 3.968402650468917603e+00
2.160789966583251953e+00 1.943474783780149817e+00
2.161809921264648438e+00 7.119748219702943803e-01
2.165159940719604492e+00 3.151130626231311571e-01
2.166009902954101562e+00 6.893657514463646940e-01
2.173330068588256836e+00 9.552667143660666937e-01
2.173569917678833008e+00 2.179969594693478285e+00
2.185120105743408203e+00 4.385461256926656559e-01
2.189719915390014648e+00 2.103438999002867238e+00
2.192169904708862305e+00 1.166112234709802076e+00
2.195399999618530273e+00 1.838263206440035935e+00
2.196650028228759766e+00 2.157412050165942841e+00
2.200200080871582031e+00 1.323592530529067002e+00
2.202519893646240234e+00 5.188550035080762290e-01
2.204469919204711914e+00 1.338899430415970482e+00
2.223059892654418945e+00 3.544207870527752435e-01
2.226900100708007812e+00 2.883751006867140809e+00
2.233000040054321289e+00 4.833027030432140769e+00
2.241889953613281250e+00 1.019986439173155457e+00
2.243299961090087891e+00 2.611733863466496164e+00
2.256259918212890625e+00 1.171148356208910446e+00
2.264199972152709961e+00 1.516249770119401319e+00
2.280869960784912109e+00 5.696355434501161330e-01
2.282579898834228516e+00 1.338635801510367651e+00
2.284310102462768555e+00 9.100959683596046568e-02
2.306390047073364258e+00 3.392693096912351436e+00
2.315949916839599609e+00 6.380375718398356710e-01
2.320620059967041016e+00 2.470453411221268158e+00
2.326819896697998047e+00 2.510627317157831939e+00
2.331389904022216797e+00 3.457707294369870343e+00
2.331769943237304688e+00 7.678485218978439164e-01
2.338449954986572266e+00 3.768060932291519283e-01
2.338969945907592773e+00 1.527936711710157880e+00
2.339770078659057617e+00 4.867629815304633234e-01
2.347480058670043945e+00 3.773906896507489339e+00
2.352509975433349609e+00 6.739657735602129218e-01
2.354330062866210938e+00 2.135981347627054383e+00
2.356319904327392578e+00 1.093789250457690487e+00
2.364690065383911133e+00 1.813634846903575681e+00
2.370660066604614258e+00 8.149671097246167228e-01
2.380310058593750000e+00 1.505005267655909584e+00
2.387389898300170898e+00 2.322554198929863034e+00
2.390749931335449219e+00 2.019892733446358335e+00
2.395040035247802734e+00 9.573722197305825077e-01
2.416090011596679688e+00 2.235820879205416833e+00
2.416889905929565430e+00 8.601845809059096570e-01
2.418090105056762695e+00 7.668743623050566782e-01
2.419579982757568359e+00 5.210214791622846953e-01
2.427930116653442383e+00 7.349697831546990745e-01
2.430569887161254883e+00 1.430311502377241029e+00
2.434639930725097656e+00 2.315083543279448097e-01
2.435120105743408203e+00 4.528246075744768451e-01
2.446340084075927734e+00 1.588406732823126166e+00
2.447530031204223633e+00 1.109156480953196411e+00
2.450200080871582031e+00 2.608033314443026995e+00
2.451299905776977539e+00 3.717066384289077430e+00
2.462899923324584961e+00 1.213358120537119389e-01
2.464600086212158203e+00 1.287109300649464272e+00
2.469249963760375977e+00 5.755577937011910894e-01
2.472949981689453125e+00 2.851667567821103866e+00
2.487629890441894531e+00 2.159957224436746870e+00
2.493269920349121094e+00 5.113895615485885421e-02
2.497669935226440430e+00 7.361122021540251747e-01
2.504790067672729492e+00 4.662580317621767279e-02
2.513010025024414062e+00 5.635944982676567572e-02
2.513819932937622070e+00 1.472975725818077564e-01
2.519799947738647461e+00 4.964616388421600468e-01
2.519959926605224609e+00 6.144666713816606674e-01
2.531529903411865234e+00 1.117221023808818270e+00
2.532840013504028320e+00 2.364840705333973503e+00
2.548480033874511719e+00 4.589097879593031504e-01
2.553169965744018555e+00 1.078368285017244022e+00
2.567980051040649414e+00 3.985267070755920127e+00
2.577260017395019531e+00 6.003426147982846572e-01
2.584559917449951172e+00 2.514671807792479008e+00
2.587630033493041992e+00 1.619080697283451498e+00
2.595890045166015625e+00 1.825098743475700891e+00
2.597690105438232422e+00 8.670322873659417340e-01
2.599720001220703125e+00 1.247161072198505360e+00
2.621079921722412109e+00 1.028711732069274909e+00
2.625070095062255859e+00 2.845994374847742869e-01
2.625560045242309570e+00 8.973443011948848413e-01
2.625590085983276367e+00 1.374483694329321715e+00
2.634700059890747070e+00 1.867293476399872532e+00
2.635050058364868164e+00 3.734218663563032004e-01
2.639400005340576172e+00 2.158660580402174123e+00
2.650110006332397461e+00 3.079830090084075267e-01
2.656769990921020508e+00 1.278167804728486345e+00
2.662509918212890625e+00 1.156055838961992821e+00
2.663029909133911133e+00 2.630648782459030777e-01
2.677789926528930664e+00 3.314466796773350987e-01
2.679610013961791992e+00 1.164594554625141137e-01
2.681289911270141602e+00 1.322308006597886942e+00
2.683449983596801758e+00 6.982018793381769006e-01
2.690999984741210938e+00 9.577295070444789005e-01
2.694289922714233398e+00 1.156652147595521152e+00
2.704540014266967773e+00 2.143342008506409435e+00
2.708519935607910156e+00 1.438810801200818279e+00
2.713989973068237305e+00 1.101374328238308831e+00
2.716079950332641602e+00 1.986664268655979892e-01
2.719379901885986328e+00 2.391335053016164780e-01
2.723050117492675781e+00 1.355595842248642491e-01
2.730410099029541016e+00 1.042677766116577143e+00
2.730629920959472656e+00 1.404979463200090928e+00
2.734849929809570312e+00 7.749526474235639562e-01
2.735100030899047852e+00 4.571457406301512316e-01
2.740459918975830078e+00 1.319819578392415593e+00
2.741729974746704102e+00 1.006091736119602675e+00
2.746890068054199219e+00 4.885472421140078514e-01
2.752619981765747070e+00 2.149631180141017284e-01
2.759020090103149414e+00 3.006189647732342429e+00
2.759949922561645508e+00 1.794703818261702277e-01
2.770349979400634766e+00 1.997823721923271123e-01
2.794080018997192383e+00 1.735350835602986086e+00
2.801779985427856445e+00 1.623630990054429679e+00
2.803719997406005859e+00 4.680957817018491229e-01
2.806950092315673828e+00 1.535012396155633896e+00
2.809309959411621094e+00 1.004977251047779241e+00
2.809799909591674805e+00 1.196865571826525754e+00
2.817049980163574219e+00 2.901111971886837643e-02
2.826270103454589844e+00 1.021656711811253837e+00
2.844269990921020508e+00 8.439398937353595476e-02
2.844710111618041992e+00 1.558569190300950480e-01
2.849339962005615234e+00 9.708347556016225788e-01
2.856770038604736328e+00 2.184727629226835000e-01
2.857549905776977539e+00 3.561079195581945633e+00
2.858119964599609375e+00 3.392592979002403419e-01
2.863990068435668945e+00 1.151476298177692703e-01
2.867980003356933594e+00 1.179653980771126598e+00
2.868769884109497070e+00 1.747991630622432180e-01
2.871599912643432617e+00 2.275133768762603870e-01
2.877899885177612305e+00 1.328920546590438290e-01
2.888159990310668945e+00 2.346576930112317383e-01
2.889029979705810547e+00 1.445029394109751675e-01
2.900569915771484375e+00 1.055252668779190994e+00
2.908309936523437500e+00 4.524499085017460454e-01
2.908570051193237305e+00 4.822250147564377531e-02
2.908989906311035156e+00 8.663129512684697442e-01
2.921279907226562500e+00 1.971309914613295355e-01
2.929069995880126953e+00 2.464735211621768840e-01
2.931050062179565430e+00 1.061808329796002232e-01
2.960540056228637695e+00 7.839924615691368226e-02
2.965329885482788086e+00 4.627622950698111470e-01
2.968990087509155273e+00 1.466952367089248366e+00
2.973030090332031250e+00 1.204132331394331124e-01
2.975460052490234375e+00 1.760801675306176151e-01
2.996720075607299805e+00 1.829958931745006567e-01
3.003520011901855469e+00 6.134806714999656574e-01
3.017189979553222656e+00 4.987831516242745566e-01
3.034820079803466797e+00 5.035034149680244209e-01
3.040199995040893555e+00 8.532141783875504260e-01
3.065979957580566406e+00 2.905593238879747631e+00
3.069770097732543945e+00 3.271599222559416764e-02
3.075520038604736328e+00 6.154112126892919976e-01
3.077660083770751953e+00 6.019676762900252331e-01
3.077719926834106445e+00 1.083473883962521589e-01
3.078759908676147461e+00 1.805449561451468732e-01
3.088579893112182617e+00 9.580931619286394696e-01
3.091180086135864258e+00 2.716343675129172588e-02
3.093640089035034180e+00 1.564251672606175037e-01
3.097520112991333008e+00 5.482687839964572180e-02
3.100389957427978516e+00 6.022231319409899336e-02
3.108789920806884766e+00 4.197353209610062974e-01
3.112270116806030273e+00 8.646714216438229350e-01
3.113790035247802734e+00 1.441885669701022388e-01
3.115010023117065430e+00 2.698638566324306765e-01
3.115999937057495117e+00 2.257904522717654461e-01
3.128599882125854492e+00 4.930261408540536489e-02
3.142230033874511719e+00 2.680971786927595080e-01
3.142420053482055664e+00 2.438351415407485345e-01
3.146120071411132812e+00 2.370390360635281912e-01
3.147569894790649414e+00 6.551058020361569256e-02
3.213860034942626953e+00 1.644430922061278222e-01
3.216840028762817383e+00 2.424825266630775411e-01
3.222630023956298828e+00 7.487173576089446725e-02
3.249049901962280273e+00 2.836709560197826496e-01
3.253109931945800781e+00 8.528900940665082309e-02
3.255379915237426758e+00 7.138240278816139206e-01
3.255680084228515625e+00 1.329922952699079952e-01
3.261049985885620117e+00 5.238455144169028299e-02
3.263760089874267578e+00 3.614202803536961661e-02
3.277090072631835938e+00 1.624947212702813615e-01
3.281110048294067383e+00 7.736807904843009953e-02
3.290839910507202148e+00 9.004450202724588459e-02
3.295259952545166016e+00 9.342679717514051907e-02
3.307770013809204102e+00 9.272319358193278904e-02
3.307950019836425781e+00 1.420263693951445520e-02
3.308379888534545898e+00 3.784249731621025514e-02
3.310849905014038086e+00 1.705645480042932219e-02
3.311320066452026367e+00 1.798683021627555112e-01
3.311350107192993164e+00 7.186644550774261286e-02
3.313210010528564453e+00 5.258472884918442489e-03
3.317490100860595703e+00 7.103905308193806389e-01
3.318609952926635742e+00 5.847269077491855371e-02
3.319999933242797852e+00 1.339698924157516347e-01
3.327569961547851562e+00 1.717602446150549578e-01
3.339190006256103516e+00 1.088271619859256523e-01
3.343310117721557617e+00 1.686264947111526524e-01
3.343919992446899414e+00 7.853129077868498120e-02
3.355560064315795898e+00 5.575872054983355142e-01
3.361829996109008789e+00 1.055499924959414637e-01
3.368599891662597656e+00 6.221928949276332027e-02
3.370899915695190430e+00 3.587159455175333023e-02
3.377899885177612305e+00 1.002194490668569526e-01
3.395970106124877930e+00 8.657335307970240312e-02
3.398869991302490234e+00 2.157236197627076038e-02
3.413889884948730469e+00 5.709618162382617407e-02
3.427580118179321289e+00 5.087427066084395655e-01
3.427789926528930664e+00 1.019689171589360094e-01
3.433150053024291992e+00 5.039661868425193703e-02
3.433360099792480469e+00 1.018852831715309076e-02
3.436680078506469727e+00 1.472890473475324015e-02
3.446769952774047852e+00 4.277219366937083656e-02
3.457309961318969727e+00 5.599989068191264102e-02
3.458960056304931641e+00 1.122406115540955027e-02
3.459019899368286133e+00 6.149369566989967145e-02
3.462960004806518555e+00 4.221741178183624488e-02
3.463690042495727539e+00 1.428401511348121045e-01
3.467420101165771484e+00 4.130003103493193328e-02
3.470079898834228516e+00 8.014466119164592728e-02
3.474109888076782227e+00 9.337488326001167072e-02
3.481820106506347656e+00 7.559934461831928354e-02
3.483000040054321289e+00 1.598406226004956895e-02
3.487200021743774414e+00 3.717223566855087924e-02
3.487799882888793945e+00 7.368033698438299084e-02
3.487829923629760742e+00 1.422263879383662832e-01
3.492239952087402344e+00 4.485269961233665642e-02
3.493089914321899414e+00 4.926660503440988964e-02
3.503489971160888672e+00 1.067588867217146992e-01
3.507030010223388672e+00 3.107542476426852773e-02
3.514359951019287109e+00 9.215835611388277504e-02
3.523849964141845703e+00 2.666912542414667797e-01
3.525749921798706055e+00 1.130663839862432601e-01
3.533540010452270508e+00 3.654477678523608553e-02
3.565059900283813477e+00 4.146847475711526454e-02
3.570270061492919922e+00 1.943940596142782751e-01
3.578180074691772461e+00 1.145104832474442835e-01
3.583679914474487305e+00 1.738539595952136863e-01
3.600950002670288086e+00 1.156474151109078835e-01
3.636990070343017578e+00 1.370143131893365729e-01
3.658449888229370117e+00 6.726034266481117907e-02
3.663269996643066406e+00 4.400730758735541676e-02
3.668289899826049805e+00 4.445910770696360342e-02
3.670279979705810547e+00 2.421528837504184281e-02
3.671829938888549805e+00 2.149575187247402056e-02
3.672060012817382812e+00 1.081879662614965848e-01
3.674890041351318359e+00 6.988324742854369609e-02
3.675600051879882812e+00 4.372638302911564523e-01
3.675780057907104492e+00 4.916055728620112586e-02
3.676320075988769531e+00 5.306795528069339907e-02
3.680589914321899414e+00 2.698829868962585032e-02
3.685080051422119141e+00 1.419648033311285071e-02
3.687720060348510742e+00 7.562608350140705149e-02
3.688570022583007812e+00 2.247708709026738638e-01
3.690680027008056641e+00 3.118294243611633432e-01
3.692820072174072266e+00 7.253479488450984003e-02
3.697079896926879883e+00 1.041157350122610820e-01
3.701970100402832031e+00 1.494056311433928849e-02
3.704509973526000977e+00 1.686739742007635490e-01
3.705039978027343750e+00 4.208043318945704075e-02
3.713829994201660156e+00 1.855835401245312932e-01
3.722440004348754883e+00 2.501442381298415452e-01
3.733949899673461914e+00 6.180099742980579153e-02
3.803050041198730469e+00 1.854156238279713320e-01
3.806050062179565430e+00 3.410109021660160528e-02
3.819819927215576172e+00 5.828277151741295681e-02
3.829710006713867188e+00 5.851925517435275781e-01
3.834630012512207031e+00 9.448532376957456680e-02
3.836610078811645508e+00 1.330107352591529124e-01
3.864739894866943359e+00 3.828022937846578544e-02
3.868289947509765625e+00 3.451568971573225619e-01
3.874510049819946289e+00 8.518224036819982414e-02
3.875260114669799805e+00 2.060163786531273578e-01
3.876490116119384766e+00 3.216503999979639650e-01
3.879440069198608398e+00 7.449326772242265138e-02
3.881710052490234375e+00 1.744541131160839975e-01
3.885720014572143555e+00 3.683554342578400365e-02
3.886559963226318359e+00 9.432096884130411474e-02
3.886709928512573242e+00 1.439263617846189003e-01
3.896070003509521484e+00 5.579047154830026750e-02
3.899480104446411133e+00 6.102768014585119999e-02
3.901439905166625977e+00 7.510779356501380566e-02
3.902970075607299805e+00 3.720121505982818683e-02
3.908159971237182617e+00 1.253102850587135553e-01
3.912669897079467773e+00 4.189536133864844858e-02
3.915149927139282227e+00 1.218396578759460974e-01
3.915260076522827148e+00 5.798405363574857252e-02
3.915479898452758789e+00 1.154559389346876824e-01
3.919600009918212891e+00 2.394336728365839551e-01
3.919620037078857422e+00 5.453277347670935221e-02
3.925859928131103516e+00 3.408907845454872687e-02
3.928819894790649414e+00 6.657324023305753735e-02
3.934250116348266602e+00 2.235917077092025584e-01
3.947429895401000977e+00 1.778228834511028367e-01
3.951230049133300781e+00 5.671964671343409509e-02
3.951920032501220703e+00 9.325974789333209281e-02
3.963510036468505859e+00 8.714703248176204620e-02
3.965879917144775391e+00 5.669437195658626194e-02
3.996840000152587891e+00 1.558385319418048864e-01
4.012829780578613281e+00 1.586626149626688825e-02
4.021530151367187500e+00 3.995414540965380734e-02
4.027679920196533203e+00 1.828838267192724465e-01
4.028729915618896484e+00 8.342251081186857764e-02
4.029920101165771484e+00 1.320572804112868370e-01
4.033659934997558594e+00 1.049877217405022212e-01
4.040070056915283203e+00 1.061224532629382183e-01
4.042970180511474609e+00 6.440946929250290776e-02
4.043590068817138672e+00 3.809572796263185901e-02
4.045189857482910156e+00 9.717972195304577787e-02
4.049109935760498047e+00 4.993554978200188260e-02
4.050000190734863281e+00 2.630612198435027665e-02
4.050879955291748047e+00 1.027031173945501807e-01
4.061759948730468750e+00 7.256904499993499513e-02
4.067049980163574219e+00 1.133586543601986796e-01
4.077610015869140625e+00 2.590174549034529039e-01
4.077670097351074219e+00 3.963432128006472849e-02
4.085690021514892578e+00 4.341741439846969614e-02
4.091670036315917969e+00 4.152745648255936478e-02
4.096660137176513672e+00 1.116944242419027067e-01
4.098010063171386719e+00 4.325754249245571115e-02
4.098959922790527344e+00 7.582816675820266972e-02
4.102089881896972656e+00 1.377055752760507068e-01
4.112939834594726562e+00 6.589915432887541447e-02
4.113719940185546875e+00 8.315320768439446453e-02
4.119200229644775391e+00 3.034422626767631082e-01
4.140840053558349609e+00 3.161887378086876421e-02
4.141689777374267578e+00 1.229792843786822326e-01
4.147099971771240234e+00 2.269995168203381986e-01
4.187620162963867188e+00 6.411527743013741842e-01
4.198349952697753906e+00 4.519582120768429051e-02
4.204120159149169922e+00 5.727645435297571419e-01
4.208769798278808594e+00 1.229827317981961876e-01
4.224720001220703125e+00 1.232549991252134408e-01
4.239900112152099609e+00 4.070570307638183422e-02
4.250380039215087891e+00 1.664416246317237669e-01
4.257450103759765625e+00 5.857587569087254753e-01
4.266079902648925781e+00 5.592816327073115573e-02
4.268099784851074219e+00 6.496575204887616861e-02
4.270390033721923828e+00 6.036471623047635904e-02
4.272679805755615234e+00 4.368539412536123073e-02
4.272990226745605469e+00 1.740863345230395098e-01
4.278699874877929688e+00 7.070821114319439382e-02
4.282209873199462891e+00 5.919771205753748128e-02
4.283629894256591797e+00 1.730306728679220363e-01
4.283710002899169922e+00 1.721879123206765394e-01
4.283949851989746094e+00 1.026150105597203183e-01
4.286089897155761719e+00 2.794245274484763800e-02
4.291779994964599609e+00 5.733365815499112672e-02
4.298810005187988281e+00 5.291223298442533640e-02
4.300869941711425781e+00 1.351567867633994835e-01
4.304840087890625000e+00 5.240853478843233992e-02
4.304959774017333984e+00 1.336798960207390696e-01
4.307960033416748047e+00 8.337694314808512253e-02
4.309440135955810547e+00 1.016564647883749090e-01
4.325329780578613281e+00 3.600509304493688251e-02
4.369510173797607422e+00 3.524513119244722659e-01
4.400279998779296875e+00 3.751010362379149365e-02
4.401959896087646484e+00 1.426580792824252153e-01
4.403820037841796875e+00 4.902848444170534309e-02
4.431749820709228516e+00 1.202185909297570493e-01
4.439219951629638672e+00 2.825879790963237714e-01
4.448800086975097656e+00 9.400182918341165247e-03
4.454120159149169922e+00 5.509137193270080557e-02
4.469810009002685547e+00 7.528397539137213212e-02
4.470600128173828125e+00 2.911895049702446087e-02
4.476789951324462891e+00 4.542623464663678862e-02
4.479569911956787109e+00 2.608752084319244657e-01
4.481239795684814453e+00 2.509029521401888729e-01
4.482140064239501953e+00 3.789949916140270686e-02
4.489560127258300781e+00 6.012283284391312099e-02
4.495490074157714844e+00 1.861777633963352108e-01
4.497409820556640625e+00 5.074405898525001513e-02
4.497560024261474609e+00 3.805702297062620726e-02
4.502530097961425781e+00 3.867608660168633805e-02
4.503240108489990234e+00 2.551922505881296446e-02
4.507180213928222656e+00 2.003784692399598333e-01
4.507949829101562500e+00 1.340269193848664664e-01
4.513919830322265625e+00 1.059443816093673663e-01
4.516839981079101562e+00 6.174431197539554522e-02
4.517389774322509766e+00 4.754416650067781747e-02
4.521349906921386719e+00 3.916820422965262838e-02
4.522369861602783203e+00 3.713783667494742480e-02
4.522530078887939453e+00 5.235628727729326609e-02
4.530000209808349609e+00 5.481715784857995460e-02
4.532410144805908203e+00 1.743724145119370655e-02
4.533130168914794922e+00 5.045088271673751207e-02
4.534870147705078125e+00 7.891311731383178485e-02
4.543139934539794922e+00 1.373475012541421625e-01
4.563680171966552734e+00 8.997065136408186059e-02
4.575419902801513672e+00 8.548444012288289318e-02
4.591000080108642578e+00 1.480703131076823165e-01
4.591519832611083984e+00 6.782648414151958016e-02
4.614880084991455078e+00 1.362031497886615206e-01
4.618529796600341797e+00 7.271632617496236184e-02
4.624360084533691406e+00 9.520777205502901908e-02
4.625679969787597656e+00 2.422664526929378670e-02
4.627200126647949219e+00 3.760898794541719242e-02
4.632060050964355469e+00 1.365587078898964080e-01
4.637539863586425781e+00 4.438884230826552896e-02
4.641099929809570312e+00 4.054202461897123827e-02
4.642350196838378906e+00 6.502358522431431198e-02
4.649549961090087891e+00 2.291070998203448283e-01
4.656179904937744141e+00 4.738693851375107291e-02
4.656789779663085938e+00 8.952649264120463024e-02
4.660359859466552734e+00 1.201902646396172947e-01
4.669519901275634766e+00 7.418016973073321418e-02
4.672259807586669922e+00 6.735710551741543040e-02
4.672890186309814453e+00 1.314025420482483886e-01
4.675809860229492188e+00 4.749281299444851889e-01
4.676189899444580078e+00 1.817132919882598618e-01
4.677159786224365234e+00 1.117316566382512699e-01
4.679550170898437500e+00 1.697744358222780248e-01
4.684370040893554688e+00 6.895989788599171666e-02
4.684700012207031250e+00 5.227210427358996297e-02
4.686389923095703125e+00 4.116210191537124363e-02
4.690070152282714844e+00 7.926274838114824584e-02
4.704480171203613281e+00 1.244356393799301991e-01
4.718589782714843750e+00 8.352023171497492682e-02
4.719309806823730469e+00 7.673565329804632462e-02
4.720409870147705078e+00 1.229049041056333308e-01
4.739130020141601562e+00 1.965535619425068936e-01
4.749199867248535156e+00 3.956369727340771081e-01
4.792230129241943359e+00 8.125566685921700727e-02
4.796860218048095703e+00 5.716487301651527325e-02
4.824359893798828125e+00 6.428293605271061251e-02
4.832980155944824219e+00 9.448516805418837039e-02
4.837689876556396484e+00 1.899476612947606780e-01
4.840899944305419922e+00 2.113063075980411293e-02
4.853079795837402344e+00 1.028622981333310732e-01
4.854159832000732422e+00 2.686328130207382703e-01
4.856599807739257812e+00 2.217177108678338240e-02
4.859759807586669922e+00 4.069845268431633578e-02
4.867090225219726562e+00 2.896598319962306878e-01
4.868340015411376953e+00 1.304712727667892980e-01
4.873020172119140625e+00 8.600418088640100767e-02
4.875189781188964844e+00 2.873030276643616099e-01
4.877029895782470703e+00 2.713319923541422651e-02
4.877550125122070312e+00 2.630226383211613575e-02
4.877639770507812500e+00 4.263892320400473890e-02
4.879489898681640625e+00 7.674938938301215097e-02
4.880080223083496094e+00 3.556700623830738039e-01
4.880730152130126953e+00 6.417484316975180514e-02
4.889870166778564453e+00 1.778310075918690392e-01
4.899710178375244141e+00 1.381184689718515171e-02
4.901959896087646484e+00 2.404473244495475975e-02
4.911449909210205078e+00 2.047265993600695666e-02
4.929069995880126953e+00 8.227938148037085286e-02
4.970670223236083984e+00 2.682063312461088408e-02
4.975399971008300781e+00 1.221118744007394091e-01
4.978759765625000000e+00 1.772794128205450459e-01
4.983009815216064453e+00 5.660931957828110178e-02
4.992119789123535156e+00 1.133185423394113406e-01
5.016530036926269531e+00 2.172810111101843578e-01
5.029039859771728516e+00 1.333104206713202622e-01
5.032899856567382812e+00 2.381853727590335090e-01
5.038939952850341797e+00 1.027201829553824469e-01
5.058300018310546875e+00 9.316766822437669293e-02
5.061289787292480469e+00 5.392137071210195004e-02
5.061610221862792969e+00 7.858521339903708214e-02
5.066229820251464844e+00 3.783453570911149422e-02
5.066400051116943359e+00 1.141109444337798789e-01
5.069660186767578125e+00 1.409435388634920072e-01
5.071790218353271484e+00 3.045517762641946832e-02
5.072959899902343750e+00 3.194368384761271662e-02
5.073550224304199219e+00 1.689431677020126754e-01
5.074749946594238281e+00 4.894266753859966707e-02
5.077410221099853516e+00 3.095961173892389923e-02
5.081459999084472656e+00 6.080721101331807397e-03
5.083680152893066406e+00 1.803547987780123457e-02
5.085909843444824219e+00 3.788976781330948701e-02
5.099830150604248047e+00 1.034905334798183751e-01
5.101759910583496094e+00 1.181066231711653536e-01
5.110070228576660156e+00 6.464229487643101402e-02
5.113190174102783203e+00 1.104500771159345474e-01
5.119289875030517578e+00 2.405525460817148353e-02
5.120329856872558594e+00 7.071914134124651641e-02
5.122509956359863281e+00 4.703135488524814306e-02
5.130159854888916016e+00 3.937956706707348986e-02
5.130459785461425781e+00 6.571099059160451228e-02
5.133140087127685547e+00 1.362448339237924688e-02
5.134240150451660156e+00 6.782791735384546827e-02
5.161139965057373047e+00 2.229500359767463691e-01
5.193120002746582031e+00 1.183510727541657592e-01
5.195489883422851562e+00 1.221938226916650799e-01
5.212299823760986328e+00 7.535981749653120065e-02
5.216839790344238281e+00 4.929463461368404492e-02
5.218500137329101562e+00 9.826750866892074165e-03
5.218540191650390625e+00 3.516985898214820827e-02
5.221720218658447266e+00 7.337058927033149325e-02
5.226729869842529297e+00 4.881364523060351818e-02
5.232470035552978516e+00 7.518343223992372815e-02
5.236589908599853516e+00 6.545246142239103532e-03
5.237120151519775391e+00 9.575713594790938310e-02
5.238629817962646484e+00 3.584001334892346347e-02
5.242579936981201172e+00 3.986082913466236499e-02
5.244679927825927734e+00 8.526781913596814810e-02
5.245739936828613281e+00 5.536732567575723685e-02
5.249849796295166016e+00 2.097632929401991309e-01
5.251699924468994141e+00 4.116968328098977170e-02
5.257369995117187500e+00 1.016380524825964693e-01
5.260280132293701172e+00 4.397758433392021105e-02
5.261159896850585938e+00 4.098829506031292230e-02
5.265130043029785156e+00 1.947668296682420613e-02
5.278019905090332031e+00 1.641807864677673756e-01
5.281640052795410156e+00 3.089417865472305139e-02
5.282720088958740234e+00 8.008020687262479287e-02
5.283760070800781250e+00 2.233461225291688279e-01
5.285309791564941406e+00 7.998235030022991798e-02
5.289850234985351562e+00 4.328078781058646018e-02
5.296080112457275391e+00 6.197455712449116694e-02
5.324619770050048828e+00 1.605484455444486369e-01
5.347469806671142578e+00 2.223306268260288876e-02
5.360909938812255859e+00 3.334083842267304698e-01
5.365190029144287109e+00 3.810068961465277182e-01
5.375110149383544922e+00 2.081858774552103331e-01
5.411489963531494141e+00 7.084155731257195387e-02
5.422029972076416016e+00 1.359692276609464623e-01
5.434420108795166016e+00 1.095078702646840180e-01
5.438799858093261719e+00 2.694388601387100457e-01
5.445799827575683594e+00 1.209723674080897537e-01
5.446730136871337891e+00 8.682210760360126178e-02
5.447269916534423828e+00 1.378542152032968468e-02
5.449610233306884766e+00 8.563497835244181233e-02
5.455689907073974609e+00 8.683771038550647248e-02
5.456940174102783203e+00 8.734143011339669249e-02
5.459939956665039062e+00 9.323954128361892912e-02
5.461669921875000000e+00 2.441971561195104834e-01
5.462540149688720703e+00 7.410597433984704441e-02
5.465789794921875000e+00 1.483257528599253583e-02
5.467939853668212891e+00 1.038102584105157766e-01
5.484449863433837891e+00 4.931680323659333454e-02
5.488039970397949219e+00 7.703032598367423600e-02
5.489439964294433594e+00 8.039323643775685146e-02
5.492410182952880859e+00 1.989175662998524108e-02
5.498879909515380859e+00 2.585090312840562093e-02
5.499760150909423828e+00 4.699214614852170735e-02
5.501470088958740234e+00 2.648890431301179418e-02
5.505889892578125000e+00 3.014697973673834963e-01
5.510859966278076172e+00 3.249839079799514141e-01
5.548989772796630859e+00 1.062133473182023391e-01
5.587810039520263672e+00 6.237307504131842789e-02
5.588389873504638672e+00 2.547921292386151060e-01
5.590869903564453125e+00 8.242830851155065475e-02
5.617969989776611328e+00 3.808037311042677953e-02
5.621950149536132812e+00 7.957028872126017949e-02
5.629600048065185547e+00 7.756833532487120153e-02
5.639739990234375000e+00 1.079410306680251980e-01
5.659319877624511719e+00 2.205033677115789681e-01
5.667180061340332031e+00 7.788518172683234209e-02
5.669069766998291016e+00 2.325474622650377521e-01
5.669280052185058594e+00 1.670276223558143924e-02
5.671219825744628906e+00 9.033778103947759375e-02
5.673470020294189453e+00 8.377685269150311753e-02
5.676459789276123047e+00 1.058968169018212058e-01
5.677859783172607422e+00 2.394485269984570897e-01
5.686299800872802734e+00 5.081488637525536506e-02
5.691380023956298828e+00 8.513100786489749550e-02
5.694759845733642578e+00 2.582574133480329548e-02
5.701069831848144531e+00 5.107305462852591849e-02
5.704490184783935547e+00 2.756902869463412342e-01
5.704609870910644531e+00 9.889407000507381695e-02
5.706920146942138672e+00 7.478743855193863144e-02
5.710400104522705078e+00 4.394542753952601633e-02
5.711420059204101562e+00 6.065524965344087915e-02
5.712480068206787109e+00 6.424139708745958688e-02
5.714149951934814453e+00 4.738924445579552336e-02
5.714439868927001953e+00 7.990196780567822288e-02
5.714590072631835938e+00 3.264558245999795577e-02
5.714690208435058594e+00 1.348903354178684066e-01
5.715260028839111328e+00 9.189356498655724959e-02
5.725409984588623047e+00 3.566599560422280268e-02
5.727739810943603516e+00 2.337848559746362465e-02
5.755790233612060547e+00 1.251622487170170883e-01
5.767270088195800781e+00 1.514097931827047827e-01
5.784589767456054688e+00 1.253935538543323180e-01
5.788119792938232422e+00 3.039837959069056211e-02
5.800159931182861328e+00 7.754526527078300924e-02
5.809010028839111328e+00 1.038144932777430862e-01
5.822380065917968750e+00 1.765323415117789618e-01
5.826119899749755859e+00 6.073061518792455260e-01
5.826159954071044922e+00 3.347642870401628529e-02
5.834899902343750000e+00 9.697200801747529741e-02
5.837190151214599609e+00 1.981767712116734581e-02
5.845019817352294922e+00 4.672767725146611401e-02
5.845799922943115234e+00 5.189025828232392973e-02
5.846119880676269531e+00 7.703793125323803170e-02
5.847959995269775391e+00 9.961695058694063076e-02
5.851830005645751953e+00 7.378186849437481931e-02
5.853199958801269531e+00 6.782240984578059850e-02
5.854310035705566406e+00 3.927349670080246963e-02
5.857810020446777344e+00 2.670972803566275602e-02
5.858829975128173828e+00 2.500772455961495777e-01
5.860330104827880859e+00 4.594313581042403644e-02
5.861179828643798828e+00 4.885235319462778725e-02
5.867420196533203125e+00 1.902397489992353474e-01
5.871880054473876953e+00 2.976793309155132405e-01
5.875259876251220703e+00 1.958300528641138682e-01
5.889550209045410156e+00 1.977008332479938402e-01
5.892310142517089844e+00 1.513449921259776287e-01
5.894330024719238281e+00 1.433912225984629862e-01
5.902989864349365234e+00 6.090899110133664307e-02
5.904779911041259766e+00 2.466510849171875755e-02
5.915870189666748047e+00 7.288078345923276746e-02
5.917009830474853516e+00 1.832071580802629163e-01
5.924739837646484375e+00 6.009200859861860838e-02
5.947619915008544922e+00 9.083954544553730914e-02
5.950300216674804688e+00 5.604839760748889926e-02
5.989230155944824219e+00 1.292784618105172478e-01
5.991839885711669922e+00 1.061948647891932246e-01
6.004449844360351562e+00 1.984632274468108581e-01
6.006140232086181641e+00 8.290501711266382578e-01
6.039480209350585938e+00 2.186072292231182046e-01
6.045489788055419922e+00 1.120226262407576223e-01
6.052450180053710938e+00 7.888247075125340291e-02
6.055709838867187500e+00 9.884077953711831732e-01
6.060100078582763672e+00 2.466611051477681990e-02
6.064420223236083984e+00 7.261853668453445432e-02
6.073870182037353516e+00 2.167905072039718606e-01
6.074339866638183594e+00 9.302254218833307109e-02
6.076660156250000000e+00 2.433810209335573738e-01
6.089789867401123047e+00 1.101332435853228653e-01
6.092219829559326172e+00 1.008362865576994394e-01
6.095310211181640625e+00 1.095798145920389433e-01
6.107409954071044922e+00 1.151802685321418884e-01
6.107610225677490234e+00 2.479215348724557177e-01
6.108469963073730469e+00 1.021265107623300222e-01
6.118599891662597656e+00 4.265618299776393618e-01
6.123950004577636719e+00 3.626041363711499099e-01
6.126979827880859375e+00 3.579051756703817144e-01
6.147880077362060547e+00 1.179689007294685510e+00
6.149230003356933594e+00 1.464776922953524574e-01
6.152910232543945312e+00 2.147804392855415523e-01
6.158239841461181641e+00 1.744627525719772698e-01
6.167449951171875000e+00 5.883836091332664830e-01
6.169829845428466797e+00 1.603702083791429256e-01
6.179319858551025391e+00 1.751526425910955309e-01
6.190619945526123047e+00 1.025673618008641208e-01
6.195909976959228516e+00 6.203110418723685182e-01
6.196700096130371094e+00 7.302981221584007310e-01
6.207829952239990234e+00 3.009083298148864660e-01
6.209619998931884766e+00 1.520176428006888014e-01
6.232679843902587891e+00 6.677137625891607642e-02
6.234499931335449219e+00 2.151535013365256432e+00
6.247059822082519531e+00 5.352890333716033011e-02
6.275619983673095703e+00 4.477422227506749342e-01
6.278659820556640625e+00 1.097316683601093634e-01
6.280230045318603516e+00 1.483347645098390399e-01
6.281109809875488281e+00 2.481392286152583893e-01
6.284540176391601562e+00 7.971640872923471677e-02
6.287759780883789062e+00 6.935713573502070295e-01
6.293640136718750000e+00 2.875574839812125028e-01
6.297949790954589844e+00 1.238816300481538346e-01
6.299970149993896484e+00 2.170649328819084511e-01
6.300970077514648438e+00 2.382864350532759301e-01
6.301000118255615234e+00 1.993633579669147338e-01
6.303909778594970703e+00 7.998923535272879359e-01
6.306270122528076172e+00 3.537356292470700270e-02
6.315680027008056641e+00 1.162430108709364474e+00
6.319920063018798828e+00 5.935925729738232570e-02
6.320340156555175781e+00 5.781944870497249811e-01
6.323939800262451172e+00 5.977242486528432375e-01
6.325510025024414062e+00 1.031904306569749741e-01
6.325540065765380859e+00 2.079011370725590835e-01
6.327589988708496094e+00 2.394728684435007068e-02
6.328020095825195312e+00 1.275935215324145888e+00
6.328239917755126953e+00 5.594312988356048288e-01
6.337379932403564453e+00 7.881894841051423350e-01
6.350629806518554688e+00 8.431239883197332308e-01
6.362269878387451172e+00 1.404158816956622147e+00
6.365809917449951172e+00 5.528121483499381927e-01
6.378849983215332031e+00 1.951820722693477173e+00
6.389550209045410156e+00 4.023290458242798628e-01
6.413109779357910156e+00 1.302344954519901732e+00
6.422880172729492188e+00 1.190523188378144193e-01
6.430180072784423828e+00 9.421648447918046232e-02
6.435440063476562500e+00 1.045575544282048019e-01
6.438109874725341797e+00 1.004747354292034656e+00
6.440790176391601562e+00 7.641058803093379037e-01
6.451930046081542969e+00 4.646029524831105650e-01
6.455279827117919922e+00 1.159428045989506773e+00
6.457900047302246094e+00 6.560654672391086351e-01
6.459410190582275391e+00 1.103817438023404207e-01
6.463930130004882812e+00 8.068433488733441905e-01
6.465250015258789062e+00 1.316044176176514868e-01
6.466529846191406250e+00 5.613663852305128543e-01
6.468009948730468750e+00 7.367102076660999588e-01
6.472410202026367188e+00 2.469781813732398745e-01
6.495210170745849609e+00 7.862148819790363286e-01
6.497340202331542969e+00 1.237733082634731863e-01
6.501269817352294922e+00 4.570631420678428203e-01
6.519830226898193359e+00 4.775421354873703450e-01
6.544839859008789062e+00 4.942051261981120214e-02
6.548130035400390625e+00 8.437584965619482347e-01
6.551939964294433594e+00 3.019684687580377891e-01
6.559360027313232422e+00 1.001912698737012913e-01
6.563139915466308594e+00 9.549929289902334695e-01
6.579589843750000000e+00 4.167806523354203319e-02
6.580160140991210938e+00 1.060448692110268931e+00
6.580420017242431641e+00 2.489102437649140243e-01
6.585720062255859375e+00 1.311760568358495860e+00
6.588940143585205078e+00 3.179801277925506375e-01
6.592020034790039062e+00 3.683179102182463360e-01
6.594890117645263672e+00 1.230693531345123937e+00
6.610099792480468750e+00 2.707152687749438125e-02
6.622920036315917969e+00 1.468273392895503626e+00
6.650310039520263672e+00 7.687350789090919845e-01
6.665679931640625000e+00 4.456186067429483977e-01
6.669970035552978516e+00 1.519002341449877225e+00
6.672249794006347656e+00 8.505264239704363183e-01
6.677509784698486328e+00 7.973479098516508823e-02
6.680160045623779297e+00 6.476480351064437535e-01
6.683559894561767578e+00 1.464381578390899774e+00
6.684430122375488281e+00 1.286549060954353285e+00
6.685440063476562500e+00 1.724458214761607211e+00
6.697470188140869141e+00 9.386013370559379565e-01
6.697989940643310547e+00 1.086422819193015865e+00
6.704050064086914062e+00 1.055374722275069788e+00
6.705719947814941406e+00 3.471029987478027046e-01
6.710030078887939453e+00 8.003030597181466366e-01
6.723519802093505859e+00 9.328249457063805261e-01
6.724609851837158203e+00 1.721700899216797254e+00
6.736549854278564453e+00 1.169358952960877662e+00
6.739329814910888672e+00 1.477364247328830871e+00
6.741119861602783203e+00 4.131653576354932245e-01
6.750840187072753906e+00 1.214286996657034379e-01
6.753570079803466797e+00 7.086291373979333383e-03
6.761419773101806641e+00 2.894476450409872448e-01
6.775390148162841797e+00 4.670543780723981908e-01
6.783500194549560547e+00 2.774302015428486371e-03
6.784759998321533203e+00 9.312112960996018485e-01
6.784939765930175781e+00 4.238129175403745896e-02
6.787350177764892578e+00 1.854110950318381967e-01
6.789340019226074219e+00 9.476892808897505738e-01
6.808209896087646484e+00 2.321489610707682671e-01
6.819550037384033203e+00 8.585584183952981174e-01
6.819590091705322266e+00 6.880592899780021421e-01
6.824560165405273438e+00 4.240495874319565872e-01
6.829470157623291016e+00 7.281751744794420222e-01
6.841509819030761719e+00 1.355128968544258461e+00
6.846690177917480469e+00 1.646800408139293959e+00
6.857820034027099609e+00 5.105139426419705861e-01
6.869800090789794922e+00 4.880591388455742807e-01
6.870090007781982422e+00 3.028056665190179686e-01
6.875060081481933594e+00 4.801150618374281503e-02
6.877699851989746094e+00 2.542159791390626866e-01
6.882929801940917969e+00 2.507402676726805391e-01
6.891240119934082031e+00 4.988626664181606274e-01
6.896249771118164062e+00 6.681476056176666178e-01
6.902279853820800781e+00 1.134685101643488458e+00
6.906869888305664062e+00 1.216763501148575344e+00
6.907030105590820312e+00 4.728880316854355836e-01
6.908949851989746094e+00 3.397981463279454162e-01
6.922770023345947266e+00 9.882645270123372461e-01
6.940040111541748047e+00 4.236343115789353297e-01
6.946249961853027344e+00 1.258536376303226456e+00
6.948900222778320312e+00 6.803795127005710652e-01
6.966119766235351562e+00 1.207491541138154600e+00
6.967430114746093750e+00 2.052171511032181872e+00
6.972459793090820312e+00 1.424547023889054520e+00
6.973400115966796875e+00 1.095433448969593160e+00
6.976409912109375000e+00 1.296994959860845453e+00
6.987239837646484375e+00 1.076933316942212671e-01
6.994729995727539062e+00 5.014676583814510202e-01
6.996540069580078125e+00 6.465339139686823167e-01
7.006539821624755859e+00 1.526910187363289984e+00
7.015089988708496094e+00 1.313946531032313736e+00
7.016679763793945312e+00 1.306337375551517965e+00
7.018980026245117188e+00 2.389835860359460273e+00
7.033229827880859375e+00 1.557446072419846006e+00
7.043419837951660156e+00 4.983367104818672150e-02
7.057320117950439453e+00 5.449651016435171913e-01
7.063240051269531250e+00 1.214210145320520073e+00
7.064939975738525391e+00 9.566409376962555777e-01
7.067800045013427734e+00 4.595155991383407246e-01
7.068540096282958984e+00 1.225727958416376051e+00
7.074840068817138672e+00 2.109310031739990432e+00
7.075349807739257812e+00 9.877102980178915637e-01
7.088389873504638672e+00 3.268971441510997167e+00
7.100450038909912109e+00 1.696763051934266908e-01
7.102479934692382812e+00 1.702330787699870784e+00
7.102680206298828125e+00 2.759884669980000593e-01
7.108359813690185547e+00 1.169751846864192757e+00
7.111569881439208984e+00 4.707912807059637661e-01
7.130630016326904297e+00 4.351025897437154066e-01
7.135149955749511719e+00 9.508895245872917013e-01
7.142049789428710938e+00 1.674316448860483586e+00
7.142179965972900391e+00 6.511538227619009245e-01
7.144559860229492188e+00 2.093997332237341080e+00
7.164209842681884766e+00 1.142295899285995064e+00
7.170660018920898438e+00 1.095722336704668232e+00
7.173779964447021484e+00 7.964700822053168983e-01
7.176050186157226562e+00 2.579854077528522804e+00
7.176640033721923828e+00 9.962868628300627361e-01
7.181990146636962891e+00 2.846226364240700968e-01
7.188139915466308594e+00 1.361331652863581265e+00
7.195849895477294922e+00 1.375542773454889067e+00
7.196209907531738281e+00 2.449031797010109646e+00
7.196269989013671875e+00 1.358673812572077644e+00
7.196569919586181641e+00 1.518144712195861334e-01
7.215980052947998047e+00 2.488498569577806407e-01
7.227950096130371094e+00 2.328107767972539932e+00
7.233190059661865234e+00 1.388415524121140887e+00
7.234399795532226562e+00 4.236501106747092571e-01
7.240230083465576172e+00 4.636610920740064090e-01
7.244050025939941406e+00 1.873446614037956426e+00
7.247859954833984375e+00 1.105725314174024199e+00
7.250939846038818359e+00 1.036316904491087626e-01
7.253119945526123047e+00 7.436642131510655673e-01
7.268690109252929688e+00 9.435238844741856701e-01
7.275040149688720703e+00 6.398260203809364999e-01
7.289390087127685547e+00 1.419737337628060869e+00
7.293930053710937500e+00 6.886109750922656536e-01
7.294350147247314453e+00 2.674553360511787159e-01
7.295800209045410156e+00 7.919101714315545104e-01
7.295969963073730469e+00 7.857299409868973017e-01
7.298019886016845703e+00 8.558085332558104108e-01
7.315430164337158203e+00 1.485268672358778685e+00
7.319089889526367188e+00 1.277118515620969674e+00
7.326399803161621094e+00 6.899851560452716637e-01
7.334390163421630859e+00 3.253879005571062022e-01
7.336450099945068359e+00 1.195639594240151815e-01
7.339310169219970703e+00 2.715789543377943871e-01
7.339379787445068359e+00 1.166226717780037836e+00
7.346930027008056641e+00 1.110794660560395331e+00
7.347050189971923828e+00 1.663305509451613817e+00
7.352469921112060547e+00 1.333054885379443943e+00
7.361470222473144531e+00 1.155680588019660338e+00
7.366549968719482422e+00 9.288429714163721762e-01
7.374129772186279297e+00 1.791804707689600429e+00
7.374229907989501953e+00 8.152858053190272791e-01
7.393859863281250000e+00 6.815494769758252414e-01
7.394760131835937500e+00 3.063851642347435345e+00
7.397729873657226562e+00 1.101676025187131813e+00
7.398640155792236328e+00 1.039152978833907337e+00
7.406660079956054688e+00 3.775235329635767689e-01
7.406670093536376953e+00 6.388542237440792970e-01
7.411499977111816406e+00 2.760223535852978638e-01
7.421269893646240234e+00 8.891721923173959707e-01
7.431139945983886719e+00 1.736738885869538451e-01
7.433290004730224609e+00 5.715848982266811262e-01
7.436850070953369141e+00 8.040788025587336518e-01
7.439459800720214844e+00 1.210904891524370752e+00
7.448219776153564453e+00 7.676689228158600775e-01
7.465079784393310547e+00 3.216302065439961666e+00
7.474559783935546875e+00 9.627552469037627958e-01
7.476230144500732422e+00 2.638841361387176954e-01
7.476749897003173828e+00 1.080815432042723234e+00
7.480989933013916016e+00 3.708078707162476562e-01
7.482450008392333984e+00 3.908210726923655454e-01
7.490159988403320312e+00 6.434559496876461893e-01
7.490739822387695312e+00 1.183680048020274489e+00
7.496829986572265625e+00 5.061697611824860221e-01
7.510190010070800781e+00 3.152541726013413648e-01
7.516479969024658203e+00 2.545150238357626549e+00
7.525750160217285156e+00 1.719758007904332198e+00
7.525990009307861328e+00 1.981240768227636728e+00
7.528029918670654297e+00 1.024533940263220977e+00
7.538119792938232422e+00 2.637839456494872170e+00
7.544740200042724609e+00 6.237428806289389838e-02
7.560289859771728516e+00 1.948111281413988927e-01
7.573339939117431641e+00 4.969613919285452708e-01
7.577690124511718750e+00 2.381942353224204556e+00
7.581170082092285156e+00 7.559030044141255011e-01
7.584300041198730469e+00 1.685542785936231303e+00
7.598040103912353516e+00 7.301122211076305213e-01
7.601319789886474609e+00 1.516495158577652713e+00
7.604259967803955078e+00 8.416131522232723761e-01
7.612559795379638672e+00 1.504433786713239678e-02
7.614719867706298828e+00 3.443433560751208433e-01
7.624340057373046875e+00 8.427437700293518574e-01
7.626359939575195312e+00 4.488218143599725374e-01
7.626930236816406250e+00 2.183689531865565803e-01
7.636899948120117188e+00 9.928933240471080612e-01
7.638919830322265625e+00 2.713235839392069693e-01
7.640480041503906250e+00 1.405158542006616385e+00
7.644400119781494141e+00 3.957233935365638278e-01
7.649750232696533203e+00 8.632749160737372973e-01
7.654970169067382812e+00 5.791992302443346174e-01
7.657770156860351562e+00 2.744915388754625596e+00
7.658020019531250000e+00 1.019201964664867566e+00
7.658070087432861328e+00 1.238126137357673739e+00
7.659530162811279297e+00 1.678128897764169736e+00
7.666429996490478516e+00 1.094652277734049273e+00
7.684599876403808594e+00 7.571333848886577789e-01
7.685929775238037109e+00 1.476732738977910575e+00
7.698790073394775391e+00 9.910442183231855662e-01
7.705510139465332031e+00 9.641306130207730751e-01
7.707530021667480469e+00 6.749853399269137855e-01
7.711820125579833984e+00 4.898437955652795717e-01
7.717370033264160156e+00 7.437788217775034294e-01
7.718480110168457031e+00 1.210141458056580577e-01
7.719490051269531250e+00 7.481938017098698213e-01
7.721670150756835938e+00 9.923576460244040165e-01
7.728839874267578125e+00 1.414842259356872800e+00
7.744410037994384766e+00 1.129919139392121741e+00
7.757009983062744141e+00 9.136217436844109585e-01
7.761330127716064453e+00 4.180247227061835436e-02
7.772250175476074219e+00 4.776048164518361672e-01
7.773970127105712891e+00 5.197180442356233998e-01
7.778210163116455078e+00 8.030097348420215386e-01
7.788919925689697266e+00 1.084045793400139290e+00
7.793769836425781250e+00 1.230247936577484769e+00
7.799520015716552734e+00 2.078119421027845581e-01
7.805769920349121094e+00 8.161463398402289959e-01
7.821959972381591797e+00 1.104575247340686905e+00
7.823589801788330078e+00 2.939351194773259235e-01
7.827209949493408203e+00 3.157282266678530736e+00
7.827889919281005859e+00 7.785076704957193394e-01
7.828700065612792969e+00 9.774093150175058864e-02
7.830080032348632812e+00 2.573597520106795655e-01
7.833250045776367188e+00 7.008779781983534574e-02
7.838230133056640625e+00 8.840811505833153783e-01
7.845680236816406250e+00 4.867107616549495863e-01
7.861670017242431641e+00 1.716682736983053958e+00
7.868110179901123047e+00 2.573379511288325094e-01
7.874060153961181641e+00 3.707109043623833811e-02
7.895170211791992188e+00 2.402886143765099181e-01
7.901309967041015625e+00 1.200247095620966320e+00
7.913469791412353516e+00 1.127952080144152491e+00
7.928239822387695312e+00 1.203703380010257007e+00
7.929520130157470703e+00 1.330039946747954671e+00
7.931709766387939453e+00 7.577540461420079199e-01
7.943309783935546875e+00 1.364124338489879074e-01
7.948719978332519531e+00 1.125682114670402134e-01
7.965280055999755859e+00 9.724437435995059165e-02
7.970210075378417969e+00 4.793731980466750531e-01
7.971000194549560547e+00 1.099985662072910486e+00
7.973330020904541016e+00 2.386380605545836975e-01
7.976659774780273438e+00 4.079271442846531953e-02
7.993330001831054688e+00 1.060623816756811832e+00
7.995629787445068359e+00 3.673034715295696584e-01
7.996339797973632812e+00 1.702216294815704467e+00
8.002169609069824219e+00 1.811746808746284021e+00
8.014760017395019531e+00 3.507845362543849710e+00
8.016139984130859375e+00 1.518679886498224496e+00
8.020030021667480469e+00 1.564082462335159018e+00
8.025699615478515625e+00 7.682337849964294973e-02
8.028220176696777344e+00 1.249480634525981237e+00
8.040559768676757812e+00 1.335547594360063650e+00
8.047309875488281250e+00 1.138389939867588962e+00
8.048119544982910156e+00 9.865860101881432365e-02
8.055120468139648438e+00 2.098331848600673677e+00
8.057749748229980469e+00 3.725004350303141032e-01
8.058540344238281250e+00 7.840996592572194723e-01
8.060870170593261719e+00 8.848847047820382894e-01
8.067130088806152344e+00 1.511954722093635517e-01
8.070130348205566406e+00 5.717580040346028625e-01
8.074110031127929688e+00 2.377887416705817825e-01
8.078069686889648438e+00 9.180413863232050886e-01
8.081919670104980469e+00 1.234313561810464588e+00
8.085499763488769531e+00 2.286231080995358433e-01
8.097120285034179688e+00 1.143941595421428925e+00
8.097760200500488281e+00 1.273448049467015952e+00
8.109250068664550781e+00 1.317924441227706689e+00
8.118539810180664062e+00 3.027141088434318839e+00
8.122159957885742188e+00 1.203268415739503494e+00
8.132240295410156250e+00 5.451183510414966404e-01
8.133069992065429688e+00 3.936820012241635247e+00
8.136710166931152344e+00 2.002785122968662179e+00
8.143759727478027344e+00 1.017775067299799968e-01
8.157730102539062500e+00 3.297695206445406813e-01
8.162150382995605469e+00 8.058271747614642599e-01
8.163220405578613281e+00 1.752079126615563309e+00
8.166259765625000000e+00 1.105802709243725257e+00
8.173119544982910156e+00 6.767632021619112148e-01
8.180459976196289062e+00 1.099078960558346418e+00
8.180660247802734375e+00 2.165091549507715957e-02
8.185330390930175781e+00 5.169241943806966999e-01
8.194250106811523438e+00 8.435919479663493981e-01
8.207590103149414062e+00 6.474366667724068547e-01
8.213199615478515625e+00 2.140471270649478175e+00
8.216569900512695312e+00 1.008552982898001105e+00
8.229720115661621094e+00 1.005664161602157103e+00
8.232029914855957031e+00 1.944464002003022385e+00
8.239580154418945312e+00 1.467610150171363426e+00
8.244449615478515625e+00 2.684612645927133556e-01
8.244680404663085938e+00 4.526808810069519740e-01
8.252929687500000000e+00 1.431948060319592875e+00
8.253720283508300781e+00 1.838516505880692931e-01
8.257200241088867188e+00 3.354534264990176595e-01
8.257949829101562500e+00 2.084158296214835726e+00
8.259949684143066406e+00 4.113663756507524027e-01
8.282750129699707031e+00 3.296390865098954848e+00
8.290940284729003906e+00 6.710923318913192270e-01
8.292309761047363281e+00 7.967774766279391851e-01
8.296030044555664062e+00 1.524366376505167375e+00
8.303030014038085938e+00 1.852255755823455807e+00
8.303600311279296875e+00 1.814178045443409215e-01
8.303689956665039062e+00 1.712383611585686083e+00
8.305760383605957031e+00 1.014994771426644071e+00
8.306570053100585938e+00 8.214764835559758005e-01
8.310740470886230469e+00 3.910142108887451617e-01
8.313010215759277344e+00 1.367373359183512882e+00
8.327289581298828125e+00 1.645284872145398314e+00
8.340290069580078125e+00 1.483067730558239150e+00
8.349749565124511719e+00 8.439713484140746180e-01
8.354319572448730469e+00 9.076692284789766862e-02
8.356280326843261719e+00 9.555377977635653997e-01
8.366640090942382812e+00 1.861508645898673153e+00
8.371179580688476562e+00 1.099425894073595283e-01
8.374219894409179688e+00 1.254296513855252426e+00
8.377599716186523438e+00 2.677861668106436888e+00
8.380049705505371094e+00 2.507810468793636893e+00
8.391200065612792969e+00 4.480193718483588827e-01
8.402480125427246094e+00 1.695729056911342347e+00
8.404009819030761719e+00 9.472254773085114765e-01
8.414279937744140625e+00 1.340380086675686755e+00
8.417670249938964844e+00 1.631360627508917638e+00
8.427120208740234375e+00 9.988526980842917791e-01
8.429869651794433594e+00 1.718000604928133501e-01
8.432680130004882812e+00 3.820255171928682358e+00
8.434670448303222656e+00 1.058828318193893336e+00
8.447130203247070312e+00 1.742460708583786877e+00
8.451189994812011719e+00 5.932583274890598224e-01
8.452589988708496094e+00 6.534722398294603440e-01
8.453129768371582031e+00 1.148845286426687151e+00
8.459890365600585938e+00 8.771612346046898656e-01
8.484310150146484375e+00 1.259014136895948432e+00
8.497520446777343750e+00 2.674655219031194520e+00
8.505439758300781250e+00 1.435328932583157080e+00
8.508950233459472656e+00 4.087830855911508410e-01
8.512490272521972656e+00 5.726210988612255859e-01
8.513369560241699219e+00 6.272328769707202767e-01
8.516030311584472656e+00 1.646929269783864724e-01
8.522069931030273438e+00 1.479189466619614146e+00
8.529850006103515625e+00 5.602396701101283183e-01
8.536970138549804688e+00 6.518642017979551229e-01
8.541660308837890625e+00 3.854058773186792575e-01
8.542030334472656250e+00 8.037548202769704275e-01
8.543199539184570312e+00 1.207109851171734194e+00
8.543640136718750000e+00 1.764713165506929249e-01
8.551130294799804688e+00 1.635455245034248550e+00
8.551369667053222656e+00 9.826784430731572151e-01
8.552800178527832031e+00 2.708048531851047880e+00
8.557780265808105469e+00 4.814013374235775466e-01
8.561710357666015625e+00 9.321532064748763724e-02
8.563469886779785156e+00 1.100565818880628211e+00
8.570610046386718750e+00 1.317260899593736045e+00
8.574970245361328125e+00 1.458192954253731521e+00
8.575739860534667969e+00 2.356281500944772400e-01
8.582150459289550781e+00 2.280083385935784968e-01
8.584139823913574219e+00 4.858421975423756756e-01
8.590259552001953125e+00 2.638129215895121504e+00
8.604800224304199219e+00 5.148911701772446170e-01
8.612970352172851562e+00 2.236838500100644389e-01
8.615349769592285156e+00 4.653702475280790396e-01
8.615850448608398438e+00 1.456305856045859048e+00
8.621139526367187500e+00 1.609046344267011985e+00
8.631170272827148438e+00 3.537013335183369911e+00
8.632829666137695312e+00 1.728434100304652610e+00
8.636150360107421875e+00 5.188801695022755567e-01
8.639969825744628906e+00 1.012431749730805075e+00
8.657199859619140625e+00 1.932100492096288313e+00
8.665209770202636719e+00 1.140775771867321930e+00
8.669460296630859375e+00 1.343426346113841818e+00
8.670310020446777344e+00 1.051802130464164042e+00
8.673950195312500000e+00 1.955330678182047643e+00
8.676369667053222656e+00 1.341095949047531821e+00
8.693770408630371094e+00 6.445705853357288628e-01
8.697990417480468750e+00 2.607013128833033933e-01
8.701609611511230469e+00 2.401988026580595736e+00
8.703200340270996094e+00 1.289402762978453465e+00
8.703780174255371094e+00 3.338276716478679185e-01
8.711179733276367188e+00 2.650007679154705365e+00
8.717920303344726562e+00 3.014890324108014052e+00
8.718480110168457031e+00 2.155335622701117781e+00
8.719409942626953125e+00 6.226414549629208373e-02
8.728050231933593750e+00 1.756799108207923732e+00
8.732270240783691406e+00 1.896187596341724957e+00
8.738739967346191406e+00 1.565594967857888431e+00
8.745789527893066406e+00 9.952423933781390231e-01
8.749750137329101562e+00 1.249256803938258331e+00
8.753999710083007812e+00 6.865757314668557987e-01
8.759949684143066406e+00 6.002591962720574825e-01
8.760410308837890625e+00 2.522432435587040001e+00
8.762769699096679688e+00 1.241734607378228716e+00
8.764060020446777344e+00 1.279105751372348054e+00
8.766590118408203125e+00 3.277860642276495540e+00
8.773050308227539062e+00 1.894567483190772395e+00
8.786890029907226562e+00 1.193449337972629420e+00
8.796210289001464844e+00 1.211735573629810103e+00
8.805649757385253906e+00 6.415229766988042037e-01
8.808670043945312500e+00 1.171081836842484958e-01
8.808879852294921875e+00 8.360097033088041973e-01
8.810910224914550781e+00 2.463335333901841118e+00
8.813050270080566406e+00 2.419187337793255121e+00
8.826959609985351562e+00 5.136994489064665714e-01
8.829500198364257812e+00 1.954811388965513430e+00
8.839619636535644531e+00 9.206307457623493784e-01
8.846010208129882812e+00 6.280399434523726843e-01
8.848110198974609375e+00 2.292998760246934609e+00
8.850609779357910156e+00 1.933755626474257250e+00
8.858209609985351562e+00 1.171023039646480468e+00
8.872249603271484375e+00 1.015944916703531709e+00
8.883890151977539062e+00 4.239997473139819895e-01
8.890890121459960938e+00 8.813308074209456056e-01
8.893360137939453125e+00 3.852142883669002482e-01
8.896719932556152344e+00 3.761105025034437777e+00
8.905429840087890625e+00 1.283192368870641475e+00
8.914219856262207031e+00 1.955407816885048833e+00
8.916399955749511719e+00 2.782527934782942358e-01
8.919150352478027344e+00 1.671122734527478393e+00
8.925930023193359375e+00 2.683906818710791731e-01
8.932379722595214844e+00 6.001253676216987687e-01
8.936579704284667969e+00 1.942356473708503062e+00
8.939929962158203125e+00 9.108536280545349861e-02
8.951510429382324219e+00 2.019496509359321457e-01
8.960149765014648438e+00 2.554494966192928374e+00
8.965040206909179688e+00 1.435151258609317804e+00
8.966560363769531250e+00 7.292618692103916000e-01
8.976479530334472656e+00 2.043808403266912099e-01
8.981550216674804688e+00 7.029062081262592299e-02
8.982449531555175781e+00 1.226199234286913242e+00
8.982850074768066406e+00 1.398592046166304392e+00
8.987460136413574219e+00 8.619958903828577323e-01
8.988160133361816406e+00 3.311545541507632251e+00
8.989680290222167969e+00 1.756048366282631168e+00
8.995059967041015625e+00 7.394875944707720583e-01
9.000619888305664062e+00 9.179767918650818537e-01
9.009679794311523438e+00 1.400623532042533370e-01
9.017510414123535156e+00 2.537640202578455906e+00
9.032810211181640625e+00 3.011579511702939804e+00
9.033229827880859375e+00 8.120354512444492023e-01
9.033630371093750000e+00 2.914324719204161251e+00
9.036870002746582031e+00 9.187234806487871719e-01
9.039250373840332031e+00 8.389056781046082545e-01
9.041199684143066406e+00 2.694981095886815337e-01
9.054770469665527344e+00 2.345868958923854830e+00
9.071889877319335938e+00 5.804517173945570319e-01
9.074399948120117188e+00 6.567836920141344459e-01
9.083840370178222656e+00 5.194062694164424121e-01
9.083880424499511719e+00 2.960319520563500229e-01
9.090869903564453125e+00 5.035474528971506381e-01
9.103480339050292969e+00 1.234197881352975479e+00
9.104610443115234375e+00 3.227182227393344149e+00
9.124170303344726562e+00 9.202935924280157831e-01
9.124279975891113281e+00 5.224228786286407855e-01
9.132080078125000000e+00 1.005679624381741855e+00
9.138389587402343750e+00 3.082796487640523386e-01
9.141650199890136719e+00 1.196146252241878427e+00
9.144969940185546875e+00 1.232287964388552481e+00
9.146699905395507812e+00 3.130361423223010142e+00
9.149669647216796875e+00 5.266428338027326905e-01
9.171299934387207031e+00 2.326927464028293091e+00
9.171910285949707031e+00 5.782356216901247681e-01
9.174019813537597656e+00 1.478699966096874263e+00
9.179320335388183594e+00 4.420460584052793851e-01
9.182959556579589844e+00 8.663679660446989006e-01
9.183059692382812500e+00 1.183726493763696430e+00
9.184160232543945312e+00 3.435811298897885613e-01
9.193590164184570312e+00 7.993057530726693782e-02
9.217949867248535156e+00 1.759014947771899706e-01
9.218899726867675781e+00 6.621094646867407008e-01
9.219059944152832031e+00 1.460674759687774715e+00
9.219269752502441406e+00 2.377031757235410048e+00
9.219420433044433594e+00 1.377284283939053999e+00
9.228389739990234375e+00 9.463086811382679375e-01
9.236499786376953125e+00 9.363766431767334142e-01
9.259960174560546875e+00 1.949345754797866759e+00
9.262419700622558594e+00 7.080018826475116267e-01
9.262669563293457031e+00 1.751304290789626350e+00
9.265660285949707031e+00 6.788378315798380136e-01
9.265680313110351562e+00 1.586747368018127879e+00
9.270770072937011719e+00 3.534690847321834278e-02
9.271769523620605469e+00 8.691325316220291919e-01
9.280309677124023438e+00 1.011370762931178113e+00
9.282019615173339844e+00 7.924414160025522458e-01
9.285929679870605469e+00 2.539297521213579323e-01
9.290360450744628906e+00 7.916921448119007554e-02
9.296090126037597656e+00 5.893876932519502843e-01
9.297360420227050781e+00 1.039585765044994448e+00
9.300120353698730469e+00 1.190463430253259514e+00
9.303879737854003906e+00 3.150080722614767570e+00
9.305680274963378906e+00 9.611839399844844811e-01
9.307209968566894531e+00 1.411169809565994138e+00
9.308090209960937500e+00 1.117488710654942263e+00
9.317859649658203125e+00 2.019889990236937827e+00
9.318570137023925781e+00 9.288220784897766036e-01
9.344260215759277344e+00 1.950192218520554910e+00
9.353890419006347656e+00 1.005547188659952740e+00
9.374719619750976562e+00 3.710363927782219240e-01
9.382490158081054688e+00 2.886324551081970169e-01
9.383990287780761719e+00 6.871641378067789852e-01
9.384759902954101562e+00 9.921678617637412767e-01
9.393639564514160156e+00 2.495676798662211926e-01
9.403240203857421875e+00 2.631684864608371921e+00
9.403650283813476562e+00 1.162289624519392273e-01
9.418060302734375000e+00 1.633903494736327788e+00
9.430270195007324219e+00 1.984510897142065800e-01
9.433099746704101562e+00 8.505417981789635817e-01
9.435930252075195312e+00 8.201599943020504435e-01
9.437840461730957031e+00 2.419063381002728719e-01
9.454730033874511719e+00 8.477635584990190765e-01
9.463489532470703125e+00 3.669033311837330835e+00
9.467249870300292969e+00 2.266071787806021920e+00
9.477149963378906250e+00 1.290416502007313504e+00
9.480810165405273438e+00 1.904381142942026539e+00
9.481269836425781250e+00 7.600514358372596480e-01
9.485449790954589844e+00 8.008392682722583755e-01
9.489629745483398438e+00 2.460927544900562702e-01
9.490469932556152344e+00 9.141815374138049233e-01
9.496310234069824219e+00 1.703132183170682698e-02
9.496769905090332031e+00 1.224272037897278675e+00
9.510820388793945312e+00 8.004406261083872876e-01
9.515179634094238281e+00 1.009969688014122902e+00
9.529470443725585938e+00 1.326754539969344560e+00
9.534429550170898438e+00 2.972661012758257004e-01
9.534629821777343750e+00 1.654601354702576854e+00
9.541350364685058594e+00 1.293956921178246233e+00
9.543749809265136719e+00 8.360513525689552417e-01
9.556599617004394531e+00 5.238954493177697680e-01
9.563969612121582031e+00 1.165683021035247346e+00
9.564769744873046875e+00 4.854949684418480294e-01
9.570190429687500000e+00 6.445184526296450223e-01
9.575550079345703125e+00 7.018911480699973060e-01
9.576620101928710938e+00 3.104680455719559945e-02
9.577639579772949219e+00 1.551606234252777439e+00
9.586560249328613281e+00 1.254594658855822997e+00
9.612930297851562500e+00 8.555349533209581914e-01
9.614450454711914062e+00 7.692062652371751685e-01
9.621060371398925781e+00 8.229664949363545146e-02
9.625530242919921875e+00 1.155372480054050355e+00
9.632559776306152344e+00 3.469711678315081649e-01
9.634819984436035156e+00 2.280083140906612904e+00
9.634940147399902344e+00 1.255545950649163078e+00
9.636859893798828125e+00 2.825551782354924324e+00
9.645700454711914062e+00 2.085132528576823852e+00
9.654609680175781250e+00 1.440637017773766626e+00
9.658300399780273438e+00 1.904799985677706031e+00
9.667960166931152344e+00 7.259687064016268065e-01
9.676639556884765625e+00 2.149715303973559255e+00
9.683919906616210938e+00 1.093660973263717473e+00
9.686860084533691406e+00 2.094499410288383837e-02
9.702699661254882812e+00 6.491281854040181765e-01
9.703319549560546875e+00 2.260282152051711790e+00
9.706419944763183594e+00 1.133650573485603719e+00
9.708029747009277344e+00 7.953816551525476619e-01
9.708609580993652344e+00 3.183702604691698301e-01
9.713290214538574219e+00 5.185666611340733478e-01
9.718629837036132812e+00 2.381837841472561335e-01
9.721039772033691406e+00 1.329403723367556800e-01
9.741490364074707031e+00 2.611445456192642012e-01
9.746680259704589844e+00 4.305302451622717852e-01
9.751469612121582031e+00 3.889314676740435739e-01
9.756560325622558594e+00 3.950165659936784479e+00
9.761280059814453125e+00 1.901843696934633954e+00
9.763190269470214844e+00 7.494949164604203240e-01
9.766300201416015625e+00 1.727926568928627393e+00
9.772410392761230469e+00 1.253329018138507278e+00
9.774780273437500000e+00 1.403195996350611985e+00
9.775850296020507812e+00 6.469082793864766590e-01
9.787280082702636719e+00 1.426215959384430798e+00
9.804730415344238281e+00 4.105369887008760710e-01
9.807579994201660156e+00 7.714538294128788776e-01
9.807649612426757812e+00 1.177320243802130850e+00
9.814609527587890625e+00 1.174415831262117571e+00
9.828289985656738281e+00 9.222115945242683743e-01
9.829279899597167969e+00 5.826794563185042630e-01
9.829730033874511719e+00 2.202893565081625926e+00
9.840600013732910156e+00 1.720702207656074734e+00
9.863260269165039062e+00 1.475084751832558272e+00
9.864379882812500000e+00 1.248386655939619061e+00
9.870900154113769531e+00 1.573011010229660445e-01
9.873299598693847656e+00 4.374029466549296252e-01
9.895999908447265625e+00 2.097287751939599154e+00
9.898340225219726562e+00 6.025863552001626822e-01
9.899259567260742188e+00 1.013845950408637453e+00
9.902370452880859375e+00 4.343370232322280033e-01
9.906200408935546875e+00 3.183326411980120785e-01
9.907429695129394531e+00 1.513334524530260516e+00
9.913470268249511719e+00 1.621915249122342362e-02
9.914589881896972656e+00 5.506901672397678249e-01
9.923789978027343750e+00 1.486133191249791263e+00
9.929420471191406250e+00 1.128449352006701822e+00
9.935700416564941406e+00 3.211171856043691930e-01
9.948789596557617188e+00 1.310284442577072550e+00
9.955760002136230469e+00 4.950722053387852095e-01
9.970060348510742188e+00 8.275755385899400407e-01
9.973409652709960938e+00 2.013915102331087781e-01
9.981080055236816406e+00 9.206505524668801010e-01
9.984310150146484375e+00 3.538187390522235520e-01
9.994879722595214844e+00 6.755402938698331639e-01
9.996939659118652344e+00 8.422020211480891749e-01
9.997460365295410156e+00 2.710364584116289888e-01
1.000230026245117188e+01 5.441265763635259045e-01
1.000829982757568359e+01 2.175900996923869554e-02
1.001029968261718750e+01 7.330820452268649312e-01
1.001189994812011719e+01 5.793916136208053791e-01
1.001329994201660156e+01 7.855625800944401327e-01
1.003219985961914062e+01 3.251384054189982581e-02
1.003639984130859375e+01 1.304975034658628186e+00
1.003820037841796875e+01 1.880177814692871041e-01
1.004300022125244141e+01 1.189801211072247789e+00
1.004730033874511719e+01 9.171549872422515293e-01
1.005550003051757812e+01 2.176492332697752996e+00
1.006239986419677734e+01 1.271117688480139840e+00
1.006630039215087891e+01 1.602502943746544617e-01
1.007069969177246094e+01 1.041321507316662620e+00
1.007660007476806641e+01 2.891157482351964791e+00
1.008069992065429688e+01 5.848031102796034109e-01
1.008069992065429688e+01 3.157795063669015245e-02
1.008129978179931641e+01 1.426128990194850399e-01
1.009650039672851562e+01 2.911731866905707400e-01
1.010420036315917969e+01 7.806151961414282692e-01
1.010470008850097656e+01 3.152664703357523357e-01
1.012670040130615234e+01 3.064137431987004265e-02
1.013519954681396484e+01 1.014860941984689457e+00
1.016170024871826172e+01 5.277207581398121183e-01
1.017450046539306641e+01 4.250088322474967484e-01
1.017479991912841797e+01 7.323425032178851879e-01
1.020460033416748047e+01 2.203590663024022345e-01
1.021899986267089844e+01 3.990176770725681887e-01
1.021909999847412109e+01 6.661526737549764432e-01
1.022019958496093750e+01 6.827014601810791339e-01
1.022109985351562500e+01 9.532944230744366809e-01
1.022760009765625000e+01 9.635518708385343301e-01
1.023540019989013672e+01 1.148404043714650047e-01
1.023560047149658203e+01 9.576144308946237249e-01
1.024829959869384766e+01 6.544043010327680321e-01
1.024930000305175781e+01 4.037740764237723323e-01
1.025559997558593750e+01 4.535795275323450393e-01
1.026239967346191406e+01 1.896751743527051337e+00
1.029740047454833984e+01 2.337106362337595666e-01
1.031709957122802734e+01 3.125503271843967368e-01
1.031910037994384766e+01 1.676673471752999633e-01
1.031999969482421875e+01 6.151504034570879353e-01
1.032089996337890625e+01 3.811166968903865748e-01
1.032339954376220703e+01 3.664393556233286886e-01
1.035120010375976562e+01 6.773872023141520177e-03
1.036670017242431641e+01 1.113631359506199459e-03
1.036919975280761719e+01 4.089413382406800190e-01
1.038020038604736328e+01 3.356792194609166391e-02
1.039260005950927734e+01 6.846882872878019555e-01
1.040559959411621094e+01 3.911526653908463658e-01
1.042249965667724609e+01 1.881493699810119047e+00
1.042459964752197266e+01 9.988202961032262017e-01
1.042840003967285156e+01 3.832660085643475045e-01
1.043480014801025391e+01 1.236932737360338930e+00
1.046479988098144531e+01 2.162444392052802200e-01
1.047010040283203125e+01 2.555665030282985861e-02
1.048709964752197266e+01 9.794224698508753602e-02
1.050380039215087891e+01 7.728442495150989952e-03
1.050969982147216797e+01 6.563507159577096350e-02
1.052760028839111328e+01 3.143145794170389418e-01
1.063619995117187500e+01 1.096615953824787160e-01
