2.823049947619438171e-02 8.322720320785665926e-01
3.449960052967071533e-02 5.461755681914062799e-02
3.490649908781051636e-02 1.998153730517202853e-01
3.894520178437232971e-02 3.942756460499016735e-01
5.158700048923492432e-02 4.890904269964725937e-01
7.758949697017669678e-02 2.683022988101260720e-01
8.840940147638320923e-02 7.516111282512408787e-01
1.080249994993209839e-01 4.853784735561634811e-01
1.189910024404525757e-01 5.938342907507812019e-01
1.221610009670257568e-01 4.096891549171177704e-01
1.232699975371360779e-01 1.080869976132313059e+00
1.270509958267211914e-01 1.778015826134500266e+00
1.329489946365356445e-01 3.455022139610208678e-03
1.384689956903457642e-01 2.003774299119458480e-01
1.429930031299591064e-01 9.496812666694813554e-02
1.445699930191040039e-01 1.592289732731396734e-01
1.470459997653961182e-01 1.752938555479697791e-01
1.548569947481155396e-01 7.375861025732944887e-01
1.574530005455017090e-01 1.621568852808048800e-01
1.623339951038360596e-01 2.135250319163372712e+00
1.640850007534027100e-01 1.980682244470463593e-01
1.764529943466186523e-01 5.578228743980133686e-01
1.805900037288665771e-01 1.263586266491256271e+00
1.847279965877532959e-01 9.309442403471948069e-01
1.875240057706832886e-01 1.612928470109653567e+00
1.882050037384033203e-01 5.936242634425262926e-02
1.927980035543441772e-01 7.497682366008365240e-02
1.932300031185150146e-01 3.994232191370394869e-01
2.348089963197708130e-01 1.447971959645521405e-03
2.454230040311813354e-01 6.048914820622093291e-01
2.522009909152984619e-01 4.288771437663791430e-01
2.634609937667846680e-01 7.423579967903278787e-01
2.674250006675720215e-01 1.315115386595644698e-01
2.927809953689575195e-01 0.000000000000000000e+00
2.930189967155456543e-01 2.925455983158895545e-01
2.935259938240051270e-01 6.951692217580895949e-01
2.971900105476379395e-01 1.324439493519805833e+00
2.976759970188140869e-01 6.283952219962335439e-01
2.996529936790466309e-01 3.108705374675648780e-01
3.020769953727722168e-01 1.007078942285921430e+00
3.084000051021575928e-01 1.381184973134901073e+00
3.101519942283630371e-01 4.294023337110357552e-01
3.157140016555786133e-01 4.617000261788175436e-02
3.212270140647888184e-01 2.420110502051945889e-01
3.268620073795318604e-01 1.173366086664988206e+00
3.309809863567352295e-01 5.997513607424974635e-01
3.344059884548187256e-01 1.223994651065291039e-01
3.361720144748687744e-01 7.419797009582453917e-01
3.365620076656341553e-01 1.061956706538633499e+00
3.456250131130218506e-01 6.712659018445227277e-01
3.479569852352142334e-01 3.464096136493020062e-01
3.537330031394958496e-01 6.861180823012000829e-01
3.556750118732452393e-01 1.997221205623604945e-01
3.557020127773284912e-01 3.532896005823296659e-02
3.589519858360290527e-01 6.089829314801677995e-01
3.646729886531829834e-01 9.884699357580040147e-02
3.847149908542633057e-01 8.847046316214374206e-01
3.892560005187988281e-01 6.834409384118659281e-01
3.921679854393005371e-01 1.059506741452164585e-01
4.017589986324310303e-01 5.342714714059815240e-01
4.056890010833740234e-01 9.234412973060319718e-01
4.148350059986114502e-01 6.890520079745887649e-02
4.207789897918701172e-01 1.168966884210367041e-01
4.306760132312774658e-01 5.169061950012306950e-01
4.701760113239288330e-01 1.265736578253751743e+00
4.746670126914978027e-01 7.329316901565530173e-01
4.821000099182128906e-01 4.072759180437340865e-01
4.868899881839752197e-01 2.418455051772158804e+00
4.886150062084197998e-01 1.782664327525039227e-01
4.932590126991271973e-01 6.760259125407275249e-01
4.939030110836029053e-01 2.186152383123218801e-01
5.026130080223083496e-01 2.190427181576012572e+00
5.069100260734558105e-01 3.595901256676656832e-01
5.113000273704528809e-01 8.566244548334885078e-02
5.314630270004272461e-01 8.686810672585276727e-01
5.366200208663940430e-01 2.204679967829044906e-01
5.366500020027160645e-01 7.902913085213221500e-02
5.444390177726745605e-01 2.505124325621681969e+00
5.610250234603881836e-01 1.418280826608160350e+00
5.643339753150939941e-01 3.835486873542545694e-01
5.685960054397583008e-01 4.335302263351532570e-01
5.698750019073486328e-01 1.801126879102678824e-01
5.707690119743347168e-01 1.172076316573933852e+00
5.722830295562744141e-01 1.369207211549190173e-01
5.725929737091064453e-01 1.305844659270711139e+00
5.741699934005737305e-01 1.929981351268299061e+00
5.744469761848449707e-01 1.748921648723840372e+00
5.781159996986389160e-01 2.477019623392218151e-01
5.782709717750549316e-01 1.019059104978037089e+00
5.873529911041259766e-01 2.315881392527719129e-01
5.917170047760009766e-01 1.348485699270104865e+00
6.044890284538269043e-01 5.409195830539643701e-01
6.054159998893737793e-01 4.008630900894314397e-01
6.254230141639709473e-01 3.690717296578407414e-01
6.307240128517150879e-01 1.382620020900613200e+00
6.315659880638122559e-01 3.848155651695076007e-01
6.414530277252197266e-01 5.475820973747430598e-01
6.569960117340087891e-01 1.543990694298058797e+00
6.571019887924194336e-01 1.537693878414666981e+00
6.610969901084899902e-01 1.273105873199866789e+00
6.615020036697387695e-01 3.604291861506818684e-01
6.702079772949218750e-01 8.506492526029596490e-01
6.714619994163513184e-01 9.106760687010735378e-01
6.928030252456665039e-01 1.435507574802562525e-01
6.929460167884826660e-01 1.119917164738960969e+00
6.933770179748535156e-01 2.528078080158541185e-01
6.985070109367370605e-01 1.007487862014734947e+00
7.021790146827697754e-01 9.382332589558139979e-01
7.039120197296142578e-01 1.903276257206523159e+00
7.286400198936462402e-01 1.251196781542304404e+00
7.385600209236145020e-01 1.497686045513074937e+00
7.464439868927001953e-01 1.335695210251550691e-01
7.532399892807006836e-01 1.141472681817851109e+00
7.595189809799194336e-01 1.398020989431083994e+00
7.608529925346374512e-01 1.007727583996161247e+00
7.626079916954040527e-01 9.409756241918985076e-01
7.678310275077819824e-01 6.947365475609019736e-01
7.749329805374145508e-01 4.496586706243820286e-01
7.847120165824890137e-01 2.070544677000383693e+00
7.885649800300598145e-01 1.645673372687349589e+00
7.934899926185607910e-01 2.255598282779238128e-01
7.936900258064270020e-01 7.987869961401825036e-02
8.026139736175537109e-01 7.616910002353882714e-01
8.047749996185302734e-01 2.141169671883929038e+00
8.050749897956848145e-01 8.468180353814254158e-01
8.170830011367797852e-01 7.293284491606202291e-01
8.171030282974243164e-01 4.690079041956716210e-01
8.293060064315795898e-01 1.012708997486172713e+00
8.482639789581298828e-01 7.426591069155538127e-01
8.500649929046630859e-01 1.231913046580679127e+00
8.524940013885498047e-01 1.066120958021665954e+00
8.576040267944335938e-01 1.422803330241436681e-01
8.608400225639343262e-01 1.809053398986520123e-01
8.798589706420898438e-01 1.521833996977957515e+00
8.845130205154418945e-01 5.025798823413091254e-01
8.848549723625183105e-01 3.329915469398543326e-01
8.881930112838745117e-01 9.315591293506441106e-01
8.956739902496337891e-01 1.570711119376616283e-01
8.957179784774780273e-01 7.425850555735743486e-01
9.010580182075500488e-01 1.605043347738469128e+00
9.072340130805969238e-01 2.633112937094578276e-01
9.073920249938964844e-01 1.782740148003322811e-01
9.149000048637390137e-01 7.214831618500603394e-01
9.223899841308593750e-01 1.901821298568066698e+00
9.246370196342468262e-01 3.169801769008491754e-01
9.257659912109375000e-01 7.918705035138416948e-01
9.263470172882080078e-01 8.254227793933212043e-01
9.311389923095703125e-01 3.259904140018765606e-01
9.369419813156127930e-01 9.263734382263901779e-01
9.448770284652709961e-01 9.787003204732813710e-01
9.458349943161010742e-01 1.201676626595289121e-01
9.534040093421936035e-01 7.218804048612423863e-01
9.674559831619262695e-01 2.703697083008412827e-01
9.678239822387695312e-01 7.688850985741960131e-02
9.901679754257202148e-01 1.745261878821547930e-01
9.980040192604064941e-01 6.537452507845220584e-01
9.988859891891479492e-01 1.314808884243780507e-01
9.991139769554138184e-01 1.238162741003580258e+00
1.005560040473937988e+00 4.911954007522819632e-01
1.009610056877136230e+00 5.752843828324867292e-01
1.016669988632202148e+00 6.809197349098237151e-01
1.019279956817626953e+00 1.637793663991848891e-01
1.026360034942626953e+00 2.323050428561797554e-01
1.027379989624023438e+00 5.755090739874882955e-01
1.032789945602416992e+00 1.674902184497998325e-01
1.043079972267150879e+00 1.878407258147730685e+00
1.043609976768493652e+00 9.814588944777880020e-02
1.044980049133300781e+00 1.349132095977552570e+00
1.049589991569519043e+00 6.789020826450946622e-01
1.050369977951049805e+00 1.694046172607550638e-01
1.051540017127990723e+00 1.238558460513825787e+00
1.052440047264099121e+00 2.949360343240910176e-02
1.063150048255920410e+00 1.759256239951848821e-01
1.063899993896484375e+00 1.262552760581077127e+00
1.066779971122741699e+00 8.611884368455168248e-01
1.074980020523071289e+00 1.837633796145448084e+00
1.082700014114379883e+00 8.943076535148608563e-01
1.094419956207275391e+00 9.848198128376284277e-02
1.094609975814819336e+00 3.422607127500417068e+00
1.096830010414123535e+00 2.598637007677440103e+00
1.102360010147094727e+00 6.164328081802022963e-01
1.115489959716796875e+00 2.491110426193633209e+00
1.140110015869140625e+00 2.936318500700964285e-02
1.140879988670349121e+00 1.696528120865831379e+00
1.144129991531372070e+00 1.226739314339299614e-01
1.154330015182495117e+00 1.018685557469677816e+00
1.157310009002685547e+00 6.446409218406540242e-02
1.157750010490417480e+00 3.117687559066496528e-01
1.168480038642883301e+00 5.735647529792731181e-01
1.176959991455078125e+00 1.237530426571321340e-01
1.184460043907165527e+00 7.510347949713522819e-01
1.216770052909851074e+00 8.246307578021121465e-01
1.226529955863952637e+00 1.879812321872947334e-01
1.228119969367980957e+00 2.350429984390427218e-01
1.231999993324279785e+00 1.605709029585885128e+00
1.235560059547424316e+00 8.084830114573979820e-01
1.238319993019104004e+00 1.218877597140202579e-01
1.239189982414245605e+00 3.476659989586586841e-01
1.241909980773925781e+00 7.604293345186590170e-01
1.243379950523376465e+00 1.684051107433862104e-01
1.243999958038330078e+00 4.255062701877117270e-02
1.245790004730224609e+00 2.386936084788556789e-01
1.246510028839111328e+00 3.695264120094272076e-01
1.246970057487487793e+00 7.432558703483517215e-01
1.248939990997314453e+00 5.652289154501557444e-01
1.251880049705505371e+00 4.778855608253230747e-01
1.253219962120056152e+00 4.056530985247013832e-01
1.270789980888366699e+00 1.380624128981864651e-01
1.277160048484802246e+00 6.425380438012463502e-01
1.277619957923889160e+00 2.997952950634331648e-01
1.285709977149963379e+00 1.893676954178280525e+00
1.291849970817565918e+00 1.897601525022840629e-01
1.292960047721862793e+00 1.174527669503515614e+00
1.320189952850341797e+00 1.209996661118039052e-01
1.329130053520202637e+00 1.883137266481320349e-01
1.341850042343139648e+00 1.523208589061279872e+00
1.343510031700134277e+00 4.173359181550612140e-02
1.346060037612915039e+00 2.491122376965844154e+00
1.348009943962097168e+00 1.915336675538791500e+00
1.371269941329956055e+00 4.355278675023360191e-01
1.372879981994628906e+00 2.265220701227653455e-02
1.373540043830871582e+00 1.667256882840032928e+00
1.378049969673156738e+00 8.972678392087172217e-01
1.386800050735473633e+00 2.383566967500564127e-01
1.390599966049194336e+00 2.212034512364009498e-01
1.405140042304992676e+00 1.698906708899999285e-01
1.405629992485046387e+00 3.883091628668632056e-02
1.405879974365234375e+00 8.758975522262615332e-01
1.412829995155334473e+00 1.813404172799314651e+00
1.414119958877563477e+00 2.204622155952607465e-01
1.416120052337646484e+00 5.137923288588432946e-01
1.420590043067932129e+00 2.228188793248832289e-01
1.427449941635131836e+00 9.455098227657763310e-01
1.427690029144287109e+00 5.824212470026612909e-01
1.429180026054382324e+00 1.485548384212458384e+00
1.437919974327087402e+00 1.044048669708643740e+00
1.438910007476806641e+00 7.673151005921189372e-01
1.443050026893615723e+00 6.883182649696177879e-01
1.449790000915527344e+00 6.534263856215645483e-02
1.456290006637573242e+00 1.657748965396562024e+00
1.464509963989257812e+00 4.034750030914923680e-01
1.466380000114440918e+00 6.887091746596402109e-02
1.470289945602416992e+00 7.060316387447053421e-02
1.470860004425048828e+00 5.394784897826709891e-02
1.476570010185241699e+00 6.498964786461246534e-01
1.478080034255981445e+00 2.391282138852052763e-01
1.483719944953918457e+00 1.313099286515866659e-01
1.486009955406188965e+00 4.063504955457032386e-01
1.492239952087402344e+00 8.788631631019530044e-01
1.493280053138732910e+00 9.409943124258841607e-01
1.514569997787475586e+00 4.514409058678346409e-01
1.540709972381591797e+00 1.533713760217371436e-01
1.547389984130859375e+00 3.406826279248410749e+00
1.548089981079101562e+00 8.745391370196300418e-01
1.553339958190917969e+00 2.234600643367227191e-01
1.553500056266784668e+00 1.821596783327825431e-01
1.582780003547668457e+00 1.261392963338503481e-01
1.584810018539428711e+00 1.037814437609193341e+00
1.592749953269958496e+00 2.499358098266493411e-01
1.598709940910339355e+00 1.220927524350514243e-01
1.602229952812194824e+00 1.078936623647595988e-01
1.610550045967102051e+00 7.823978431166896119e-02
1.615530014038085938e+00 6.668789742158706679e-02
1.618849992752075195e+00 8.485992219858551344e-01
1.619199991226196289e+00 9.365690466157211569e-02
1.620030045509338379e+00 8.475890703870532228e-01
1.631929993629455566e+00 1.433449565503882098e-02
1.634789943695068359e+00 2.792462971298816377e-01
1.636630058288574219e+00 8.360968001692883900e-02
1.638000011444091797e+00 6.893281370527268304e-02
1.654209971427917480e+00 2.607180127831268956e-01
1.659000039100646973e+00 5.010099507979997036e-01
1.673709988594055176e+00 5.867115105029648836e-01
1.676810026168823242e+00 8.464501432581011953e-02
1.677060008049011230e+00 3.540742383878124344e-01
1.694589972496032715e+00 2.648594505929492346e-02
1.695449948310852051e+00 9.812018391408560136e-01
1.703920006752014160e+00 3.662396194502740565e-01
1.706419944763183594e+00 2.760392032103043403e-01
1.717509984970092773e+00 2.467639948579795350e-01
1.720329999923706055e+00 7.584265195070671872e-01
1.722880005836486816e+00 8.837515793062191705e-01
1.727910041809082031e+00 6.509602756557190117e-01
1.729140043258666992e+00 5.609657723797996098e-01
1.736950039863586426e+00 4.293817327946496815e-02
1.736969947814941406e+00 8.056456404434292340e-02
1.741619944572448730e+00 3.477023975106407483e-01
1.744799971580505371e+00 2.026840294868339498e-01
1.745049953460693359e+00 1.678420400764056630e+00
1.757670044898986816e+00 4.344792986598589035e-01
1.766800045967102051e+00 9.421428598362546758e-01
1.779410004615783691e+00 5.238032878361804923e-02
1.781599998474121094e+00 1.418122719076814753e-01
1.785969972610473633e+00 1.880726688741513331e-01
1.797090053558349609e+00 8.488356381783096483e-02
1.799669981002807617e+00 3.879622572168715533e-01
1.809769988059997559e+00 3.021419693364404413e+00
1.815060019493103027e+00 1.833213701933033776e-02
1.820289969444274902e+00 1.524733899960296381e-02
1.824259996414184570e+00 6.955469483100094885e-02
1.830530047416687012e+00 1.981929388991935659e-01
1.834480047225952148e+00 1.508698072597483009e-01
1.835229992866516113e+00 4.870619738211461047e-02
1.838089942932128906e+00 9.305892206259971933e-02
1.841899991035461426e+00 1.310706179311608599e+00
1.844740033149719238e+00 5.869584085467950685e-02
1.849859952926635742e+00 8.936653733249987075e-02
1.861750006675720215e+00 5.234497632240432408e-01
1.869889974594116211e+00 5.739920768533868234e-01
1.881890058517456055e+00 5.386776284070498022e-01
1.887380003929138184e+00 3.844920186914446703e-01
1.888820052146911621e+00 1.841086279625803526e-02
1.893800020217895508e+00 1.545349491441185830e+00
1.904119968414306641e+00 7.977210793247699328e-02
1.909870028495788574e+00 1.139885537775434249e-01
1.910920023918151855e+00 1.123002776642140876e+00
1.920070052146911621e+00 4.375720835057123059e-02
1.946210026741027832e+00 1.295689048703862756e-01
1.950770020484924316e+00 9.196267531192197087e-01
1.955950021743774414e+00 3.033196645895347432e-01
1.985749959945678711e+00 3.050047882880447814e-01
1.988100051879882812e+00 1.328473785187776812e+00
1.996070027351379395e+00 7.512390295895103876e-01
1.998049974441528320e+00 1.318968169762401721e-01
2.009269952774047852e+00 1.118704777148672447e-01
2.019840002059936523e+00 3.037388396852713432e-02
2.028949975967407227e+00 1.259087419069921943e-01
2.034399986267089844e+00 6.996831159443901715e-02
2.037709951400756836e+00 2.025298579407227018e-01
2.039099931716918945e+00 1.054980909227469510e-01
2.056329965591430664e+00 4.608467175698751500e-02
2.057620048522949219e+00 1.015115981495170322e-01
2.057640075683593750e+00 1.241139302812679368e-01
2.060719966888427734e+00 8.723237823211872355e-01
2.062489986419677734e+00 2.026258170433131722e-01
2.064450025558471680e+00 6.165846031299539870e-02
2.071140050888061523e+00 4.872143339651018035e-02
2.072289943695068359e+00 6.932259984341367920e-01
2.075129985809326172e+00 1.246181905101424903e+00
2.082890033721923828e+00 9.326655363926068809e-02
2.090159893035888672e+00 1.172328185472806122e-01
2.107620000839233398e+00 1.393187223467533986e+00
2.108370065689086914e+00 1.327433106847269728e-01
2.110100030899047852e+00 3.952040655368535549e-02
2.121419906616210938e+00 1.553434670993502076e-01
2.139489889144897461e+00 1.093527217068004931e-01
2.146620035171508789e+00 5.387257224040108428e-01
2.147759914398193359e+00 3.892228418891290342e-01
2.149600028991699219e+00 5.656078289476144938e-02
2.152790069580078125e+00 1.559795322490390435e-01
2.153739929199218750e+00 2.046537484011614616e-01
2.164520025253295898e+00 8.504305483094931617e-02
2.186320066452026367e+00 1.763730162961271164e-01
2.194950103759765625e+00 4.490037274601918482e-02
2.195499897003173828e+00 1.420536006670089224e-01
2.199320077896118164e+00 6.150429400698543825e-01
2.206530094146728516e+00 4.972393516996140295e-02
2.206650018692016602e+00 1.114701557643909963e-01
2.214890003204345703e+00 6.814468274688079141e-01
2.214920043945312500e+00 3.629974282040292488e-01
2.223489999771118164e+00 4.434787356381524742e-02
2.224649906158447266e+00 1.180863699814042322e-01
2.234930038452148438e+00 3.031884547320573553e-02
2.237879991531372070e+00 9.821046560510143797e-02
2.244299888610839844e+00 1.442004298342053348e-01
2.249419927597045898e+00 5.922628541963837617e-02
2.251209974288940430e+00 2.960973820396858303e-01
2.251260042190551758e+00 9.507725984094653193e-02
2.256659984588623047e+00 2.993014348937443891e+00
2.265929937362670898e+00 4.216539822896016310e-02
2.267819881439208984e+00 4.369770472814071133e-02
2.283809900283813477e+00 6.222836228185442409e-02
2.284879922866821289e+00 2.434440686240456064e-01
2.295789957046508789e+00 4.671201110225327996e-02
2.300879955291748047e+00 3.586636643653311890e-02
2.304150104522705078e+00 6.071081225276445115e-02
2.309530019760131836e+00 1.543743596124410866e-01
2.310830116271972656e+00 3.683058107341151688e-01
2.312860012054443359e+00 7.955101579858733785e-02
2.325870037078857422e+00 6.674254899787189499e-02
2.332940101623535156e+00 8.626553846947209170e-01
2.353450059890747070e+00 9.882665947362463399e-01
2.368789911270141602e+00 1.252892060790470607e-01
2.383919954299926758e+00 4.327262101419467322e-01
2.394229888916015625e+00 3.178398151119601889e-01
2.402689933776855469e+00 1.532578411782541394e-01
2.403630018234252930e+00 1.416483799290413348e-01
2.431649923324584961e+00 9.006751556186960717e-02
2.432070016860961914e+00 7.136889598945093949e-02
2.435990095138549805e+00 6.118798213008141973e-02
2.437769889831542969e+00 7.351790362367641163e-02
2.440279960632324219e+00 3.498285255341863215e-02
2.442150115966796875e+00 4.276519351485810055e-02
2.450619935989379883e+00 1.941651766439800586e-01
2.451469898223876953e+00 1.130242836018020419e-01
2.452680110931396484e+00 3.958872440170289192e-02
2.459359884262084961e+00 1.707718501782554132e-02
2.460160017013549805e+00 1.039134420383706348e-01
2.460210084915161133e+00 1.871585518187301178e-01
2.463890075683593750e+00 2.247880388062967541e-02
2.467410087585449219e+00 1.377134275824854204e-01
2.483160018920898438e+00 1.509427710270576650e+00
2.501169919967651367e+00 1.214321081538126679e-01
2.514300107955932617e+00 1.486852995097482366e-01
2.517689943313598633e+00 9.880566768892401486e-02
2.520190000534057617e+00 5.971372986312631914e-01
2.523989915847778320e+00 3.284738598021719191e-01
2.525320053100585938e+00 7.352716958835348038e-02
2.544430017471313477e+00 2.119419015129128669e-01
2.547519922256469727e+00 2.490587547889325792e-01
2.557919979095458984e+00 2.306617642671017765e-01
2.579030036926269531e+00 6.279398834006857943e-02
2.580640077590942383e+00 2.733989388475712226e-02
2.580709934234619141e+00 4.052249343888252725e-02
2.620660066604614258e+00 4.533526065802911259e-02
2.637860059738159180e+00 7.775474075399673168e-01
2.641279935836791992e+00 3.442028018824350860e-02
2.647030115127563477e+00 6.225978551314890336e-02
2.649519920349121094e+00 7.113302383480279989e-02
2.650300025939941406e+00 6.204944258182924083e-02
2.651700019836425781e+00 4.895970061193016809e-02
2.652179956436157227e+00 5.737513061511053704e-03
2.658620119094848633e+00 1.501817656816623048e-01
2.659280061721801758e+00 1.265940126519348174e-01
2.663640022277832031e+00 2.702380102559655620e-02
2.667370080947875977e+00 9.297904013125908584e-02
2.676160097122192383e+00 6.532031294568055313e-02
2.677190065383911133e+00 3.292298904204606913e-01
2.677489995956420898e+00 1.295995467540262680e-01
2.678730010986328125e+00 1.073420415045934634e-01
2.686549901962280273e+00 5.256735367653574825e-02
2.691260099411010742e+00 8.062283294212440818e-03
2.691669940948486328e+00 6.302422945178697000e-02
2.696310043334960938e+00 3.611712445709710367e-02
2.699810028076171875e+00 1.394644514373865052e-01
2.701149940490722656e+00 2.052545986092571551e-01
2.707570075988769531e+00 5.735311761364968175e-02
2.709110021591186523e+00 1.102261934772853225e-01
2.716530084609985352e+00 4.388941903516775933e-01
2.746449947357177734e+00 6.679843098401395673e-01
2.747529983520507812e+00 1.155594824854493524e-01
2.761879920959472656e+00 1.054378914622218361e-01
2.769769906997680664e+00 9.308628641031403417e-01
2.777549982070922852e+00 6.220761834134221763e-02
2.781689882278442383e+00 9.189882208542665687e-02
2.787590026855468750e+00 2.228992529518085686e-01
2.791039943695068359e+00 6.088773775696413454e-02
2.810489892959594727e+00 1.162992162870705171e-01
2.813349962234497070e+00 2.169674206611230463e-02
2.823080062866210938e+00 5.774797195132951727e-02
2.825829982757568359e+00 1.473669034926894661e-01
2.826780080795288086e+00 2.077435769398117138e-02
2.826849937438964844e+00 3.065756252990267106e-01
2.837869882583618164e+00 3.339433839618272670e-01
2.839740037918090820e+00 9.158214511180530482e-02
2.840039968490600586e+00 2.330063043386733368e-01
2.843349933624267578e+00 8.225399493389617955e-02
2.845590114593505859e+00 1.486340151928681186e-01
2.846970081329345703e+00 1.934205243819709374e-01
2.852250099182128906e+00 9.432375822739798299e-02
2.863199949264526367e+00 2.532821646379108671e-01
2.864039897918701172e+00 6.186298366509802166e-02
2.867619991302490234e+00 5.004562377666361972e-02
2.869849920272827148e+00 1.365049082046167206e-01
2.886209964752197266e+00 7.557331850899390302e-02
2.893510103225708008e+00 7.149173710104630985e-02
2.898180007934570312e+00 1.750617124493512866e-01
2.902659893035888672e+00 1.153665184460103688e-01
2.903860092163085938e+00 6.824804104800293036e-02
2.907949924468994141e+00 2.717849824619040233e-01
2.924959897994995117e+00 7.721016184556236950e-02
2.927020072937011719e+00 3.968229438631873385e-02
3.017369985580444336e+00 8.693622245965239304e-02
3.034579992294311523e+00 3.050410418839440835e-02
3.037039995193481445e+00 1.427447416024890392e-01
3.037590026855468750e+00 9.153871657241196419e-03
3.041239976882934570e+00 3.330247031080778991e-02
3.048150062561035156e+00 1.160907827825320288e-01
3.049439907073974609e+00 1.375063290850775666e-01
3.056869983673095703e+00 1.955334939108439585e-01
3.064810037612915039e+00 1.137164197472624039e-01
3.065239906311035156e+00 5.315247069318571049e-02
3.072659969329833984e+00 1.220004239013511571e-01
3.073280096054077148e+00 8.153085397216651431e-02
3.074359893798828125e+00 1.067576620158036393e-01
3.076430082321166992e+00 1.588754950996713530e-02
3.077790021896362305e+00 3.368209279488579289e-01
3.078350067138671875e+00 1.144838517137564543e-01
3.082340002059936523e+00 3.428325703836637706e-02
3.083610057830810547e+00 1.270708421695057044e-01
3.092789888381958008e+00 1.090912911515331540e-01
3.093519926071166992e+00 8.240717559279974597e-03
3.095180034637451172e+00 2.196041910381762996e-02
3.098380088806152344e+00 7.992589009220955887e-02
3.107229948043823242e+00 1.559575849694556926e-01
3.107779979705810547e+00 8.695488964238506924e-02
3.109440088272094727e+00 2.950565990126389204e-01
3.109780073165893555e+00 1.080654731648128530e-01
3.112299919128417969e+00 4.070270727118435738e-02
3.123090028762817383e+00 5.231146025565890090e-02
3.123480081558227539e+00 1.901500746590154695e-02
3.131720066070556641e+00 8.977238192167788511e-02
3.131920099258422852e+00 1.184868358552802620e-01
3.141720056533813477e+00 7.523999677890610971e-02
3.179330110549926758e+00 4.999628739142458062e-02
3.182729959487915039e+00 1.953671022176471650e-02
3.189059972763061523e+00 3.852319228122196015e-02
3.209599971771240234e+00 1.890380020856143317e-01
3.214910030364990234e+00 2.815484744801668299e-02
3.215500116348266602e+00 1.627722449084957890e-01
3.217180013656616211e+00 8.329889179046406911e-02
3.224020004272460938e+00 2.582347403556337073e-02
3.226140022277832031e+00 3.828900365312798426e-02
3.232579946517944336e+00 2.151830000460990336e-02
3.232650041580200195e+00 2.703758830495902460e-02
3.238450050354003906e+00 6.605292918757120491e-02
3.240139961242675781e+00 1.324455026859486795e-01
3.241369962692260742e+00 6.028247209411029262e-02
3.244820117950439453e+00 1.822350747610279875e-01
3.246789932250976562e+00 1.462936372857620744e-02
3.247550010681152344e+00 1.039648696580682957e-01
3.248699903488159180e+00 8.140380479860552521e-02
3.252029895782470703e+00 5.429946574574705254e-02
3.252979993820190430e+00 2.209886465928446314e-02
3.256649971008300781e+00 1.029818301692665555e-01
3.257299900054931641e+00 3.164672357808602510e-02
3.259840011596679688e+00 2.256901566664387682e-01
3.266649961471557617e+00 9.846704652219018250e-02
3.266930103302001953e+00 3.674648204864560536e-02
3.280100107192993164e+00 7.570636876343765642e-02
3.281219959259033203e+00 1.003221534056472630e-01
3.281739950180053711e+00 6.589339923690896994e-02
3.314399957656860352e+00 2.017821336669017862e-02
3.330849885940551758e+00 5.437163252391603169e-02
3.340909957885742188e+00 1.209258130858564956e-01
3.343889951705932617e+00 1.672206902064188316e-02
3.343970060348510742e+00 9.409986085335353412e-02
3.345489978790283203e+00 6.650620391291124645e-02
3.346450090408325195e+00 7.838756019524008301e-02
3.363899946212768555e+00 2.466452829479281739e-01
3.437020063400268555e+00 5.352668415184406309e-02
3.440439939498901367e+00 2.185732800340490709e-02
3.440740108489990234e+00 3.294396000824817428e-02
3.442369937896728516e+00 3.026846202778024075e-01
3.442500114440917969e+00 3.188051004919149195e-02
3.445430040359497070e+00 1.808731241710735682e-01
3.446110010147094727e+00 1.156827810512225524e-01
3.449140071868896484e+00 5.119082099470584346e-02
3.450880050659179688e+00 2.850037247278227812e-02
3.451179981231689453e+00 6.559696109920769291e-02
3.459399938583374023e+00 2.395543022400799596e-02
3.462300062179565430e+00 2.786697892388350639e-01
3.468729972839355469e+00 3.814598127290128732e-02
3.469180107116699219e+00 7.654277177717787317e-02
3.469330072402954102e+00 4.242728213177943131e-02
3.474610090255737305e+00 1.474818186879430504e-01
3.482369899749755859e+00 1.538094399877119878e-02
3.482990026473999023e+00 1.641186110894944095e-01
3.484440088272094727e+00 2.284838862681347338e-02
3.485349893569946289e+00 1.906703631100634816e-02
3.487529993057250977e+00 1.593095892750525655e-01
3.490000009536743164e+00 8.752562693218052248e-02
3.495779991149902344e+00 1.066973748890172324e-01
3.501480102539062500e+00 1.994878035974857466e-01
3.596780061721801758e+00 7.218330805342457190e-02
3.606300115585327148e+00 5.060347487468307842e-02
3.606879949569702148e+00 6.477032148557219926e-02
3.607609987258911133e+00 2.371858322929858848e-02
3.608370065689086914e+00 4.984909202694968317e-02
3.609280109405517578e+00 2.799338304696267349e-02
3.622639894485473633e+00 2.259239332048416926e-02
3.626470088958740234e+00 1.880478683889407615e-02
3.652780055999755859e+00 4.637509367190234544e-02
3.662199974060058594e+00 1.078086941761232931e-01
3.665940046310424805e+00 1.846902998244961402e-01
3.668190002441406250e+00 4.101332550405813182e-02
3.668889999389648438e+00 1.886311938746662240e-02
3.669049978256225586e+00 1.254197569000156109e-01
3.671210050582885742e+00 5.852034210664699282e-02
3.673029899597167969e+00 2.681147937486940552e-02
3.675390005111694336e+00 4.121132249356665445e-02
3.675470113754272461e+00 3.729138249546072592e-02
3.679359912872314453e+00 2.279679674770115905e-02
3.679450035095214844e+00 5.023691380833285314e-02
3.684520006179809570e+00 8.412965660986956862e-02
3.690249919891357422e+00 2.008290742780900404e-02
3.690500020980834961e+00 7.725683941378419517e-02
3.691230058670043945e+00 2.755925317650039300e-02
3.691800117492675781e+00 1.787079190526888461e-02
3.691800117492675781e+00 1.705696076718842685e-02
3.695830106735229492e+00 7.981728505469118384e-02
3.704720020294189453e+00 1.016464812438345328e-01
3.708620071411132812e+00 6.321545978217033013e-02
3.709599971771240234e+00 1.929044108566819182e-01
3.713140010833740234e+00 8.000476523285597608e-02
3.722779989242553711e+00 8.286658027322015008e-02
3.737509965896606445e+00 1.283660679115230241e-01
3.742429971694946289e+00 3.018041831690298354e-02
3.756459951400756836e+00 6.998578081820869268e-02
3.767169952392578125e+00 2.286744813658173059e-02
3.799959897994995117e+00 1.124782966269285978e-01
3.804189920425415039e+00 3.702217988468779752e-02
3.809309959411621094e+00 4.313375732144397040e-02
3.811120033264160156e+00 6.876494697904308485e-03
3.814160108566284180e+00 5.235735903996216467e-02
3.815289974212646484e+00 5.839622542946491801e-02
3.819390058517456055e+00 1.312941765904893920e-01
3.821779966354370117e+00 4.828125456559645423e-02
3.825579881668090820e+00 1.187133668802455855e-01
3.829740047454833984e+00 4.566147476311140790e-02
3.830219984054565430e+00 7.035459449838285528e-02
3.835920095443725586e+00 4.484188519558286040e-02
3.837100028991699219e+00 2.076576669291306521e-02
3.837450027465820312e+00 6.202392912333028890e-02
3.842119932174682617e+00 3.350976421597547106e-02
3.843849897384643555e+00 1.390691038949253555e-01
3.844409942626953125e+00 5.615308099111844531e-02
3.845910072326660156e+00 8.930426164623496421e-02
3.845969915390014648e+00 1.124779038796221500e-02
3.849590063095092773e+00 8.444278743869486348e-02
3.853310108184814453e+00 5.906648146475757671e-02
3.855259895324707031e+00 3.889089872745203624e-02
3.857949972152709961e+00 4.192867623103715274e-02
3.875960111618041992e+00 7.007191314215317768e-02
3.881439924240112305e+00 5.089075791777881302e-02
3.884629964828491211e+00 5.977922119273635509e-02
3.890259981155395508e+00 3.786389259183731149e-02
3.895240068435668945e+00 1.285752041758262409e-01
3.901279926300048828e+00 3.433124543974995224e-01
3.910370111465454102e+00 7.741593665923529599e-02
3.914760112762451172e+00 5.508460261421579268e-02
3.939160108566284180e+00 2.465121193452702031e-01
3.989890098571777344e+00 1.081006673814221691e-01
3.999530076980590820e+00 1.381555468857956492e-01
4.019710063934326172e+00 6.040130194474729181e-02
4.022950172424316406e+00 4.791534405418919340e-02
4.030920028686523438e+00 4.171260601442465521e-02
4.038090229034423828e+00 1.337952798439790703e-01
4.041550159454345703e+00 5.874344778653220987e-03
4.046239852905273438e+00 3.438087935254252603e-02
4.049610137939453125e+00 2.747937862662612127e-02
4.050409793853759766e+00 1.616088671989553971e-01
4.053699970245361328e+00 3.417896839904580042e-02
4.056079864501953125e+00 3.039331835034906129e-02
4.056290149688720703e+00 1.111078781204437455e-01
4.060019969940185547e+00 8.469127926967523479e-02
4.063250064849853516e+00 2.607343966191903034e-02
4.064229965209960938e+00 2.295447413838773154e-01
4.068329811096191406e+00 2.006578103486056919e-01
4.069540023803710938e+00 5.528749720803092377e-02
4.075610160827636719e+00 3.057953756280295740e-02
4.076749801635742188e+00 1.534718126111997427e-01
4.078400135040283203e+00 6.985588724053662379e-02
4.079889774322509766e+00 3.691822434355472582e-02
4.089009761810302734e+00 8.305449409815318651e-02
4.098559856414794922e+00 4.115071816016168532e-02
4.146900177001953125e+00 4.838886080646838395e-02
4.163879871368408203e+00 1.032284807426494255e-01
4.173110008239746094e+00 1.069252686004858038e-01
4.174779891967773438e+00 6.643215865807103326e-02
4.191860198974609375e+00 5.316810889822710939e-02
4.210199832916259766e+00 7.767243092837021468e-02
4.216599941253662109e+00 1.002970535487474890e-01
4.217249870300292969e+00 7.608579791673594772e-02
4.219960212707519531e+00 5.824185330088958723e-02
4.222599983215332031e+00 2.820157220024179234e-01
4.235579967498779297e+00 1.634068613788088598e-01
4.240680217742919922e+00 3.371749837880048950e-02
4.249959945678710938e+00 2.165344286512888711e-02
4.256859779357910156e+00 4.396304212780191567e-02
4.260369777679443359e+00 5.655749210829328494e-02
4.264560222625732422e+00 2.374023541985231800e-02
4.266970157623291016e+00 1.426873661454013398e-01
4.268290042877197266e+00 1.374952588731864489e-01
4.269030094146728516e+00 7.243743197119674460e-02
4.269700050354003906e+00 4.939041593792106027e-02
4.270229816436767578e+00 7.425873966611837296e-02
4.273409843444824219e+00 8.879768880051222557e-02
4.278419971466064453e+00 2.776587036316222751e-02
4.278729915618896484e+00 4.056924615215284045e-03
4.282549858093261719e+00 3.761270410967731265e-02
4.286829948425292969e+00 1.548210639028369251e-01
4.299809932708740234e+00 3.361609597619646950e-02
4.300529956817626953e+00 6.193144845967060719e-02
4.302680015563964844e+00 9.269171578183255100e-02
4.309249877929687500e+00 1.238745356446635942e-01
4.314939975738525391e+00 1.243053213665484824e-01
4.315269947052001953e+00 5.776393194758827621e-02
4.323040008544921875e+00 3.710587749267461183e-02
4.324150085449218750e+00 1.850513712211482587e-01
4.325620174407958984e+00 2.072177438037342556e-02
4.361519813537597656e+00 2.247787642523324525e-02
4.383959770202636719e+00 2.063095619145923626e-02
4.395919799804687500e+00 1.519779232985251673e-02
4.400179862976074219e+00 6.016310772689797970e-02
4.400360107421875000e+00 5.474751622667779760e-02
4.401070117950439453e+00 3.493605360750288991e-02
4.409649848937988281e+00 1.185753487676150381e-01
4.415609836578369141e+00 6.071388042697459242e-02
4.417369842529296875e+00 5.092463818024665911e-02
4.418620109558105469e+00 4.746289478746527901e-02
4.421810150146484375e+00 4.628162488028739197e-02
4.422120094299316406e+00 3.347044377222518213e-02
4.427269935607910156e+00 8.435339107531468483e-02
4.429810047149658203e+00 1.195148551991158103e-01
4.431159973144531250e+00 1.652115468206206278e-02
4.434810161590576172e+00 4.996873710760883075e-02
4.438539981842041016e+00 2.764157174484190710e-02
4.445089817047119141e+00 1.831273245776988690e-01
4.447999954223632812e+00 2.745365022473884031e-01
4.449510097503662109e+00 5.374374151318251497e-02
4.450890064239501953e+00 8.920413953714102784e-02
4.459239959716796875e+00 5.794979800024735450e-02
4.459529876708984375e+00 4.723356579594650828e-02
4.459760189056396484e+00 6.882256600037968408e-02
4.462570190429687500e+00 7.106651335387578761e-02
4.478229999542236328e+00 7.695546047491931552e-02
4.493830204010009766e+00 4.550411744699694311e-02
4.495600223541259766e+00 3.526463071986370157e-02
4.501170158386230469e+00 1.739537402660560061e-01
4.506619930267333984e+00 1.472254147039012417e-01
4.507579803466796875e+00 8.498607324379058303e-01
4.510190010070800781e+00 7.319168609786973201e-02
4.514729976654052734e+00 4.642824362398546845e-02
4.610599994659423828e+00 2.819002743255257237e-01
4.612999916076660156e+00 7.472019282869390988e-02
4.616779804229736328e+00 4.294216676638509117e-02
4.622399806976318359e+00 1.949534414817263028e-01
4.633339881896972656e+00 1.824806812082266083e-01
4.635350227355957031e+00 5.231172111620292775e-02
4.636260032653808594e+00 7.910024646178825947e-02
4.637989997863769531e+00 1.238679483564759237e-02
4.639019966125488281e+00 5.210963881820361576e-02
4.642469882965087891e+00 3.589673525190472531e-02
4.651150226593017578e+00 3.192627863897093410e-02
4.654520034790039062e+00 7.834320331476336829e-02
4.654759883880615234e+00 8.921127199873783373e-03
4.657549858093261719e+00 2.346439206480964781e-02
4.659100055694580078e+00 1.752228424439700172e-02
4.659920215606689453e+00 3.774877656120639857e-01
4.662069797515869141e+00 3.034560232626991316e-02
4.662549972534179688e+00 8.599838594168444927e-02
4.663380146026611328e+00 8.875927882560193105e-02
4.668749809265136719e+00 4.789390498086852632e-02
4.678669929504394531e+00 1.149738719933438846e-01
4.682439804077148438e+00 2.901995560439237301e-02
4.685850143432617188e+00 7.036770781306923850e-02
4.691770076751708984e+00 2.116917803620309638e-02
4.747119903564453125e+00 3.841326062288207693e-02
4.751609802246093750e+00 1.678382117284072383e-01
4.758520126342773438e+00 1.158106343079769035e-01
4.770359992980957031e+00 2.577092187605526941e-01
4.782050132751464844e+00 3.208149887400319616e-02
4.783730030059814453e+00 4.079404017717979530e-02
4.791699886322021484e+00 4.719124765661637105e-02
4.796140193939208984e+00 2.444245711359244178e-01
4.822490215301513672e+00 2.876485653660367792e-01
4.832250118255615234e+00 6.468184859448491975e-02
4.834249973297119141e+00 4.742460230403346827e-02
4.838870048522949219e+00 7.526555449770876149e-02
4.842289924621582031e+00 9.409368792189803932e-02
4.843820095062255859e+00 6.293991974606032436e-01
4.854469776153564453e+00 4.692415840735265908e-02
4.854939937591552734e+00 1.334032991976859261e-01
4.856060028076171875e+00 1.686440868025131379e-01
4.859779834747314453e+00 2.984528075779539769e-02
4.863120079040527344e+00 5.033652534985305627e-02
4.866670131683349609e+00 4.514062431293078964e-02
4.870470046997070312e+00 4.365450922744095602e-02
4.874120235443115234e+00 3.590064320482364707e-02
4.874239921569824219e+00 2.974810296489221323e-02
4.874330043792724609e+00 5.274170374652672466e-01
4.875070095062255859e+00 2.359933426313397600e-02
4.876800060272216797e+00 4.193972575509299916e-02
4.881319999694824219e+00 5.324517239233512722e-01
4.883100032806396484e+00 8.933153069576948990e-02
4.886139869689941406e+00 1.757623144651315750e-01
4.896110057830810547e+00 1.137263124500279277e-01
4.900629997253417969e+00 9.172769887047836634e-02
4.906700134277343750e+00 6.461629693174628097e-02
4.914450168609619141e+00 1.091196220978185027e-01
4.930739879608154297e+00 2.006985777729687614e-02
4.934579849243164062e+00 2.477254505637028689e-02
4.959229946136474609e+00 1.008194948745677888e-01
4.973120212554931641e+00 5.240278828798392019e-02
4.983129978179931641e+00 2.955824946206244558e-02
4.986269950866699219e+00 9.793362985727666059e-02
4.989699840545654297e+00 3.506545146701572913e-02
4.991569995880126953e+00 9.379191845999322596e-02
4.992000102996826172e+00 2.485735771592104820e-02
4.997079849243164062e+00 5.101261821507500904e-02
4.997710227966308594e+00 3.275450482770330546e-02
4.998139858245849609e+00 1.560847723518540286e-01
4.999989986419677734e+00 1.676575376895654834e-01
5.000299930572509766e+00 1.467022218156617541e-02
5.004199981689453125e+00 7.772456848822736908e-02
5.005249977111816406e+00 1.499300881094332016e-01
5.006569862365722656e+00 3.571631151057773346e-02
5.015810012817382812e+00 4.699253695048196539e-02
5.022590160369873047e+00 1.351178130583333831e-02
5.024149894714355469e+00 6.655302226682333067e-02
5.031290054321289062e+00 9.049999574585343431e-02
5.033800125122070312e+00 5.549036909671174744e-02
5.034820079803466797e+00 3.028952689951571603e-02
5.037700176239013672e+00 6.990432156792564244e-02
5.042500019073486328e+00 1.597004829604371443e-02
5.043540000915527344e+00 1.030046638410029719e-01
5.063600063323974609e+00 2.271018063483939281e-02
5.066239833831787109e+00 4.244022531080131333e-02
5.070779800415039062e+00 1.616230163668124498e-01
5.072410106658935547e+00 1.926072448337443760e-02
5.074069976806640625e+00 1.306494641928137301e-01
5.081389904022216797e+00 8.614126198214568098e-02
5.088950157165527344e+00 5.271667535467651489e-02
5.095349788665771484e+00 1.061868431209229691e-01
5.122230052947998047e+00 1.895368742837446607e-01
5.196710109710693359e+00 6.018964769247978769e-02
5.203959941864013672e+00 1.838427281098621233e-02
5.209949970245361328e+00 4.524818058329782566e-02
5.212180137634277344e+00 5.987217560779038716e-02
5.215469837188720703e+00 1.376364108294032551e-01
5.218639850616455078e+00 5.521960440351695448e-02
5.220699787139892578e+00 4.631684903973040668e-02
5.222189903259277344e+00 1.679672530970835742e-01
5.223800182342529297e+00 1.911418637388922481e-01
5.224170207977294922e+00 4.663652687059225560e-02
5.227560043334960938e+00 2.844682968702453435e-02
5.231379985809326172e+00 9.714386532556698595e-02
5.238289833068847656e+00 6.486990980293078080e-02
5.242090225219726562e+00 1.731000932441810747e-01
5.242849826812744141e+00 4.172462813597490466e-02
5.243249893188476562e+00 7.995478691364076018e-02
5.243959903717041016e+00 2.389945589509976515e-02
5.248980045318603516e+00 5.348320219184821145e-02
5.250309944152832031e+00 3.480752244681387109e-02
5.256380081176757812e+00 6.054246697215421441e-02
5.256539821624755859e+00 7.359208168806803674e-02
5.258890151977539062e+00 4.709933601561445971e-02
5.264750003814697266e+00 1.933244610080202819e-01
5.272240161895751953e+00 3.013878607656515080e-02
5.327179908752441406e+00 3.358967220729168202e-01
5.334710121154785156e+00 8.336964948320138569e-02
5.347439765930175781e+00 1.398693963776825866e-01
5.358550071716308594e+00 1.213769475092988936e-01
5.358650207519531250e+00 7.778759767288359606e-02
5.369669914245605469e+00 2.973980046792023407e-02
5.373660087585449219e+00 5.294171380987382908e-02
5.400670051574707031e+00 3.081226565719102223e-02
5.416319847106933594e+00 1.770021940067189048e-01
5.416450023651123047e+00 5.620441317119370672e-02
5.422060012817382812e+00 2.972655591062727670e-02
5.425909996032714844e+00 2.657713722713545001e-02
5.427629947662353516e+00 6.763221839321020834e-02
5.429940223693847656e+00 7.541120076409560391e-02
5.433990001678466797e+00 8.560939401155651107e-02
5.435719966888427734e+00 3.777354746219047793e-02
5.437789916992187500e+00 5.281113518503068732e-02
5.442029953002929688e+00 4.885705282126680954e-02
5.444429874420166016e+00 4.751738709450856191e-02
5.450449943542480469e+00 3.570877955802694015e-02
5.457680225372314453e+00 1.565517269683135843e-02
5.459599971771240234e+00 4.354255019095568807e-02
5.462049961090087891e+00 3.456900248386006458e-02
5.462359905242919922e+00 1.167750155988745986e-01
5.462600231170654297e+00 3.308234139590048029e-02
5.462910175323486328e+00 1.301670198421045824e-02
5.465680122375488281e+00 6.697587497507666299e-02
5.467470169067382812e+00 1.742633530353297766e-02
5.475689888000488281e+00 4.185222837414826619e-02
5.491099834442138672e+00 5.596113557481197098e-02
5.491839885711669922e+00 1.436756508682245637e-01
5.493830204010009766e+00 1.247294160336942515e-01
5.499149799346923828e+00 7.246076298842649144e-02
5.516719818115234375e+00 3.284875756312238132e-02
5.517419815063476562e+00 4.763227557881108409e-02
5.518189907073974609e+00 1.197015876066440804e-01
5.550889968872070312e+00 4.075819014343112084e-02
5.561950206756591797e+00 7.151131116633993590e-02
5.567359924316406250e+00 5.807479342935964461e-02
5.572810173034667969e+00 4.499978209974616478e-02
5.579750061035156250e+00 1.318412725570193914e-02
5.582129955291748047e+00 3.453771003010661089e-02
5.586120128631591797e+00 2.297113027404551477e-01
5.589049816131591797e+00 2.263669947282029651e-02
5.592790126800537109e+00 1.272623753771867823e-02
5.594799995422363281e+00 3.897513634674303756e-02
5.597380161285400391e+00 1.148119240463651158e-01
5.599209785461425781e+00 3.251164975462744050e-02
5.600190162658691406e+00 3.898898232639432665e-02
5.602230072021484375e+00 1.910178677368493810e-02
5.602620124816894531e+00 1.310241623831541191e-01
5.606349945068359375e+00 1.794604453145317788e-02
5.612090110778808594e+00 3.445991661476625889e-02
5.612440109252929688e+00 2.264183623136043627e-02
5.616260051727294922e+00 9.775317036164452023e-02
5.618549823760986328e+00 1.655621774839036442e-01
5.622069835662841797e+00 6.076463587903050551e-02
5.626719951629638672e+00 3.100990634310842736e-02
5.628290176391601562e+00 6.684644541744341750e-02
5.638869762420654297e+00 7.491297225765088108e-02
5.638889789581298828e+00 2.643731797998721267e-01
5.666279792785644531e+00 4.322100363081371466e-02
5.667900085449218750e+00 1.125118122307240398e-01
5.685880184173583984e+00 1.697542402050614962e-01
5.688439846038818359e+00 9.351960208502266281e-02
5.693510055541992188e+00 7.075818217843336810e-02
5.694399833679199219e+00 2.274136535251447822e-01
5.696410179138183594e+00 1.307512130452580246e-01
5.783919811248779297e+00 2.081055967037479318e-02
5.789130210876464844e+00 4.030764824011955766e-02
5.790820121765136719e+00 4.280969878406595125e-02
5.794290065765380859e+00 5.726079331032612324e-02
5.796840190887451172e+00 8.846321420968873694e-02
5.798319816589355469e+00 6.022574629587638950e-02
5.799520015716552734e+00 4.307436026043980765e-02
5.801099777221679688e+00 3.679577748820899580e-02
5.804480075836181641e+00 6.796046921127536777e-02
5.806499958038330078e+00 2.649577027479598224e-01
5.811580181121826172e+00 2.901530881914987994e-02
5.813049793243408203e+00 1.019005960372170172e-01
5.813970088958740234e+00 5.909734705363547946e-02
5.818250179290771484e+00 3.065242170266760935e-01
5.824570178985595703e+00 3.419245579374996513e-01
5.825590133666992188e+00 4.175658040785026198e-02
5.830969810485839844e+00 3.137606140317437953e-02
5.835480213165283203e+00 3.999417080064526092e-02
5.837450027465820312e+00 7.154391530014724346e-03
5.840020179748535156e+00 4.318841706591557139e-02
5.840280055999755859e+00 1.084593634057479383e-01
5.840690135955810547e+00 1.016055854589080487e-01
5.844150066375732422e+00 2.263665601073882039e-01
5.849750041961669922e+00 1.780542267113200544e-02
5.910590171813964844e+00 3.073151468364735961e-01
5.939499855041503906e+00 1.131240502492900507e-01
5.940599918365478516e+00 5.861649989929607063e-02
5.949200153350830078e+00 1.176801497038797162e-01
5.953110218048095703e+00 2.564254804137868632e-02
5.955719947814941406e+00 9.481702597911073616e-02
5.968760013580322266e+00 2.818760781723151504e-02
5.973909854888916016e+00 3.062292491482097520e-02
6.012539863586425781e+00 1.837376078245202965e-02
6.021249771118164062e+00 5.238626090954157793e-02
6.022699832916259766e+00 3.819439009966935777e-02
6.025599956512451172e+00 2.066251143028978721e-01
6.026750087738037109e+00 1.120729049203538635e-01
6.027080059051513672e+00 1.421147077966145381e-02
6.029369831085205078e+00 3.994896695123216490e-02
6.030049800872802734e+00 1.779044077111480715e-01
6.030739784240722656e+00 3.208340441195185744e-02
6.032529830932617188e+00 2.129138554576024897e-02
6.034860134124755859e+00 1.488261731211349033e-02
6.035729885101318359e+00 4.650024602566825427e-02
6.040339946746826172e+00 6.316112310871854763e-02
6.043739795684814453e+00 6.100003350410539149e-02
6.045030117034912109e+00 1.711371152532062401e-01
6.050909996032714844e+00 6.406978065719981519e-02
6.055689811706542969e+00 2.552569525447625012e-02
6.056129932403564453e+00 2.560026654875989863e-02
6.059400081634521484e+00 3.714088669830695189e-02
6.059750080108642578e+00 1.623801034544388594e-02
6.060780048370361328e+00 4.808869148602656907e-02
6.067870140075683594e+00 4.887475529593476170e-02
6.075099945068359375e+00 4.333108280540215462e-02
6.082079887390136719e+00 1.300605941827720491e-01
6.087940216064453125e+00 3.109199122119717454e-02
6.112889766693115234e+00 3.295422407811427618e-02
6.113830089569091797e+00 1.945266595833109943e-02
6.115359783172607422e+00 1.949979512774352164e-01
6.160079956054687500e+00 5.896149950581176802e-02
6.166329860687255859e+00 2.617703025127231936e-02
6.169199943542480469e+00 3.775800768764260573e-02
6.176030158996582031e+00 3.580978941481451766e-02
6.176390171051025391e+00 3.882942543302583122e-02
6.177800178527832031e+00 1.913584843853282924e-01
6.178269863128662109e+00 3.632855444380799631e-02
6.179389953613281250e+00 8.750321546582093268e-02
6.181970119476318359e+00 3.263933869741008492e-03
6.182290077209472656e+00 3.800672886969103798e-02
6.185349941253662109e+00 1.134847822320881466e-01
6.185500144958496094e+00 9.402650605546820917e-02
6.188029766082763672e+00 6.990793677217300994e-02
6.189610004425048828e+00 2.511671362304375432e-02
6.190110206604003906e+00 4.123016377250871001e-02
6.192120075225830078e+00 4.656513780162435667e-02
6.192979812622070312e+00 5.427425773781413554e-02
6.199830055236816406e+00 3.659864875203749923e-02
6.205989837646484375e+00 6.071990489473612362e-02
6.212609767913818359e+00 6.286837590404699416e-02
6.215730190277099609e+00 6.485443223555437120e-02
6.215980052947998047e+00 3.307966196367117390e-02
6.221809864044189453e+00 5.104596441314151328e-02
6.242290019989013672e+00 4.115092447382166785e-02
6.247010231018066406e+00 1.070408337835820345e-01
6.259180068969726562e+00 8.158114777235411785e-02
6.262209892272949219e+00 9.039161302801776432e-02
6.273650169372558594e+00 6.083667596188811755e-02
6.278269767761230469e+00 2.053103609379428873e-01
6.279270172119140625e+00 1.373739432076528932e-01
6.284770011901855469e+00 1.306132089122774842e-01
6.318739891052246094e+00 2.988218158020023441e-01
6.367630004882812500e+00 2.254015686772814775e-01
6.377110004425048828e+00 6.997667183770379939e-02
6.378159999847412109e+00 6.804557548176351674e-03
6.379509925842285156e+00 1.567831304184677255e-01
6.382669925689697266e+00 5.684869738759800589e-02
6.387499809265136719e+00 9.285745357465602368e-02
6.391799926757812500e+00 5.041753035350197976e-02
6.395969867706298828e+00 1.845502446367403709e-02
6.397830009460449219e+00 1.601531997698656673e-01
6.398749828338623047e+00 2.307079076962711625e-02
6.399869918823242188e+00 2.497640651559399072e-02
6.400800228118896484e+00 5.714713061895008300e-02
6.401199817657470703e+00 1.119907282174461560e-01
6.404180049896240234e+00 6.649104912651056243e-02
6.405109882354736328e+00 2.334233488142969104e-01
6.405680179595947266e+00 7.191969766035771761e-02
6.406980037689208984e+00 4.663151572406087908e-02
6.407750129699707031e+00 5.012177228732189044e-02
6.419519901275634766e+00 1.607564708278802490e-02
6.429090023040771484e+00 9.468021442828897238e-02
6.432099819183349609e+00 7.855777974389920038e-02
6.433420181274414062e+00 6.325621746341844598e-02
6.434460163116455078e+00 3.149481558415140325e-01
6.481009960174560547e+00 6.773581530961443609e-02
6.524889945983886719e+00 1.320374082820150174e-01
6.529489994049072266e+00 1.259027701040990876e-01
6.531149864196777344e+00 1.113701342194814564e-01
6.539850234985351562e+00 4.847336289160349143e-02
6.548890113830566406e+00 1.092961874125280841e-01
6.556650161743164062e+00 4.858435958190283899e-02
6.591660022735595703e+00 8.767925636857222538e-02
6.597089767456054688e+00 4.940724883101274556e-02
6.597169876098632812e+00 5.820300589956290543e-02
6.607409954071044922e+00 1.143118264246155702e-01
6.609690189361572266e+00 2.064577679017206777e-02
6.610469818115234375e+00 9.471608137397297122e-02
6.610489845275878906e+00 1.614256690789337909e-02
6.613329887390136719e+00 2.918955180635933733e-01
6.615369796752929688e+00 3.414970497150840445e-02
6.623630046844482422e+00 4.078089631781450786e-02
6.624440193176269531e+00 3.457796852179537833e-02
6.624770164489746094e+00 1.040210603413446872e-01
6.625699996948242188e+00 4.069348489636194499e-02
6.626500129699707031e+00 5.025188339565979379e-02
6.628069877624511719e+00 4.482235893106112368e-02
6.629660129547119141e+00 5.969898480038032806e-02
6.632440090179443359e+00 6.253261207679654266e-02
6.632840156555175781e+00 3.465151349711945161e-02
6.632979869842529297e+00 1.541269009906259813e-01
6.635439872741699219e+00 7.937166370123080461e-02
6.635700225830078125e+00 1.053742546678742009e-01
6.636370182037353516e+00 4.077129614404321339e-02
6.639780044555664062e+00 1.364896748510052715e-01
6.666140079498291016e+00 5.564248597812053720e-01
6.666669845581054688e+00 6.813949523343072745e-02
6.688610076904296875e+00 9.641462093818180257e-02
6.691259860992431641e+00 3.160623880781979200e-02
6.704639911651611328e+00 3.078186113505424620e-02
6.715390205383300781e+00 4.813429704679946658e-02
6.715569972991943359e+00 3.782853848904507016e-02
6.746640205383300781e+00 4.694481319190360602e-02
6.747049808502197266e+00 6.180174733216077521e-02
6.753230094909667969e+00 8.204683568038636521e-01
6.754350185394287109e+00 2.556313815500461939e-02
6.754600048065185547e+00 6.869058962372256993e-02
6.764400005340576172e+00 5.332847225283526837e-02
6.764910221099853516e+00 7.785441686587521448e-02
6.765069961547851562e+00 8.864171149006938588e-02
6.768519878387451172e+00 1.799573288432008630e-02
6.770269870758056641e+00 3.420046192674050523e-02
6.779739856719970703e+00 4.749970583638819625e-03
6.780169963836669922e+00 3.746103857588984481e-02
6.781050205230712891e+00 3.494214003828582937e-02
6.782420158386230469e+00 1.202031879606773046e-01
6.787270069122314453e+00 9.651300337213421232e-02
6.788390159606933594e+00 1.567497451849786949e-01
6.788499832153320312e+00 1.044917224026822161e-01
6.788909912109375000e+00 6.211131968984016233e-02
6.790850162506103516e+00 8.023130347381565719e-02
6.792970180511474609e+00 7.814012029813438565e-02
6.793379783630371094e+00 3.061543558211086286e-02
6.800620079040527344e+00 5.767303236138549005e-02
6.800970077514648438e+00 6.763285968871715625e-02
6.812329769134521484e+00 3.343926650340209999e-02
6.832109928131103516e+00 3.039706333111433234e-02
6.847420215606689453e+00 3.511614475964314197e-02
6.856249809265136719e+00 9.845125460157216901e-02
6.858799934387207031e+00 9.308222023502812914e-02
6.868969917297363281e+00 6.351514345043142440e-02
6.891469955444335938e+00 1.252679291563313924e-01
6.901939868927001953e+00 1.297161933715994531e-01
6.902729988098144531e+00 2.505374259890156829e-01
6.980279922485351562e+00 5.817728838516097317e-02
6.982460021972656250e+00 4.845380973314789702e-02
6.986649990081787109e+00 7.953035589030465688e-03
6.991630077362060547e+00 1.409329046880572825e-02
6.992879867553710938e+00 1.587429764591717085e-01
6.994569778442382812e+00 1.050484611863600204e-01
6.994939804077148438e+00 4.799985496560670722e-02
6.995689868927001953e+00 2.608251288822511366e-02
6.999330043792724609e+00 2.075802833353751209e-01
7.000500202178955078e+00 9.102087153361983207e-02
7.001249790191650391e+00 6.074854112585556520e-03
7.002250194549560547e+00 2.800956885338746344e-02
7.002260208129882812e+00 9.146513930261704339e-02
7.003300189971923828e+00 2.265235637897947130e-02
7.004199981689453125e+00 2.836463149393801675e-02
7.004220008850097656e+00 1.682774087226538914e-02
7.006140232086181641e+00 2.551141657507040653e-02
7.008409976959228516e+00 2.130017223686421837e-02
7.009449958801269531e+00 2.500456631580007527e-01
7.010819911956787109e+00 5.774635104188740459e-02
7.012539863586425781e+00 1.052635699203559871e-01
7.018280029296875000e+00 3.179483798507160702e-02
7.027160167694091797e+00 5.407693702586324064e-02
7.054860115051269531e+00 5.575019764220053714e-02
7.099679946899414062e+00 1.931568338608878888e-01
7.111279964447021484e+00 1.664009458495576688e-01
7.133659839630126953e+00 1.329336283465929747e-01
7.141389846801757812e+00 2.981554208259680483e-02
7.142670154571533203e+00 3.038322835519453868e-02
7.163760185241699219e+00 9.430353933675694744e-02
7.173940181732177734e+00 1.781253024345472516e-02
7.182849884033203125e+00 6.868772428784203354e-02
7.191770076751708984e+00 2.057391641069418187e-01
7.200220108032226562e+00 4.731842479629835146e-02
7.204239845275878906e+00 1.393616434117591063e-01
7.206329822540283203e+00 9.050136097479155595e-02
7.209169864654541016e+00 6.122497181492177892e-02
7.209609985351562500e+00 5.547436021734059031e-02
7.210130214691162109e+00 2.412430459387591292e-02
7.210370063781738281e+00 2.963109025939132946e-01
7.214000225067138672e+00 1.396753325640953391e-01
7.216629981994628906e+00 9.918284170175208081e-02
7.220550060272216797e+00 2.497295105381548350e-02
7.221210002899169922e+00 4.882325217844774717e-02
7.225369930267333984e+00 3.163403805173278793e-02
7.227459907531738281e+00 2.360420550266615833e-02
7.228919982910156250e+00 5.117144970931634951e-02
7.231599807739257812e+00 7.665899039114638935e-02
7.231679916381835938e+00 4.556049585676064800e-02
7.232470035552978516e+00 4.454872010076284944e-02
7.234179973602294922e+00 3.328132266989473897e-02
7.236080169677734375e+00 6.652253681888742332e-02
7.239840030670166016e+00 1.045521424960886743e-02
7.254720211029052734e+00 5.004062000138921606e-02
7.259540081024169922e+00 8.052455847725428772e-02
7.264150142669677734e+00 1.714431330994223845e-01
7.271719932556152344e+00 8.452487832524827049e-02
7.271810054779052734e+00 3.363450038975594053e-02
7.314420223236083984e+00 1.533741125727552251e-02
7.328700065612792969e+00 2.566587974356107638e-02
7.332459926605224609e+00 1.592481381005707297e-01
7.345419883728027344e+00 8.747537534318663988e-02
7.345870018005371094e+00 2.345729217749599818e-02
7.346859931945800781e+00 9.874135381490243071e-03
7.353779792785644531e+00 2.651693371400070526e-02
7.354539871215820312e+00 7.661838091665963690e-02
7.358230113983154297e+00 2.427095438634702465e-02
7.359749794006347656e+00 9.062271399461413468e-02
7.362480163574218750e+00 1.137729518891289204e-01
7.367660045623779297e+00 4.498609960363775945e-02
7.374060153961181641e+00 2.735860186252734444e-02
7.376770019531250000e+00 5.203136736731102385e-02
7.377989768981933594e+00 3.936034131196293473e-02
7.379620075225830078e+00 3.984655946941177695e-02
7.379950046539306641e+00 3.146079129985974998e-02
7.383550167083740234e+00 1.341555128069887859e-01
7.385250091552734375e+00 8.676831878470664394e-02
7.386479854583740234e+00 6.200575913704399478e-02
7.389329910278320312e+00 3.400099288797992642e-02
7.391479969024658203e+00 5.025767650714320356e-02
7.391940116882324219e+00 7.578513565165165278e-02
7.408430099487304688e+00 1.165640460635221226e-01
7.412040233612060547e+00 1.786036908432856590e-02
7.415860176086425781e+00 2.448890387837844851e-01
7.419069766998291016e+00 8.156702503672771942e-02
7.443630218505859375e+00 4.696493455562718300e-02
7.447179794311523438e+00 6.016534280490506981e-02
7.453690052032470703e+00 2.264999087105835640e-01
7.457809925079345703e+00 1.050814615932156582e-01
7.460360050201416016e+00 4.167408089058716875e-02
7.474150180816650391e+00 1.320669285350625777e-01
7.489550113677978516e+00 9.399749587844674625e-02
7.566889762878417969e+00 4.334073363852603000e-02
7.567289829254150391e+00 3.948784401227310031e-02
7.568170070648193359e+00 1.892610474403790544e-01
7.571129798889160156e+00 2.686407897638673492e-02
7.572909832000732422e+00 1.309651531880787895e-02
7.578100204467773438e+00 2.438021941557122485e-02
7.582109928131103516e+00 5.862349558173449854e-02
7.583010196685791016e+00 2.776249296306589412e-02
7.589739799499511719e+00 1.242069459965564580e-02
7.591129779815673828e+00 5.662327226162306576e-02
7.597280025482177734e+00 1.967143589390633329e-01
7.597740173339843750e+00 2.407039449424992414e-02
7.599520206451416016e+00 4.396813524077019392e-02
7.600560188293457031e+00 1.053211655839174365e-01
7.603650093078613281e+00 8.107094459177008328e-02
7.604770183563232422e+00 1.522027803572859744e-02
7.607729911804199219e+00 4.693857872921715357e-02
7.610839843750000000e+00 6.946351711735493373e-02
7.611239910125732422e+00 7.644859949078529338e-02
7.611790180206298828e+00 1.424690173417897943e-01
7.616600036621093750e+00 1.374478468286680945e-02
7.618259906768798828e+00 2.490473228308902054e-01
7.620319843292236328e+00 3.576127173375755197e-02
7.659349918365478516e+00 1.309832026984334152e-01
7.699289798736572266e+00 2.047709360834122916e-01
7.721039772033691406e+00 1.830768298064097965e-01
7.724239826202392578e+00 6.082109736916197634e-02
7.730299949645996094e+00 1.866645895815564615e-01
7.738790035247802734e+00 2.119755306522625726e-01
7.739049911499023438e+00 5.104662271316152966e-02
7.759339809417724609e+00 9.339487729291108542e-02
7.761410236358642578e+00 1.199315082833263130e-01
7.766789913177490234e+00 7.476783208568103800e-02
7.785580158233642578e+00 3.873673602154658474e-02
7.797729969024658203e+00 8.281934176440358675e-02
7.798570156097412109e+00 5.418519184328331184e-02
7.800590038299560547e+00 1.080440972353035323e-01
7.802639961242675781e+00 2.213122592505982478e-02
7.805210113525390625e+00 8.730282023159835481e-02
7.805439949035644531e+00 2.464691996639390703e-01
7.810100078582763672e+00 2.618092328906613808e-01
7.811220169067382812e+00 1.296996237423099843e-02
7.814040184020996094e+00 3.084299183463862226e-02
7.814529895782470703e+00 8.021218014440499589e-02
7.816349983215332031e+00 2.594389202135085476e-02
7.816929817199707031e+00 1.044121263830117240e-02
7.819280147552490234e+00 5.234183325241253959e-02
7.819699764251708984e+00 2.738199356960402744e-02
7.823689937591552734e+00 2.578932229077162894e-02
7.825220108032226562e+00 1.075443857322733038e-01
7.826330184936523438e+00 2.573734440490860892e-02
7.828040122985839844e+00 3.152718618523617927e-02
7.835999965667724609e+00 9.085663878816345462e-02
7.837090015411376953e+00 3.390412359208714449e-02
7.844820022583007812e+00 4.851561011004087293e-03
7.883019924163818359e+00 5.242465259829136304e-02
7.883100032806396484e+00 2.957565905847893417e-02
7.887660026550292969e+00 9.472223475654074909e-02
7.907199859619140625e+00 6.458042962012645882e-02
7.918950080871582031e+00 5.160007072064481948e-02
7.930530071258544922e+00 5.768880918178612843e-02
7.932129859924316406e+00 2.591495569861478054e-02
7.936729907989501953e+00 1.997452427815570308e-01
7.937829971313476562e+00 4.144987054570840185e-02
7.939360141754150391e+00 2.297581858878857200e-02
7.942959785461425781e+00 3.704438272708458768e-02
7.948219776153564453e+00 4.430573437434580375e-02
7.950769901275634766e+00 7.153294019180347907e-02
7.952320098876953125e+00 9.665083373237952358e-03
7.960169792175292969e+00 1.068043508703537814e-01
7.961689949035644531e+00 1.391056909010905951e-01
7.962339878082275391e+00 6.234590081421222812e-02
7.962769985198974609e+00 2.725469276546084799e-02
7.966060161590576172e+00 3.799833120612408632e-02
7.967189788818359375e+00 8.490311201045498690e-02
7.969019889831542969e+00 6.676186874906700486e-02
7.975450038909912109e+00 4.752293711669605680e-02
7.988739967346191406e+00 3.806790973575335801e-02
7.989140033721923828e+00 8.747819325239131194e-02
7.990029811859130859e+00 4.663596783678013169e-02
7.995470046997070312e+00 2.151183441130527507e-02
8.003479957580566406e+00 2.550633106010178897e-01
8.004360198974609375e+00 3.668030137136427116e-02
8.007200241088867188e+00 8.372972236572610860e-02
8.029459953308105469e+00 5.148013028967902971e-02
8.033289909362792969e+00 4.660722229735754507e-02
8.034529685974121094e+00 3.641626848706017855e-02
8.050709724426269531e+00 2.097978755076570709e-02
8.058270454406738281e+00 1.606743651454918820e-01
8.081130027770996094e+00 2.814826095106636172e-01
8.083990097045898438e+00 1.167446033259228327e-01
8.084380149841308594e+00 2.545547340627808963e-01
8.135809898376464844e+00 1.497974761118031906e-01
8.144949913024902344e+00 4.515098423956445672e-02
8.160220146179199219e+00 1.800887330163176286e-02
8.162199974060058594e+00 1.347010521538048455e-01
8.166540145874023438e+00 3.938198120314583689e-02
8.169300079345703125e+00 2.093379226998557940e-01
8.174980163574218750e+00 1.126491215441564331e-01
8.180740356445312500e+00 2.166536641089280429e-02
8.183600425720214844e+00 2.037477124699365802e-02
8.183939933776855469e+00 5.774591669780535647e-02
8.186380386352539062e+00 1.042606922116777746e-01
8.186969757080078125e+00 1.127426638025851302e-01
8.187490463256835938e+00 1.332245730178869270e-01
8.188810348510742188e+00 2.298328727029708834e-02
8.190950393676757812e+00 3.326738053270174578e-01
8.191920280456542969e+00 7.223957634001187955e-02
8.192850112915039062e+00 7.927117851679213456e-02
8.200659751892089844e+00 1.150712540743537710e-01
8.205160140991210938e+00 4.035500990552331330e-02
8.210060119628906250e+00 2.475972880071277415e-01
8.210630416870117188e+00 1.035695754046039030e-01
8.213290214538574219e+00 1.179074500197245384e-01
8.218290328979492188e+00 5.572661341095308529e-02
8.221980094909667969e+00 4.220076370504861896e-02
8.313110351562500000e+00 3.088532267433555245e-01
8.316690444946289062e+00 2.326428041410214531e-01
8.319809913635253906e+00 1.447188876403419366e-01
8.332859992980957031e+00 5.342399384682974123e-02
8.336810111999511719e+00 1.096002435548668469e-01
8.349809646606445312e+00 2.918819930817526109e-02
8.354249954223632812e+00 1.610896021708995707e-01
8.355690002441406250e+00 7.803329889304096156e-02
8.371109962463378906e+00 6.877861863242351603e-02
8.371879577636718750e+00 4.796410255899800912e-02
8.372759819030761719e+00 9.708774758118361714e-02
8.376119613647460938e+00 8.835651118357272515e-02
8.383390426635742188e+00 2.977206768986743191e-01
8.384510040283203125e+00 1.242844228527702766e-01
8.390159606933593750e+00 2.151286244478383958e-01
8.390979766845703125e+00 1.783940553803011198e-01
8.398839950561523438e+00 9.130971809048729626e-02
8.400639533996582031e+00 5.957186780202866627e-02
8.406940460205078125e+00 1.522029638893536707e-01
8.409159660339355469e+00 9.729601299925864921e-02
8.412870407104492188e+00 3.665843041147177905e-02
8.416600227355957031e+00 3.683189180813250391e-02
8.417050361633300781e+00 1.854537742901649078e-02
8.418800354003906250e+00 5.465780360582714673e-03
8.418999671936035156e+00 6.709136225907441631e-02
8.420820236206054688e+00 4.018856965256105418e-02
8.423350334167480469e+00 9.018613700394961796e-02
8.430890083312988281e+00 1.385173921252434992e-01
8.442290306091308594e+00 3.275359377437635916e-02
8.451359748840332031e+00 8.418335855275116408e-02
8.454739570617675781e+00 1.607845020878733225e-02
8.456069946289062500e+00 5.132615776381448114e-02
8.481809616088867188e+00 2.376208284510439653e-02
8.493430137634277344e+00 4.117356382267728376e-02
8.503219604492187500e+00 6.520497042832618106e-02
8.510080337524414062e+00 5.717658527826922910e-02
8.513830184936523438e+00 1.198076541274803973e-02
8.529000282287597656e+00 1.233319287612672649e-01
8.529129981994628906e+00 3.720173691519185893e-02
8.532850265502929688e+00 6.818034859072885645e-02
8.547019958496093750e+00 7.572419359306438447e-02
8.548769950866699219e+00 6.185257170256996950e-02
8.555100440979003906e+00 1.620156242953410888e-02
8.556909561157226562e+00 6.890029951955828347e-02
8.557089805603027344e+00 3.715308000765624868e-02
8.558099746704101562e+00 1.741120366881112880e-01
8.559599876403808594e+00 3.965577323701201945e-02
8.561129570007324219e+00 9.465597689093245559e-02
8.561759948730468750e+00 4.781696469521198867e-02
8.567810058593750000e+00 6.640901969970404439e-02
8.570429801940917969e+00 6.296108224233133710e-02
8.576109886169433594e+00 8.083323286340880764e-02
8.579589843750000000e+00 1.380022225109568401e-01
8.580060005187988281e+00 1.644915600428900060e-01
8.580229759216308594e+00 9.010802486407712419e-02
8.583060264587402344e+00 3.209003396620216386e-02
8.584710121154785156e+00 2.796665842772793065e-01
8.584739685058593750e+00 9.923167734051784039e-02
8.588569641113281250e+00 4.547423791018462280e-02
8.591919898986816406e+00 3.129885670324829283e-02
8.614620208740234375e+00 9.249331696306967165e-02
8.616970062255859375e+00 3.289749592603766204e-02
8.620189666748046875e+00 1.032462593398780909e-01
8.628029823303222656e+00 2.949087701168738238e-02
8.655699729919433594e+00 4.304549360739180763e-02
8.659540176391601562e+00 5.489318462868408161e-02
8.665320396423339844e+00 5.497435340360842804e-02
8.691320419311523438e+00 1.184202825618153598e-01
8.726160049438476562e+00 6.232951564187939886e-02
8.742469787597656250e+00 7.001604734041456946e-02
8.746179580688476562e+00 7.414649560838826314e-02
8.755109786987304688e+00 7.468837699377992023e-02
8.756810188293457031e+00 2.437066898084803146e-01
8.761960029602050781e+00 1.811284752344593380e-02
8.764380455017089844e+00 8.520916518856301580e-02
8.765219688415527344e+00 8.274763583442566739e-02
8.771530151367187500e+00 1.847735480656651497e-01
8.774459838867187500e+00 8.920014813554803801e-02
8.786219596862792969e+00 9.147944469228265485e-02
8.788240432739257812e+00 3.593209664967578765e-01
8.788920402526855469e+00 1.645666458777912330e-02
8.790570259094238281e+00 2.908394243716693750e-01
8.790650367736816406e+00 4.317304233861933571e-02
8.793490409851074219e+00 6.121274515763244772e-02
8.797200202941894531e+00 1.703079383033037908e-01
8.797389984130859375e+00 4.361152550379489984e-02
8.798640251159667969e+00 3.826872542773955832e-01
8.801070213317871094e+00 2.200824351471481477e-01
8.806480407714843750e+00 1.183827336726172609e-02
8.812080383300781250e+00 1.185646244769730379e-01
8.829219818115234375e+00 8.453679968911670395e-01
8.832630157470703125e+00 1.058004896928486926e-01
8.881010055541992188e+00 1.212394835444611241e-01
8.897789955139160156e+00 1.290211141394092542e-01
8.913459777832031250e+00 4.697717125206286176e-02
8.913769721984863281e+00 3.835641546409326308e-01
8.927129745483398438e+00 6.861897570038873184e-02
8.933690071105957031e+00 7.516507031838039199e-02
8.941189765930175781e+00 3.239098521436279410e-01
8.941340446472167969e+00 6.026933381895847874e-02
8.947609901428222656e+00 1.142274872214297243e-01
8.957440376281738281e+00 1.492828761120167935e-01
8.959620475769042969e+00 3.243126275665898783e-02
8.973139762878417969e+00 1.246322143622393547e-01
8.976819992065429688e+00 5.440559501672180553e-02
8.979749679565429688e+00 2.857653541884428230e-02
8.980239868164062500e+00 5.065593530142813855e-02
8.985150337219238281e+00 4.861303117706895771e-02
8.985179901123046875e+00 4.541187459243638258e-02
8.993869781494140625e+00 5.276601077959353070e-01
8.998430252075195312e+00 1.132804546374741733e-01
8.999469757080078125e+00 3.456647909802712526e-02
9.001569747924804688e+00 6.550734568730004481e-02
9.003270149230957031e+00 3.536851902988313867e-02
9.011750221252441406e+00 2.219852936746734631e-02
9.012359619140625000e+00 3.440699750375448424e-02
9.013629913330078125e+00 1.761059747824876287e-01
9.020150184631347656e+00 3.321049424654303611e-02
9.024230003356933594e+00 6.353033118805995194e-02
9.024479866027832031e+00 7.980933450566646270e-02
9.027640342712402344e+00 1.769053556135859184e-02
9.027640342712402344e+00 4.430661776748895386e-02
9.032409667968750000e+00 7.676193165776550031e-02
9.057419776916503906e+00 4.845336257127785262e-01
9.058899879455566406e+00 1.159544816035616988e-01
9.070079803466796875e+00 2.077747130540474191e-02
9.096389770507812500e+00 4.832495042995864354e-02
9.097470283508300781e+00 5.712866533372090022e-02
9.111610412597656250e+00 2.523500073732678345e-02
9.111980438232421875e+00 1.300428299664667942e-01
9.112830162048339844e+00 8.279010989956506195e-02
9.129159927368164062e+00 2.528423803848593721e-02
9.130849838256835938e+00 1.821779900908289743e-02
9.135499954223632812e+00 5.017155706298500606e-01
9.135899543762207031e+00 9.852555188269182529e-02
9.142740249633789062e+00 5.192957619898335153e-01
9.145230293273925781e+00 2.755481114095355566e-01
9.147179603576660156e+00 6.704449709478240704e-01
9.147950172424316406e+00 1.030240702935585062e-01
9.150810241699218750e+00 5.746772673497757555e-02
9.153059959411621094e+00 5.279394096642756745e-02
9.154239654541015625e+00 8.364260164418463317e-03
9.154879570007324219e+00 6.410584020074901190e-02
9.158690452575683594e+00 2.353894955254054455e-02
9.162320137023925781e+00 9.876182933495363317e-03
9.163370132446289062e+00 7.630539690800759445e-01
9.164319992065429688e+00 4.308933252976031997e-02
9.174619674682617188e+00 9.189857398150970413e-02
9.175909996032714844e+00 6.597678799692097140e-02
9.178939819335937500e+00 3.991572038305618575e-02
9.197360038757324219e+00 9.302708053296562807e-02
9.210419654846191406e+00 1.934728833807484727e-01
9.218819618225097656e+00 2.189082420929148662e-02
9.222949981689453125e+00 6.480303105981261025e-02
9.223770141601562500e+00 4.124377780144405925e-03
9.224809646606445312e+00 3.997402018065031315e-02
9.231880187988281250e+00 6.449128067661208386e-02
9.234140396118164062e+00 8.682894632275968416e-02
9.236920356750488281e+00 3.226207250790333880e-01
9.280019760131835938e+00 8.877239639317538455e-02
9.302200317382812500e+00 5.300245363567189782e-01
9.315489768981933594e+00 3.024884856323026838e-01
9.331870079040527344e+00 7.933621093804088531e-02
9.347530364990234375e+00 8.163965836760737893e-02
9.354359626770019531e+00 1.929104510003905315e-02
9.356209754943847656e+00 1.843494714983657801e-01
9.356439590454101562e+00 4.978417891785075905e-02
9.362139701843261719e+00 6.960158490343594517e-02
9.362529754638671875e+00 4.667302532379184049e-02
9.364950180053710938e+00 2.061486570033164989e-01
9.365980148315429688e+00 3.812156081910006433e-02
9.368559837341308594e+00 5.017708543681058397e-02
9.370949745178222656e+00 2.748960543839968490e-02
9.372380256652832031e+00 6.052914534503822663e-02
9.378829956054687500e+00 1.021905530597175121e-01
9.380419731140136719e+00 8.033883377723383123e-02
9.381219863891601562e+00 3.601960791625608005e-02
9.384220123291015625e+00 1.976483663635308224e-02
9.401229858398437500e+00 4.201553701349070025e-02
9.403940200805664062e+00 1.054638966876583761e-01
9.415379524230957031e+00 2.247209142496042755e-02
9.441619873046875000e+00 5.449341448736209903e-02
9.450180053710937500e+00 1.545788370941996448e-01
9.455149650573730469e+00 1.651726511675620512e-01
9.479009628295898438e+00 3.300337871715603444e-01
9.495209693908691406e+00 2.582489578681429476e-02
9.504019737243652344e+00 1.349230505368514965e-01
9.506629943847656250e+00 2.772788098671176704e-01
9.507029533386230469e+00 1.300151230387078249e-01
9.508959770202636719e+00 5.505049375416847662e-02
9.517359733581542969e+00 8.337111938170312098e-02
9.517709732055664062e+00 6.816813160602294697e-02
9.528599739074707031e+00 2.469872625902386487e-01
9.541029930114746094e+00 1.634735091505819526e-01
9.549750328063964844e+00 7.705473898106038333e-02
9.555780410766601562e+00 2.137581767327767154e-02
9.557700157165527344e+00 5.249870243900787298e-02
9.560319900512695312e+00 1.130802438270689103e-01
9.572179794311523438e+00 5.120902187844218051e-02
9.572699546813964844e+00 4.444267283003293656e-01
9.573459625244140625e+00 8.620949240458300467e-02
9.574170112609863281e+00 5.399650666749022249e-02
9.574799537658691406e+00 5.722777078037245141e-02
9.575180053710937500e+00 6.181159996547265500e-02
9.583519935607910156e+00 3.103934667822838556e-01
9.592080116271972656e+00 1.500194051973370302e-01
9.601099967956542969e+00 6.029437969431987454e-02
9.604800224304199219e+00 2.489097413303235917e-02
9.608130455017089844e+00 5.649017193028057354e-02
9.613180160522460938e+00 5.788520010821039674e-02
9.613200187683105469e+00 3.718484167932681328e-02
9.615880012512207031e+00 1.308610877438684261e-01
9.616040229797363281e+00 7.744867882415039650e-01
9.622159957885742188e+00 8.107598710082808413e-02
9.628000259399414062e+00 1.092908469875794319e-01
9.640170097351074219e+00 1.945433494421264786e-01
9.658619880676269531e+00 1.238102329684746296e-02
9.662670135498046875e+00 9.645850826163723801e-02
9.673649787902832031e+00 4.730558785864420746e-02
9.680760383605957031e+00 9.355698570667763114e-01
9.682209968566894531e+00 1.277158458979615052e-01
9.687859535217285156e+00 2.576143295212521278e-01
9.690440177917480469e+00 8.538388337528060590e-02
9.696189880371093750e+00 1.600902749833606475e-01
9.713669776916503906e+00 1.021289755464834387e-01
9.716509819030761719e+00 1.155668800858626610e-01
9.720529556274414062e+00 9.453556423659197072e-02
9.722749710083007812e+00 2.096164057078941656e-01
9.724749565124511719e+00 3.602805066631789566e-02
9.726889610290527344e+00 2.083454507449290505e-01
9.729660034179687500e+00 4.297646894640646392e-02
9.730110168457031250e+00 7.549126602600185476e-02
9.739520072937011719e+00 9.403939536456654147e-02
9.742679595947265625e+00 1.756645302925291252e-01
9.745409965515136719e+00 9.057254111507362371e-02
9.751749992370605469e+00 1.118589158926136806e-01
9.755339622497558594e+00 4.117780898890943675e-02
9.771160125732421875e+00 2.020507829448820569e+00
9.772060394287109375e+00 2.238498276325353864e-01
9.783209800720214844e+00 9.908603853581371412e-02
9.783610343933105469e+00 1.844665331217586468e-01
9.794719696044921875e+00 1.735895705242992137e-01
9.795160293579101562e+00 1.326125786765745551e-01
9.799810409545898438e+00 4.277590701019200886e-02
9.812500000000000000e+00 2.850721643358875013e-01
9.846779823303222656e+00 5.900902105772546369e-01
9.847419738769531250e+00 1.289313287795183505e-01
9.850709915161132812e+00 3.236973115874883788e-01
9.867199897766113281e+00 1.458607146346583561e-01
9.881540298461914062e+00 1.046490059076021079e-01
9.890990257263183594e+00 1.248500916112891046e+00
9.911749839782714844e+00 7.647766854181907714e-01
9.932220458984375000e+00 8.624609421733486769e-02
9.933099746704101562e+00 2.199024120711726704e-01
9.933139801025390625e+00 2.377225051014528745e-01
9.938650131225585938e+00 9.945326072834010933e-01
9.941390037536621094e+00 6.440982002700667008e-01
9.941419601440429688e+00 1.012307927698561094e-01
9.946040153503417969e+00 1.017429517943605255e+00
9.953809738159179688e+00 1.954753618835209372e-01
9.955229759216308594e+00 5.557210987356610288e-02
9.957059860229492188e+00 1.264217007656084635e-01
9.959859848022460938e+00 1.762935927464081287e-01
9.963529586791992188e+00 1.498312147249366011e-01
9.963879585266113281e+00 9.681074152178889003e-01
9.970410346984863281e+00 9.209672596014182311e-01
9.972590446472167969e+00 4.287652908140909824e-01
9.974379539489746094e+00 1.394475912316071042e+00
9.975079536437988281e+00 3.854259021222591203e-02
9.975620269775390625e+00 1.093976613745156756e+00
9.976829528808593750e+00 5.991799722615477330e-01
9.980090141296386719e+00 2.946666183090334568e-01
9.986189842224121094e+00 1.711841197767762501e-01
9.998029708862304688e+00 2.045806304731354608e-01
1.000100040435791016e+01 2.049459989283448080e-01
1.001389980316162109e+01 2.090816176180701369e+00
1.002219963073730469e+01 2.057562536469028369e-01
1.003209972381591797e+01 4.508793623005619144e-01
1.003339958190917969e+01 3.630749455523905878e-02
1.003470039367675781e+01 1.534381648903734574e-01
1.004059982299804688e+01 2.988509236649909528e+00
1.004209995269775391e+01 6.430324943750249239e-03
1.005580043792724609e+01 2.182721744894774163e-01
1.006900024414062500e+01 3.591564619654899482e-01
1.007759952545166016e+01 1.330898689557562242e-01
1.010149955749511719e+01 8.293520849439629528e-01
1.010340023040771484e+01 8.230622942692810140e-01
1.010900020599365234e+01 7.388899496988968196e-02
1.011250019073486328e+01 6.919736218049570287e-01
1.011610031127929688e+01 3.121478044667883034e-01
1.011639976501464844e+01 1.220335068005544421e-02
1.012779998779296875e+01 1.761637437056207123e-01
1.012810039520263672e+01 1.606555985433579525e-01
1.012979984283447266e+01 1.919277861131372942e-02
1.013420009613037109e+01 4.186251916300174347e-01
1.014190006256103516e+01 1.208476996846060025e+00
1.014260005950927734e+01 8.518430867811698226e-01
1.014739990234375000e+01 3.216417063952966560e-01
1.016160011291503906e+01 1.055841762110737991e-01
1.016629981994628906e+01 9.305704568139780974e-01
1.017119979858398438e+01 1.050556708132944495e-01
1.017389965057373047e+01 9.316171105952122389e-01
1.018459987640380859e+01 3.578568899169341511e-01
1.018459987640380859e+01 1.112444043881745115e-01
1.018610000610351562e+01 1.641980201535557793e-01
1.018669986724853516e+01 4.946931391696364200e-01
1.018830013275146484e+01 3.990127403139697715e-01
1.018859958648681641e+01 8.361296248692620114e-01
1.019309997558593750e+01 5.380718601927291234e-01
1.019419956207275391e+01 3.034335940407967058e+00
1.020279979705810547e+01 6.238778143133510284e-02
1.020460033416748047e+01 1.790190482691597293e-02
1.021450042724609375e+01 2.511229500995746933e-01
1.023600006103515625e+01 1.217660412140045167e+00
1.024380016326904297e+01 7.155611529274015226e-01
1.024530029296875000e+01 1.044517640041314532e+00
1.025049972534179688e+01 6.705275738012459463e-01
1.026379966735839844e+01 6.505170351191513767e-01
1.026599979400634766e+01 7.988979994287980224e-01
1.026920032501220703e+01 1.864304029834955578e-01
1.027980041503906250e+01 2.939944989270459885e-01
1.028600025177001953e+01 6.317726283098223927e-01
1.029049968719482422e+01 2.914334364191718124e-02
1.030889987945556641e+01 3.995052783048376188e-01
1.031639957427978516e+01 1.432568454074839223e-02
1.033469963073730469e+01 2.278388238729950332e-01
1.033850002288818359e+01 7.346658027321473217e-01
1.034490013122558594e+01 1.189094185196416964e+00
1.035089969635009766e+01 1.694546332195543958e-01
1.036719989776611328e+01 3.220204703356132625e-01
1.037679958343505859e+01 5.605096920447431019e-01
1.038039970397949219e+01 3.646102189485287415e-01
1.038090038299560547e+01 5.428673166076175560e-01
1.039309978485107422e+01 3.155966919156933392e-01
1.040120029449462891e+01 4.127854052099048932e-02
1.040209960937500000e+01 2.638826150192716963e-02
1.041250038146972656e+01 2.859294432421832094e-02
1.043830013275146484e+01 6.154851883706559112e-01
1.043850040435791016e+01 1.744019341179637028e-01
1.046879959106445312e+01 1.626031402336615764e-02
1.047179985046386719e+01 4.949656011995642868e-02
1.047210025787353516e+01 7.390494591245853062e-01
1.047599983215332031e+01 1.233531092689547914e-02
1.052410030364990234e+01 3.231024850009484028e-02
1.186240005493164062e+01 3.983455667220415775e-01
1.187469959259033203e+01 9.784483544098349084e-02
1.193430042266845703e+01 1.001614596392130796e-02
1.194820022583007812e+01 2.724390104067025975e-02
1.195409965515136719e+01 3.008344260717167595e-02
1.196339988708496094e+01 7.974946897676766788e-01
1.197089958190917969e+01 1.532937371054959863e-02
1.197280025482177734e+01 3.669483588537338775e-02
1.199339962005615234e+01 2.643421513095065359e-02
1.199479961395263672e+01 4.713135188284091059e-01
1.199600028991699219e+01 1.994691376824526963e-02
1.201449966430664062e+01 9.004692937347128501e-01
