3.863173325856526508e-01 3.137850705801251694e-01
4.900016784667968750e-01 3.480649957578253045e-02
6.346536477406820032e-01 8.932309846326229319e-02
6.686727205912271765e-01 1.677768725900221150e-02
7.476376692454019812e-01 7.679629318490492906e-01
7.850013573964437219e-01 1.484771501522244019e-01
7.996482849121093750e-01 7.816416166280955036e-01
8.056739966074625281e-01 7.013319567915718422e-02
8.263163566589355469e-01 6.569564823590053892e-01
8.666713237762451172e-01 0.000000000000000000e+00
8.780233065287271765e-01 2.843869075903898702e-01
8.916506767272949219e-01 1.142099038699026625e+00
8.956850369771321985e-01 2.164781278657767333e-04
9.029860496520996094e-01 3.619089032201306400e-01
9.296882947285970422e-01 4.192038964061034489e-02
9.443326791127523157e-01 3.154923750935009763e-02
9.819993178049722937e-01 1.934728188798064963e-01
9.823282559712728235e-01 0.000000000000000000e+00
1.009355465571085686e+00 0.000000000000000000e+00
1.077664693196614509e+00 1.351833005441128131e-02
1.086323738098144531e+00 4.757710470307338069e-01
1.087975343068440681e+00 8.340942620103181104e-02
1.100681702295939202e+00 1.623291328244138914e-03
1.105331977208455330e+00 8.841679915455571415e-01
1.112652619679768806e+00 4.459213724800888401e-01
1.124671618143717522e+00 9.739959384621695894e-05
1.141339699427286858e+00 8.604517391884748401e-01
1.146998008092244392e+00 3.977569967044490284e-01
1.156978368759155273e+00 1.755387638312647658e-01
1.168661991755167717e+00 3.709189597989454024e-01
1.173327366511027092e+00 9.678374667640101681e-01
1.184323310852050781e+00 2.341407203725262287e-01
1.197344700495402092e+00 5.804045858166060334e-01
1.204346656799316406e+00 3.623667309517374369e-01
1.207660992940266853e+00 2.069759244325127256e-01
1.234327634175618416e+00 1.698477734122084415e-01
1.240342140197753906e+00 4.172216844167148664e-01
1.258692979812622070e+00 3.548013954797648029e-01
1.261332352956135994e+00 1.246071849682431010e+00
1.281325976053873772e+00 1.167412081325767126e-01
1.282649358113606697e+00 4.530726957855513160e-01
1.285332997639973884e+00 1.034596025644822920e-01
1.286640326182047600e+00 1.259719468709326676e-02
1.301324605941772461e+00 3.307010060635414556e-02
1.310351371765136719e+00 5.468990005814354793e-01
1.330303033192952400e+00 1.871226892772863692e+00
1.348696390787760491e+00 1.309324797665269324e+00
1.352679570515950447e+00 2.146739163514280457e-01
1.364340941111246819e+00 8.894420788263988908e-02
1.368004798889160156e+00 6.542950490647136963e-01
1.368992328643798828e+00 8.474749173650776568e-02
1.381636619567871094e+00 1.021437872714005213e+00
1.393656094868977791e+00 5.667306849859957696e-01
1.406645298004150391e+00 2.015147223905248697e-01
1.413316726684570312e+00 1.585979447819737057e-02
1.415000279744466072e+00 2.351287661388568595e-01
1.428353627522786384e+00 1.233310908446295207e+00
1.432699998219807869e+00 1.006775001475169296e+00
1.434315681457519531e+00 7.444842093983601583e-02
1.436022758483886719e+00 6.038433653970843862e-01
1.449985663096110100e+00 6.174473397151338493e-03
1.450337092081705803e+00 1.027432576464483160e+00
1.459651947021484375e+00 3.286753312807316751e-02
1.460340023040771484e+00 1.415202835384901936e-01
1.467685699462890625e+00 1.801516787837346811e+00
1.469008445739746094e+00 9.289554063818016016e-02
1.471322377522786384e+00 2.511224217583105656e-01
1.471672375996907478e+00 1.004979389484581764e+00
1.473674774169921875e+00 5.858254428823963383e-02
1.474338054656982422e+00 5.513035045875909201e-01
1.482336362202962166e+00 8.263613781096829092e-02
1.488005002339680916e+00 8.643543629615264567e-01
1.505316416422526116e+00 3.065128315392457448e-01
1.506650129954020256e+00 1.333254525297811743e-01
1.509993235270182366e+00 4.635600488246916506e-01
1.529676755269368416e+00 4.504100770621188854e-01
1.529678980509440178e+00 1.598711191208893823e+00
1.533963362375895256e+00 2.214155467585191273e-01
1.541336536407470703e+00 5.873953892344575822e-02
1.542340596516927009e+00 3.797172139138861868e-01
1.557665348052978516e+00 1.465416490349700715e-02
1.563006718953450447e+00 1.296404111986280361e+00
1.567668914794921875e+00 7.204993440176629127e-01
1.579993406931559319e+00 5.681128286120776805e-01
1.589336236317952400e+00 4.211659247356000502e-02
1.595011711120605469e+00 3.797874147309437953e-01
1.596677780151367188e+00 1.237521081713953280e-01
1.601347923278808594e+00 5.102444453032067839e-01
1.608376661936442131e+00 2.861353116664313578e-01
1.613018671671549553e+00 3.556485953946915135e-01
1.614336649576822991e+00 2.163803255608280074e-01
1.618350028991699219e+00 5.151340164540180178e-01
1.620659669240315681e+00 4.648870717601093216e-02
1.625322977701822991e+00 2.343404955201914830e-01
1.631328264872233147e+00 1.127748485777537758e-02
1.632667859395344978e+00 2.218007871773504738e-02
1.640334447224934822e+00 3.184327156757956190e-01
1.643333435058593750e+00 1.453198668856246822e+00
1.657037734985351562e+00 8.494208813228563645e-05
1.657331784566243416e+00 1.308733707254089718e-01
1.659317334493001228e+00 2.175018996335251475e-01
1.667318662007649666e+00 7.787369967892747713e-01
1.667996088663737053e+00 1.416571116295198829e-01
1.668003718058268303e+00 2.221941268344098386e-01
1.677029927571614509e+00 3.380471918621622551e-01
1.678616523742675781e+00 1.139029888930782192e-02
1.687674999237060547e+00 6.278869311675194798e-01
1.689324696858723884e+00 1.519250773589674863e-01
1.690993626912434822e+00 5.261117992119292153e-02
1.692973295847574944e+00 1.280966882925515735e-02
1.696689287821451897e+00 4.752196392620303134e-01
1.700346946716308594e+00 1.189426194414434368e-01
1.701975981394449944e+00 0.000000000000000000e+00
1.703316529591878181e+00 3.807492193587777574e-01
1.713993390401204353e+00 4.760408548182619159e-01
1.714683691660563225e+00 4.669120614895091448e-01
1.717660903930664062e+00 7.361013066191310905e-01
1.720000902811686272e+00 2.463342545019896190e-01
1.722676595052083259e+00 1.586412354557754228e-02
1.723035971323649163e+00 1.209012363235356380e-01
1.726323763529459709e+00 1.791690378074314860e-01
1.726328214009602791e+00 4.885575679573239682e-01
1.729310989379882812e+00 0.000000000000000000e+00
1.739971319834391350e+00 1.265595456857416812e-01
1.744003613789876228e+00 1.624433696388983828e-01
1.744348684946696038e+00 1.289031653072834516e+00
1.752662022908528572e+00 1.018675515552743827e+00
1.754345258076985603e+00 1.404992460547079158e+00
1.759336789449055916e+00 1.410765161837016467e-02
1.762669245402018303e+00 1.941881908611126084e-02
1.769680976867675781e+00 4.510563363286994656e-03
1.772335211435953850e+00 5.758352719132685954e-02
1.774654706319173103e+00 1.056165823236838996e-01
1.777330080668131584e+00 1.044664322018591940e-01
1.777973969777425056e+00 9.282448228567514725e-01
1.778677940368652344e+00 1.134527593087813202e-01
1.780363241831461663e+00 9.198286088639470170e-01
1.783672014872233147e+00 7.898344125821904829e-03
1.792668024698893303e+00 5.436878418105521860e-01
1.793670495351155525e+00 2.576415839742706715e-01
1.794696807861328125e+00 1.041104577686535304e+00
1.795353253682454353e+00 3.334646848110346395e-01
1.798329989115397209e+00 2.892059962384995742e-01
1.800690968831380134e+00 8.547169675104082653e-01
1.800976753234863281e+00 7.005285504176372857e-01
1.808002312978108650e+00 1.714990715674104826e-01
1.809319814046223884e+00 4.477247642693580887e-01
1.815672238667805916e+00 4.960356156587903964e-01
1.819964408874511719e+00 1.007532810344419216e+00
1.820003509521484375e+00 1.669812683574157242e-01
1.821009953816731697e+00 3.014536844300256035e+00
1.823003292083740234e+00 3.316653780806648744e-01
1.824663321177164788e+00 8.558467246732807121e-01
1.825656572977701897e+00 1.379480996553641425e-01
1.827025413513183594e+00 2.175638584039735868e+00
1.830026626586914062e+00 1.634078073487745586e+00
1.832979996999104744e+00 0.000000000000000000e+00
1.840326627095540291e+00 1.748308619135141351e+00
1.843652089436848884e+00 4.504365374251714793e-01
1.854319731394449944e+00 2.476661042456008932e+00
1.855663299560546875e+00 2.558078736233801442e-01
1.859659671783447266e+00 3.575013748360702515e-01
1.860326925913492913e+00 1.722405297975848071e-01
1.864319960276285881e+00 1.983493863434633742e+00
1.867317040761311775e+00 1.175654619816898505e-01
1.868673324584960938e+00 8.337191057192786525e-01
1.876981099446614509e+00 1.737288856910716717e-01
1.877986749013264900e+00 2.807745622470638747e-01
1.880006949106852288e+00 0.000000000000000000e+00
1.887010097503662109e+00 3.133806111662552213e-02
1.889652252197265625e+00 2.715561150157901338e-01
1.891969998677571541e+00 4.100708606490047095e-04
1.891973336537678962e+00 3.169156637560033990e-02
1.898990948994954353e+00 8.714185421101117157e-02
1.899020036061604744e+00 1.072456443623044792e-01
1.901648680369059319e+00 7.133882125998631807e-01
1.903353373209635491e+00 5.999198372282258385e-01
1.905677000681559319e+00 8.034785888668121157e-01
1.905994733174641853e+00 1.795131955845502780e+00
1.907327016194661384e+00 3.657933551806887701e-02
1.927310625712076897e+00 1.449307193503664326e+00
1.939303716023762947e+00 1.782831162072265330e-02
1.940336068471272712e+00 0.000000000000000000e+00
1.941678365071614509e+00 1.473661745465928430e+00
1.948674360911051506e+00 5.513261318646445197e-01
1.967693328857421875e+00 8.321351173472331109e-01
1.968316078186035156e+00 5.846348007613402231e-01
1.970991770426432366e+00 3.163222962508595998e-02
1.973307609558105469e+00 2.608372803387032923e-01
1.974980036417643303e+00 1.790587024168864838e-01
1.977356592814127678e+00 5.135888391527239083e-01
1.979352633158365959e+00 1.420396702261899513e+00
1.980310281117757087e+00 2.059125267259720171e-01
1.991646925608317131e+00 3.271393534449256735e-01
2.004010041554769028e+00 1.011918812850748361e-01
2.007008711496988784e+00 7.120094926882617470e-01
2.007331689198811997e+00 5.020930791006904259e-02
2.011659304300943862e+00 6.610684468702858751e-01
2.011679967244466294e+00 2.131104977082511898e+00
2.012326558430989731e+00 6.238980333055154093e-01
2.016656557718912612e+00 1.600703457886172298e+00
2.021026293436686050e+00 1.108121304086074455e+00
2.021343231201171875e+00 1.226611133354960775e-02
2.029040018717447769e+00 8.025081512396239347e-01
2.030979951222737778e+00 6.154467821975810882e-01
2.041003704071044922e+00 7.640391593609816567e-01
2.044309933980306138e+00 9.398878474654479565e-01
2.046322663625081528e+00 6.531728142348298559e-05
2.046679973602294922e+00 2.859520017873172226e-01
2.049976666768392075e+00 3.428025478861843056e-01
2.050997575124104966e+00 7.493098800631739498e-02
2.055659929911295425e+00 2.874831128904700717e-01
2.055993715922037612e+00 7.965001798910813502e-01
2.059026082356770981e+00 8.163512502774791790e-03
2.059656620025634766e+00 2.758424848260149775e-01
2.060372352600097656e+00 2.663790929776054250e-01
2.064029693603515625e+00 1.281591371258651524e+00
2.068640391031900894e+00 2.002980789891937174e-01
2.069299062093099106e+00 2.535397727595931419e-02
2.076653480529785156e+00 2.006441249081655775e-01
2.078020413716634263e+00 1.091317117325611881e-02
2.078667004903157700e+00 2.916604912085919432e-01
2.081330617268880356e+00 1.946680347382045095e+00
2.085016568501790513e+00 4.016335345362468390e-01
2.090003331502278794e+00 7.873419294489764075e-02
2.093636671702066909e+00 2.889778680091300567e-01
2.094334920247395981e+00 4.641316070682797307e-02
2.099662462870279800e+00 1.556438876336855071e+00
2.100999991099039566e+00 1.175884616702700836e+00
2.103348731994628906e+00 6.245796739948278331e-01
2.105643908182779800e+00 1.113251822386917667e+00
2.109670639038085938e+00 4.816333638239314041e-01
2.110326766967773438e+00 6.925976350458067365e-01
2.112335840861002456e+00 2.750868437445438876e-03
2.114340305328369141e+00 1.593047803070728463e-01
2.120683352152506362e+00 3.333885894358889351e-02
2.122656663258870591e+00 9.839721033228241431e-01
2.127654075622558594e+00 8.761288568493863504e-02
2.128696759541829575e+00 4.535705671406526918e-01
2.129329363505045425e+00 2.698548967093552034e-02
2.130001862843831528e+00 6.625537338160305545e-01
2.137993494669596206e+00 1.594852283483363387e+00
2.151031970977783203e+00 1.400026763310250333e+00
2.152314345041910659e+00 0.000000000000000000e+00
2.152676741282145034e+00 9.380994907293822571e-01
2.154309590657552231e+00 5.177452340935661569e-04
2.158016522725423325e+00 1.768491511610156275e+00
2.166008949279785156e+00 1.941014694296658849e-01
2.166639963785807144e+00 5.112737437008570973e-01
2.171343485514322769e+00 3.789820843114066751e-02
2.176996548970540513e+00 5.897482475223499998e-01
2.178660392761230469e+00 2.472140100237383009e-01
2.179995536804199219e+00 6.289002160286248644e-02
2.180320739746093750e+00 7.131011637438584849e-02
2.185310045878092300e+00 1.903274171442029816e-01
2.186646779378255356e+00 9.513689275601459050e-01
2.193710962931314956e+00 3.257602232646020224e-01
2.198990027109781753e+00 1.625573444671969681e-01
2.201656023661295425e+00 1.821438045615108303e-01
2.202018102010091294e+00 1.626045092485141730e+00
2.203006744384765625e+00 6.392186961787337252e-01
2.203343232472737778e+00 1.401273468931233945e-01
2.209976514180501450e+00 1.137773221899546217e+00
2.212999025980631362e+00 7.129976058294876795e-01
2.213328679402669419e+00 4.951711087974653980e-01
2.221326669057210434e+00 1.291538369315167190e-01
2.222653706868489731e+00 1.504627385326913203e+00
2.223633925120035659e+00 5.159191411947414707e-01
2.232340176900228013e+00 2.422359205255236736e-02
2.233334700266520034e+00 9.803860985015827589e-02
2.235648314158121597e+00 1.319254235298543687e+00
2.236333370208740234e+00 1.648629425852811137e-01
2.237013181050618638e+00 1.816551065917841878e-01
2.237668991088867188e+00 1.074937623452292934e+00
2.239020347595214844e+00 1.892867799193799772e-01
2.239647865295410156e+00 6.089697372811589959e-01
2.251330057779947769e+00 0.000000000000000000e+00
2.255315621693929184e+00 9.935241850698697808e-02
2.257353464762369644e+00 1.494363501309907971e-01
2.258330980936686050e+00 9.036595215086901112e-01
2.258976618448893081e+00 2.084328611401974340e-01
2.259050051371256362e+00 2.259867267566314786e-01
2.260666529337564956e+00 4.877746877833400441e-01
2.260703722635904800e+00 5.459698302868109393e-02
2.269966761271158706e+00 0.000000000000000000e+00
2.275996526082356919e+00 1.476172006553920557e+00
2.276654243469238281e+00 6.924960586186759692e-02
2.278322060902913559e+00 7.761681634984559652e-01
2.278347969055175781e+00 2.241353453966002385e-01
2.282670021057128906e+00 5.911040078211329263e-01
2.285976727803548325e+00 1.178854338041015470e+00
2.287001927693685044e+00 6.555531902590065046e-03
2.288659731547037612e+00 6.316116881695916785e-01
2.291680177052815903e+00 1.791243624563517156e-01
2.296330134073893081e+00 2.733917384241026927e-01
2.297963778177896987e+00 5.119719814468350894e-01
2.303020000457763672e+00 1.866575617394933620e-02
2.305647373199462891e+00 3.481558371614652814e-02
2.306976636250813950e+00 1.469985013280652175e-01
2.310707410176595200e+00 4.279003703812091497e-01
2.311000029246012222e+00 1.108299094966012976e+00
2.315659840901692856e+00 9.556612137338377222e-02
2.317666689554850112e+00 1.026394724932027241e-01
2.319019953409830581e+00 3.955253270702662749e-01
2.319990634918212891e+00 1.205591895236375749e-01
2.319994926452636719e+00 6.388114513765620617e-02
2.321643352508544922e+00 9.833411985622655949e-02
2.324013392130533706e+00 1.413724323007604367e-01
2.324643452962239731e+00 1.841056265586732688e-01
2.329664548238118638e+00 2.785980155197956276e-01
2.331323305765787612e+00 1.054093173726057819e-01
2.333323319753011216e+00 1.649319492286207556e-01
2.336650053660074722e+00 2.201628756994781014e-02
2.339667002360025894e+00 1.423475512841279322e-01
2.340670267740885269e+00 1.189315170973724189e+00
2.343359947204589844e+00 4.652724256156105520e-01
2.344668388366699219e+00 2.248603131204538752e-01
2.345986684163411606e+00 1.389722190577590499e+00
2.346323172251383316e+00 7.661019096305857756e-01
2.346993446350097656e+00 8.480663887278404589e-01
2.347351392110188950e+00 6.839696914192673963e-03
2.351668357849121094e+00 2.131466040454322308e-01
2.361989974975585938e+00 2.579595360189816389e-01
2.362632910410563003e+00 1.248091588847237560e-01
2.365673383076985825e+00 1.500227673969388054e+00
2.366007645924886216e+00 8.588852912309623278e-02
2.366993268330892075e+00 2.377046313857657522e-01
2.373322963714599609e+00 5.073789412928701725e-02
2.379007657368978013e+00 3.889654014600197884e-01
2.381303310394287109e+00 2.331800003201610350e-02
2.386023362477620591e+00 8.741442364074383797e-02
2.387996673583984375e+00 2.527555080859518188e-01
2.391330083211263169e+00 1.208587502763133203e+00
2.393665313720703125e+00 8.417052396661818536e-02
2.393680095672607422e+00 2.302556686220755613e-02
2.393693288167317856e+00 4.033240057103074094e-01
2.395675023396810044e+00 2.591117795171964389e-01
2.398686726888020981e+00 1.178811984972467641e+00
2.413679281870523941e+00 3.190582138313872718e-01
2.414996782938639175e+00 2.957583842050227618e-01
2.417651335398355972e+00 2.607055485094924130e+00
2.424317042032877456e+00 1.075821950000824603e-02
2.427000045776367188e+00 8.929206873676630574e-01
2.430023193359375000e+00 5.022888137225397509e-01
2.435973644256591797e+00 1.045012880282886053e-01
2.440686702728271484e+00 2.332658275352793020e-01
2.452701250712076675e+00 9.627191422826472111e-01
2.457306543986002456e+00 5.252084798055549619e-01
2.458326657613118638e+00 3.291808146846067484e-01
2.459659735361734878e+00 1.693385001486543695e+00
2.466686566670735825e+00 1.354963833748979551e+00
2.467310110727945816e+00 9.296070480887628218e-01
2.471016724904378403e+00 1.039747550146768789e-03
2.473023414611816406e+00 3.393551242812843927e-01
2.477348009745279800e+00 3.781788681010789799e-01
2.479316711425781250e+00 8.505124049433409050e-01
2.480663299560546875e+00 5.955376283190049191e-01
2.490012645721435547e+00 7.189435526341504401e-01
2.491653283437093247e+00 0.000000000000000000e+00
2.494329929351806641e+00 1.758049778589345635e-01
2.496009190877278794e+00 1.671895950711451251e+00
2.496693293253580581e+00 2.189258771009910606e-02
2.499329884847005356e+00 1.275843092917760435e+00
2.500366687774658203e+00 1.834519014319427432e+00
2.504639943440755356e+00 1.177362384953828250e-01
2.505332946777343750e+00 3.058228562540188933e-01
2.505689938863118638e+00 2.828771727685311377e-02
2.507673263549804688e+00 1.188184512407974430e-01
2.508680025736490737e+00 1.344215179670777416e-01
2.510653177897135269e+00 1.464724103191011872e+00
2.514306704203287612e+00 5.051711828205403959e-02
2.514340082804361831e+00 1.509620898802004896e-01
2.514673233032226562e+00 1.753681562626250856e-01
2.517663637797037612e+00 5.298507121893153426e-02
2.519660949707031250e+00 1.217842411135999336e+00
2.520018259684244644e+00 2.062162129176469683e-01
2.522679964701334487e+00 2.045560342689954625e-02
2.525683403015136719e+00 1.490078176850403668e+00
2.526665051778157700e+00 2.251281316257068565e-01
2.527966658274332534e+00 1.155941323484060840e-01
2.529006004333496094e+00 1.201503136675624861e-01
2.531023343404134263e+00 8.905573066968263118e-01
2.535010019938150894e+00 1.081332221053502886e-02
2.537023226420084487e+00 1.249320930013560343e-01
2.538333415985107422e+00 4.241085190199567895e-02
2.542993227640787612e+00 1.296415854823308234e+00
2.546990076700846206e+00 1.233786457330293511e-02
2.548010031382242691e+00 9.111787611246271457e-01
2.550653298695882309e+00 1.387228852746984931e+00
2.552327950795491684e+00 1.231850721149783771e-02
2.553007602691650391e+00 3.795069553779221172e-01
2.556334018707275391e+00 3.820069091744159318e-01
2.562690099080403794e+00 1.621133544348746236e-01
2.568019707997640122e+00 0.000000000000000000e+00
2.568303426106770981e+00 1.260529769794598021e-01
2.568333148956298828e+00 3.260722176394101890e-01
2.569300015767415513e+00 1.266285483777516985e-01
2.571656703948974609e+00 2.055979325956318049e-01
2.572983423868814956e+00 8.793270648013305074e-03
2.581000010172525894e+00 1.497433481339724759e+00
2.581306616465250503e+00 5.319654745869535351e-01
2.584993998209635269e+00 8.891527494717608171e-01
2.588012695312500000e+00 0.000000000000000000e+00
2.590994675954183091e+00 7.494074048406379474e-02
2.593653361002604019e+00 4.788871742225604689e-02
2.595349947611490737e+00 1.080019647445473567e-02
2.595353921254476059e+00 2.945415727669948303e-01
2.597003300984700669e+00 1.229462368770705583e+00
2.599666754404703628e+00 2.339704789326880752e-01
2.604673385620117188e+00 9.778981983864123984e-02
2.604979991912841797e+00 7.856484191790757965e-01
2.619683265686035156e+00 2.866346680523308987e-01
2.620001475016275894e+00 2.259283238184560894e+00
2.623003323872884263e+00 5.605256030491508057e-02
2.626675287882486831e+00 1.613317397701287959e-01
2.638663291931152344e+00 3.525302036277078166e-01
2.641345659891764175e+00 4.365728082571124768e-01
2.643329938252767075e+00 4.125811093032226429e-02
2.646996339162190903e+00 5.021600051729383507e-01
2.648979822794596206e+00 3.900469618712461978e-02
2.649663289388020981e+00 9.127252568207233629e-02
2.657320022583007812e+00 1.169032971326318116e-01
2.657339890797933091e+00 1.330899803818495070e-02
2.663329919179280747e+00 1.175959528314182712e-01
2.663669904073079575e+00 1.234257731678063165e-02
2.664993286132812500e+00 5.804789960776767233e-01
2.666676521301269531e+00 4.559549182979546478e-01
2.668368975321451675e+00 6.064822134093716260e-03
2.669326782226562500e+00 4.736836379568243327e-01
2.669989267985025894e+00 9.296995346066129484e-03
2.672624270121256362e+00 1.038094347250966137e-01
2.674014091491699219e+00 2.203065694199108915e+00
2.677650451660156250e+00 5.725486371310823941e-01
2.679320017496744644e+00 1.004063276388200476e+00
2.682646751403808594e+00 4.479024638066067543e-01
2.685010910034179688e+00 3.996929431548122968e-01
2.686006546020507812e+00 1.008727346326489110e-01
2.686352411905924331e+00 4.306668234397702522e-01
2.688302993774414062e+00 4.523576780503813649e-02
2.692676544189453125e+00 1.252272752632020314e+00
2.695986747741699219e+00 1.107677659122047464e-01
2.697010040283203125e+00 2.921711444575142771e-02
2.705350240071614731e+00 2.693867206379316204e-01
2.708679835001627456e+00 2.249897684998539149e-02
2.716315269470214844e+00 1.461216682185954907e+00
2.716328938802083481e+00 2.831160371816056620e-01
2.718296686808268081e+00 8.636931319208204227e-01
2.724309921264648438e+00 3.467489115082003637e-01
2.739989916483561050e+00 5.217734966268356978e-01
2.740673065185546875e+00 4.707299052039729537e-01
2.740999857584635269e+00 1.748530092323082430e+00
2.742336591084798325e+00 1.284693697622475185e-02
2.745010375976562500e+00 7.023327010956433858e-01
2.750331878662109375e+00 0.000000000000000000e+00
2.750361442565917969e+00 5.831808956128661237e-01
2.752023379007975112e+00 1.146944041751121190e-01
2.752691268920898438e+00 4.970939304800938568e-02
2.761662165323893081e+00 1.018654328827024447e+00
2.766653378804524888e+00 2.003127204750638213e-01
2.769326527913411606e+00 3.268669787296569346e-02
2.773663202921549331e+00 2.990758501217679055e-01
2.773686726888020981e+00 1.375755927180097316e-01
2.777033487955729019e+00 2.594263962682152175e-03
2.778629620869954575e+00 3.398060779942262966e-01
2.780337015787760269e+00 9.955140316887999691e-03
2.789336522420247544e+00 1.099762991204052964e-01
2.790316581726074219e+00 7.926564050201080625e-02
2.790633519490560044e+00 2.087182980275607835e-01
2.793653170267740737e+00 1.242321896821735328e-01
2.793983459472656250e+00 2.239931089644796869e-01
2.794343312581380356e+00 1.297138010909085204e-01
2.796000162760416519e+00 1.947130025639127737e-01
2.797663370768229019e+00 1.200821645110857622e-02
2.798006693522135269e+00 3.858197829974552850e-01
2.799313227335611831e+00 2.084385126330314530e-01
2.799663225809732925e+00 1.063615564406193564e-01
2.803316752115885269e+00 4.204698772338106433e-03
2.806660016377767075e+00 3.477497549825128709e-01
2.818336486816406250e+00 2.417972374747674041e-02
2.820677439371744644e+00 1.489422033530094724e+00
2.823679924011230469e+00 1.391703855343494160e-02
2.825993220011393081e+00 3.891036488644363245e-01
2.830348968505859375e+00 6.496580970358024620e-01
2.831673304239908706e+00 7.354890011290632357e-01
2.838636716206868638e+00 1.308732918434185599e-01
2.843329747517903794e+00 3.797357307052962594e-01
2.844326655069986831e+00 1.138521343372959072e+00
2.847993214925130356e+00 3.908774156700564042e-04
2.848333358764648438e+00 1.182029777604531873e+00
2.859033266703287612e+00 1.736804677773263750e-01
2.861673355102539062e+00 1.706867399479074232e-01
2.861983299255371094e+00 1.116148037437518364e-01
2.864306767781575669e+00 8.966533503223551860e-02
2.866979916890462388e+00 9.405041872132551273e-01
2.869296391805013169e+00 7.297976151095743325e-02
2.878346761067708481e+00 4.831127202007239885e-01
2.882313410441080581e+00 2.748690486203157757e-02
2.883330027262369644e+00 5.123023820286878305e-01
2.884300867716471206e+00 9.986930009025565824e-02
2.888303438822428237e+00 9.407729244936398061e-01
2.888306617736816406e+00 3.430588044368337308e-01
2.889364242553710938e+00 0.000000000000000000e+00
2.894016583760579575e+00 5.945212669460351318e-01
2.894996643066406250e+00 1.502997909255195386e-01
2.897683461507161606e+00 5.818569736343662258e-02
2.907003402709960938e+00 3.574843277438943812e-01
2.908330917358398438e+00 2.624856220990893441e+00
2.908996582031250000e+00 1.005248106575765410e-01
2.914000193277994644e+00 1.091984535373193177e+00
2.914006551106770981e+00 2.104261176544164336e-01
2.914700826009114731e+00 4.683346500724393929e-02
2.924676895141601562e+00 1.120022431256499362e-01
2.925319989522298325e+00 2.620965297693682028e-01
2.931659380594889175e+00 1.591399658440249224e-03
2.934353192647298325e+00 1.622656973011395443e-01
2.935993512471517075e+00 4.066269752048282116e-01
2.936636606852213394e+00 2.023921677190829715e-01
2.936970074971517075e+00 3.581875814202604147e-01
2.937346776326497544e+00 1.247383055992567158e+00
2.941320101420084487e+00 7.389398963852875646e-01
2.944676717122395981e+00 2.175496157763370797e-01
2.945006688435872544e+00 7.392493753159000858e-04
2.945647239685058594e+00 4.045081541224219979e-02
2.947303136189778794e+00 3.910749020513333563e-02
2.948010126749674331e+00 1.328797265831375141e-01
2.949023564656575669e+00 2.540305324762662847e-05
2.949029922485351562e+00 1.995546251774399094e-01
2.949306488037109375e+00 1.663506011777637905e-01
2.951982498168945312e+00 1.860750966213410074e+00
2.953359921773274888e+00 9.263399658834869932e-02
2.954983393351236831e+00 4.997235884711861975e-01
2.956632932027181138e+00 8.890161413046336614e-02
2.960676829020182144e+00 1.150743838134524744e-01
2.961998303731282700e+00 2.282416833367342524e-01
2.965670267740885269e+00 0.000000000000000000e+00
2.966679890950520981e+00 3.860685792146033024e-01
2.967690149943033706e+00 5.366108190371950970e-01
2.968000094095865737e+00 2.106585485362775512e-01
2.968995094299316406e+00 7.917628308715368712e-02
2.979680061340332031e+00 7.748385262304878507e-02
2.979979832967122544e+00 2.016410544596132226e-01
2.982643127441406250e+00 1.110867418510133875e-01
2.986316680908203125e+00 1.675864257389656289e-02
2.991350173950195312e+00 2.258572285756583753e-01
2.999963442484537612e+00 1.620010405475748871e-01
3.022679964701334487e+00 3.025537597128017953e-01
3.023010253906250000e+00 1.499633410282510786e-02
3.024996757507324219e+00 4.017476533151935203e-01
3.027352015177408706e+00 8.022058405096427203e-01
3.035362561543782700e+00 5.123292509623704992e-03
3.036333401997884263e+00 0.000000000000000000e+00
3.038686752319335938e+00 1.928958689756703759e-01
3.042666753133138169e+00 1.078160054965475595e-01
3.045989990234375000e+00 3.154268777335807877e-02
3.049696604410807144e+00 3.162465855404070769e-01
3.050629933675130356e+00 4.171020640530088142e-01
3.051683425903320312e+00 5.206603356090191426e-01
3.058979988098144531e+00 1.571813735122159494e-01
3.059649785359700669e+00 7.125111102378791639e-01
3.061956723531087388e+00 2.850008779226244071e-01
3.063986460367838394e+00 1.672931976499562878e-01
3.064659118652343750e+00 2.530909261659050058e-01
3.066336631774902344e+00 7.839635484937592658e-01
3.069329897562662612e+00 1.070976435454080028e-01
3.069993336995442856e+00 3.199816004926553381e-01
3.074010213216145981e+00 0.000000000000000000e+00
3.074326515197753906e+00 2.780644531970533628e-01
3.080343246459960938e+00 1.067667521283287124e+00
3.081026713053385269e+00 1.463481196282480357e-01
3.083983103434244644e+00 7.996724624088866196e-02
3.085993448893229019e+00 1.144197494983950403e+00
3.086656570434570312e+00 2.468997148414798504e-01
3.091016769409179688e+00 2.859363230668492961e-01
3.099659919738769531e+00 1.560158545826129950e-01
3.099665323893229019e+00 1.310963192503776797e-01
3.101640065511067856e+00 6.619062680379958312e-03
3.105996767679850112e+00 7.722061998437697306e-02
3.106000264485677231e+00 8.536094393452774848e-03
3.113019943237304688e+00 8.810298560666984802e-01
3.116661071777343750e+00 4.216266760019836413e-02
3.120679855346679688e+00 3.072813508608768923e-02
3.122639973958333481e+00 8.966915934234405139e-01
3.126326878865560044e+00 1.647596940897453066e-01
3.127326647440592300e+00 1.399245590116514337e-01
3.127983411153157700e+00 1.673048341866613387e-01
3.130313237508138169e+00 3.895748577516252587e-01
3.133000055948893081e+00 2.328714307181365961e-01
3.145323435465494644e+00 9.231637763611191261e-01
3.151346524556478013e+00 7.246509771486437934e-01
3.155323346455892075e+00 2.814375363349005607e-02
3.155661265055338394e+00 5.897226603258115540e-02
3.155993461608886719e+00 8.297720224040236459e-02
3.156326611836751450e+00 4.797225071743328739e-02
3.163332939147949219e+00 1.023928229264079004e+00
3.163972854614257812e+00 1.675256418497423141e-02
3.165339787801106919e+00 3.297098831262477991e-02
3.165974299112955581e+00 1.021145549997335977e-01
3.175676345825195312e+00 6.384796346825621915e-02
3.182003339131673325e+00 9.849892487640068417e-01
3.182333310445149888e+00 6.613282676928348147e-01
3.184986750284830581e+00 1.578135792957402916e+00
3.186685244242350112e+00 1.572481941523056204e-01
3.193629900614420425e+00 6.540899969398074332e-02
3.196646690368652344e+00 5.390757614659506813e-02
3.196996688842773438e+00 2.646573007098794172e-01
3.199339866638183594e+00 2.336175663127689622e-02
3.213035106658935547e+00 2.635599468386196076e-01
3.221646626790364731e+00 6.209382686111746680e-04
3.222326596577962388e+00 9.009261605482961344e-02
3.231326738993326675e+00 1.128642624695439300e+00
3.233026504516601562e+00 8.468020058606768874e-01
3.243633270263671875e+00 1.331478374259341957e-01
3.243652661641438950e+00 3.768822185095732635e-02
3.247660319010416519e+00 8.686500088080890691e-01
3.261996587117513169e+00 8.291403364525730124e-01
3.266656875610351562e+00 1.592569024401960937e-02
3.267976760864257812e+00 6.243909869253684575e-02
3.272333463033040513e+00 2.062212415741997151e-03
3.275683085123697769e+00 1.490454693902318051e-01
3.278646469116210938e+00 1.007474248998746907e-01
3.279329935709635269e+00 1.387930220325234998e-01
3.281978289286295425e+00 6.175604144959820907e-01
3.283993403116861831e+00 1.419415719992569991e-01
3.288016637166341294e+00 1.311636686476629066e-01
3.294010162353515625e+00 1.458955621540125314e-01
3.298676808675130356e+00 3.745512362535586837e-01
3.299333572387695312e+00 1.254354869080790136e-01
3.312619845072428237e+00 1.510903881852998509e-01
3.331319808959960938e+00 1.731726148865941894e+00
3.350996653238932144e+00 2.054184390848647068e-01
3.357033411661783706e+00 2.314076093040962623e-01
3.358663241068521987e+00 9.449098297917220002e-01
3.362326939900716294e+00 2.175267260354126764e-01
3.366666793823242188e+00 8.304269204936562954e-01
3.374320030212402344e+00 3.491340591468831689e-01
3.387306531270345200e+00 4.420741231150193337e-03
3.387656847635904800e+00 5.206690371446103249e-01
3.390676816304524888e+00 6.520152008066812388e-02
3.394680023193359375e+00 6.650303311915818361e-01
3.405693054199218750e+00 0.000000000000000000e+00
3.415006637573242188e+00 6.247217266069839126e-02
3.419683138529459487e+00 1.631657396597901433e-01
3.420003255208333481e+00 3.445444628412250299e-02
3.420690536499023438e+00 1.338275235305497468e-01
3.436663309733072769e+00 4.047803415985713055e-02
3.442343393961588394e+00 4.766199080512044384e-02
3.443013191223144531e+00 4.352611706361364519e-02
3.462989807128906250e+00 1.084655984898998463e-02
3.476350148518880356e+00 3.455207400034543963e-01
3.488666852315267075e+00 7.314384143626678769e-02
3.489306449890136719e+00 6.356525689999519280e-01
3.492672920227050781e+00 4.551560866557124797e-06
3.492973327636718750e+00 4.705443579899490358e-01
3.504683494567871094e+00 1.278292008865486995e-01
3.506346702575683594e+00 1.833562983159560010e-03
3.508020083109537612e+00 5.990653850638572725e-02
3.514023462931314956e+00 7.369804981631185390e-04
3.521023432413736831e+00 3.210859477967997200e-01
3.538333257039388169e+00 1.475786358505446205e-01
3.547309875488281250e+00 1.427455820944462384e-01
3.547663370768229019e+00 7.152702610281497231e-02
3.553333282470703125e+00 5.491537593958946140e-01
3.559000015258789062e+00 3.300977561900913376e-02
3.564353307088216294e+00 8.434768037234812166e-01
3.564673105875650894e+00 1.934893561853765487e+00
3.569003423055013169e+00 6.081855973571786977e-02
3.573320070902506362e+00 2.394024693602699733e-02
3.574663162231445312e+00 2.405946131687676237e-01
3.585666656494140625e+00 3.222539142461043615e-02
3.591656366984049331e+00 1.038192956868847494e+00
3.599663416544596206e+00 6.034487310172682584e-01
3.600009918212890625e+00 2.325345250919716444e-01
3.600339889526367188e+00 2.736075988723301600e-01
3.600673675537109375e+00 1.237572559471618316e-02
3.600680033365885269e+00 2.139119364568026760e-01
3.610986709594726562e+00 5.452536245756155892e-03
3.612349828084310044e+00 9.457066060873638991e-01
3.612983385721842300e+00 1.033956148873033526e-01
3.622343381245931138e+00 6.992980897372436111e-01
3.622976620992024888e+00 3.454263315993572614e-01
3.629336675008138169e+00 0.000000000000000000e+00
3.633337020874023438e+00 5.851232402413212297e-01
3.637313206990560044e+00 1.836434859713859669e-01
3.646677017211914062e+00 8.373231836411879625e-01
3.650676727294921875e+00 2.437757440848085932e-02
3.653340021769205581e+00 3.721412122523966581e-01
3.657986640930175781e+00 8.062348472104280406e-01
3.664329846700032700e+00 3.300799018992132128e-01
3.667323430379231919e+00 5.844642207584083149e-02
3.668016433715820312e+00 2.089327325677054481e-01
3.674330075581868638e+00 2.395114814656116101e-02
3.685973485310872544e+00 4.362872299390138653e-02
3.687003135681152344e+00 1.326006637753325279e-01
3.697010040283203125e+00 1.039728904671671117e+00
3.706996599833170425e+00 1.148257922897613983e-02
3.724020322163899888e+00 0.000000000000000000e+00
3.730000178019205581e+00 2.841753125144268893e-02
3.730990091959635269e+00 6.753831008513915268e-01
3.738656679789225112e+00 1.026786487342475462e+00
3.765996615091959487e+00 0.000000000000000000e+00
3.770363489786783706e+00 3.755034132483599518e-01
3.775003433227539062e+00 1.147137913163486900e+00
3.776656468709310044e+00 0.000000000000000000e+00
3.776993433634439956e+00 4.398691568674767960e-01
3.778343200683593750e+00 1.783278895013029608e-01
3.782013575236002456e+00 1.318942513437976194e-02
3.786359786987304688e+00 2.267108783077285278e-02
3.798003514607747544e+00 7.138433481346682929e-02
3.806339899698893081e+00 3.768843592001209792e-03
3.807663281758626450e+00 5.944020660391979155e-02
3.830979983011881362e+00 3.727734145838786928e-01
3.837973276774088394e+00 5.588831070423494474e-02
3.855686823527018081e+00 9.441170292093123972e-01
3.859323501586914062e+00 1.751694943629369616e+00
3.886673291524251450e+00 1.021252951269197295e-01
3.888016700744628906e+00 1.387028544392318770e-02
3.890996932983398438e+00 7.174880736660333991e-01
3.897319793701171875e+00 1.838656980421941034e-01
3.902003288269042969e+00 3.798954831693025780e-02
3.954659779866536606e+00 3.614825721854740825e-01
3.979703267415364731e+00 5.533275385844586003e-01
3.991956710815429688e+00 8.076312810966791711e-02
4.001020113627116181e+00 9.622630655269889255e-01
4.010346730550129912e+00 2.703687005230119844e-01
4.015983263651530244e+00 2.587264365791424048e-01
4.029019673665364287e+00 0.000000000000000000e+00
4.145680109659831025e+00 9.612934655195363165e-01
4.162339846293131806e+00 2.479814937955279047e-02
4.212029774983723662e+00 2.635599468386196076e-01
4.253326733907063506e+00 1.246763291774933557e-01
4.255990028381347656e+00 1.411838835929532243e-01
4.272663116455078125e+00 1.017969398494846356e+00
4.281323115030924775e+00 9.992175859256567927e-01
4.330663363138834931e+00 2.730452964655265991e+00
4.346993446350097656e+00 5.025655397003998132e-02
4.380330085754394531e+00 7.653183438157884488e-02
4.434663136800129912e+00 1.007323291323168446e+00
4.462333679199218750e+00 4.340401220537128124e-02
4.568306605021159150e+00 6.009094102582017427e-02
4.600660006205241181e+00 3.754693577995148468e-01
4.700660069783528350e+00 1.328161623567032656e-01
4.716009775797526338e+00 1.785070836880028183e-02
4.720637003580729463e+00 2.702339042507961864e-02
4.747313181559245088e+00 1.396859019221749376e+00
4.785996754964192412e+00 6.678617575824600250e-01
4.788330078125000000e+00 6.994676307369352862e-04
4.795326550801594756e+00 2.672299894008152432e-02
4.817003250122070312e+00 1.502727884564344918e-01
4.822333653767903350e+00 5.075583621126123629e-02
4.840339978535969756e+00 4.699736160849729560e-02
4.842353185017903350e+00 1.313894263755897851e-01
4.856009801228840850e+00 4.716102757054824179e-01
4.871983528137207031e+00 1.729349170800408009e-02
4.872646649678547881e+00 2.706021137678137761e-02
4.905640284220377900e+00 5.868434385469276093e-02
4.931326548258463838e+00 2.205806289413727028e-01
4.955676396687825225e+00 2.044258213053235234e-04
4.970993359883626006e+00 8.701043180052757398e-02
4.982306798299153350e+00 4.398671633038659934e-01
4.993000030517578125e+00 1.084805955193626492e-01
5.000993092854817412e+00 8.065746449236775584e-02
5.007993380228678681e+00 2.843704130498818372e-02
5.024649937947590850e+00 1.005403208704893636e-01
5.036996841430664062e+00 2.606320393993465934e-01
5.059996922810872100e+00 2.012124679689182571e-01
5.079339981079101562e+00 1.334991373780851420e+00
5.081350326538085938e+00 5.611142194637193902e-03
5.101323127746582031e+00 1.027230224519671241e-02
5.104636510213215850e+00 1.587149735719254121e-02
5.105633417765299775e+00 8.290408214967646960e-02
5.105660120646159150e+00 5.023260661614889488e-02
5.106309890747070312e+00 1.349360432565192489e-02
5.112330118815104463e+00 1.143913421200343783e-01
5.130332946777343750e+00 4.181012799138113245e-02
5.142003695170084931e+00 1.657645668141966844e-01
5.156316439310709931e+00 3.268672976457016183e-02
5.158983230590820312e+00 0.000000000000000000e+00
5.163630167643229463e+00 2.548905568859616624e-02
5.164013226826985381e+00 1.500999765021865124e-03
5.174633661905924775e+00 4.326908689808547925e-02
5.178656578063964844e+00 0.000000000000000000e+00
5.204970041910807588e+00 2.267200035775229494e-01
5.205329895019531250e+00 2.162251135193007656e-01
5.214326858520507812e+00 6.739826914372337718e-02
5.214663187662760713e+00 1.057033142404268239e-01
5.215666770935058594e+00 4.542579658713317980e-02
5.216306686401367188e+00 1.000519714149892825e-01
5.216676712036132812e+00 8.898672415456604368e-02
5.218317031860351562e+00 8.100889081733819372e-03
5.218683242797851562e+00 3.946257056312475059e-02
5.225989977518717744e+00 0.000000000000000000e+00
5.229990005493164062e+00 6.949400007030794892e-03
5.232336680094401338e+00 3.659072849125722619e-03
5.234696706136067412e+00 5.045842489949283610e-02
5.241013209025065400e+00 1.036136209755243870e-01
5.245333353678385713e+00 2.532438042580723025e-02
5.256323496500651338e+00 3.431710986960428977e-02
5.258339881896972656e+00 1.397174472635044629e-02
5.258970260620117188e+00 9.547842872137170256e-02
5.259000142415364287e+00 5.155664632050910301e-02
5.260003407796223662e+00 1.004588070038993364e-01
5.261666615804036162e+00 4.545943095462820494e-02
5.262002944946289062e+00 9.020829590647089224e-02
5.263656616210937500e+00 3.631037295559979422e-02
5.267956415812174775e+00 4.177493940058816385e-02
5.268679936726887725e+00 1.884682705180720230e-01
5.270339965820312500e+00 4.192324431947492408e-02
5.275676409403483369e+00 7.168635854551146103e-02
5.276333491007487275e+00 2.891469071495146592e-02
5.276333491007487275e+00 1.334858781930995109e-01
5.277359962463378906e+00 1.051477319583428265e-02
5.282663345336914062e+00 1.958862604329450752e-01
5.286996523539225556e+00 6.953205351203396722e-02
5.319019953409831025e+00 5.897829822682448125e-02
5.323323567708333037e+00 7.247123782928607261e-01
5.325326919555664062e+00 8.952336549981758027e-03
5.326983133951823213e+00 1.966031636358575932e-02
5.327996571858723662e+00 2.616989765063399039e-03
5.328346888224284150e+00 2.191716293643299618e-01
5.332670211791992188e+00 1.814326511702861943e-03
5.340003967285156250e+00 8.734966754930897914e-02
5.349679946899414062e+00 2.204264286897593406e-02
5.351323445638020537e+00 2.753509056728541040e-03
5.352323532104492188e+00 6.714360305771691073e-02
5.362026850382487275e+00 9.015470297413565037e-02
5.378963470458984375e+00 1.910396493581841826e-01
5.389347076416015625e+00 2.998049416480084300e-02
5.391993204752604463e+00 5.268333571337466964e-02
5.401999791463215850e+00 3.043239928584984960e-02
5.404666900634765625e+00 2.524354535191824372e-02
5.404989878336588838e+00 2.146522558359409139e-01
5.406316757202148438e+00 4.125874852933343606e-02
5.406990051269531250e+00 1.150918947672142055e-02
5.410683314005534150e+00 2.560963489921595435e-02
5.411656697591145537e+00 9.027020169461708043e-02
5.411979675292968750e+00 1.673475684403913921e-01
5.417673110961914062e+00 3.202207069045704541e-02
5.422330220540364287e+00 6.472291203779000643e-04
5.427000045776367188e+00 4.958581376251556400e-02
5.435693105061848662e+00 1.067997518113140282e-01
5.437676747639973662e+00 1.785851369664138988e-02
5.439346313476562500e+00 3.623324216806707299e-02
5.449986775716145537e+00 9.105044127340515547e-02
5.464003245035807588e+00 7.115530665195175797e-02
5.465000152587890625e+00 3.174502312386645597e-01
5.466336568196614287e+00 3.351339220875741015e-02
5.466633478800456025e+00 2.251230664674668328e-02
5.467353185017903350e+00 1.811234256121352360e-01
5.474302927652995088e+00 7.448164180068950202e-02
5.474697113037109375e+00 1.675087470163172387e-02
5.475009918212890625e+00 1.028576316912951927e-01
5.477013905843098662e+00 3.944345053878049273e-05
5.477682749430338838e+00 2.008304062150154945e-01
5.485000610351562500e+00 8.198376970657825225e-02
5.485677083333333037e+00 4.536841358785172196e-02
5.487330118815104463e+00 1.807723835996833880e-02
5.492666880289713838e+00 5.443150101085984967e-04
5.495313008626301787e+00 7.264991688036741280e-02
5.497646967569987275e+00 0.000000000000000000e+00
5.499319712320963838e+00 4.142080939635946202e-02
5.499323527018229463e+00 4.048724675465062428e-02
5.507016499837239287e+00 1.048426422394078614e-02
5.516676584879557588e+00 2.356298568588859402e-02
5.518333435058593750e+00 4.445445425690108116e-02
5.518343607584635713e+00 1.901681889677874632e-02
5.519339879353840850e+00 3.614784513553675332e-02
5.523680369059245088e+00 1.718265756510197612e-02
5.524016698201497100e+00 7.020936679244513257e-02
5.526333491007487275e+00 4.459470195428254409e-03
5.528329849243164062e+00 2.017501928594889887e-02
5.529660542805989287e+00 3.570704455593444113e-03
5.533309936523437500e+00 6.128446374609621689e-02
5.543983459472656250e+00 1.605334642244938270e-01
5.546323140462239287e+00 2.853671866341441279e-02
5.546676635742187500e+00 1.787760680996712537e-02
5.548993428548176787e+00 5.385369977297189970e-02
5.553359985351562500e+00 7.639068212144606296e-03
5.555333455403645537e+00 1.236739160321143408e-02
5.562320073445637725e+00 2.851095874544952100e-02
5.576016743977864287e+00 1.551671448908677753e-01
5.577996571858723662e+00 6.090889467692813669e-02
5.582666397094726562e+00 2.059717714659267673e-01
5.592003504435221650e+00 2.618690040421288185e-03
5.597689946492512725e+00 3.759881864958509318e-02
5.602336883544921875e+00 2.240383107796448114e-02
5.608336766560872100e+00 9.726224154662714235e-07
5.612340291341145537e+00 5.200081333813505978e-03
5.615660349527995088e+00 2.437077764720641665e-02
5.636336644490559600e+00 1.776486478175872963e-01
5.650990168253581025e+00 4.828270804469904365e-02
5.656010309855143525e+00 2.307370986274497049e-02
5.657672882080078125e+00 3.200872327907993559e-02
5.659680048624674775e+00 1.498509414584169031e-02
5.660669962565104463e+00 5.151247297134149000e-02
5.671363830566406250e+00 5.141195501515553878e-02
5.671666463216145537e+00 3.249117637841549694e-02
5.673329671223958037e+00 6.782430709498285526e-02
5.674339930216471650e+00 3.538856843024833915e-02
5.676333109537760713e+00 5.782717653042664802e-02
5.676670074462890625e+00 1.298930353774680434e-02
5.683359781901041963e+00 1.105249009343460542e-02
5.691677093505859375e+00 8.913939211246477839e-03
5.691687266031901338e+00 2.471446019943798061e-02
5.700030008951823213e+00 2.073691617147026961e-02
5.713353474934895537e+00 4.383437645592407061e-02
5.717663447062174775e+00 5.340765785283507414e-04
5.722990036010742188e+00 0.000000000000000000e+00
5.726989746093750000e+00 6.982531627725357959e-01
5.738999684651692412e+00 1.222140363459158358e-01
5.766012827555338838e+00 1.457388521466291553e-01
5.787000020345051787e+00 3.008417798552934230e-01
5.803676605224609375e+00 3.956278324735060248e-01
5.806016921997070312e+00 5.322034943652514255e-02
5.818007151285807588e+00 8.040702443799427335e-02
5.834646860758463838e+00 1.107291148809987774e-01
5.836653391520182588e+00 5.435998983873348289e-02
5.838646570841471650e+00 3.398984207388456441e-02
5.839676539103190400e+00 3.491264743721965436e-02
5.841003417968750000e+00 1.266395833454625752e-01
5.860979715983073213e+00 1.095810952061135185e-01
5.931023915608723662e+00 9.959680492718758771e-02
6.359696706136067412e+00 2.499659014260178225e-01
6.419330596923828125e+00 8.016077882667222224e-03
6.454020182291666963e+00 8.653747893403721525e-01
6.458649953206379912e+00 1.973504199309501217e-01
6.479316711425781250e+00 3.430531875948113207e-02
6.497327168782551787e+00 7.373600258890532222e-02
6.518329620361328125e+00 1.329696515391251832e-01
6.617973327636718750e+00 5.301163998319340376e-01
6.626316706339518525e+00 7.683093388075167701e-03
6.653663635253906250e+00 7.478932464959535398e-02
6.675006866455078125e+00 5.075856329010084433e-01
6.675017038981120088e+00 9.057252005889843138e-01
6.678983052571614287e+00 6.264996788340759792e-01
6.698336283365885713e+00 2.351757746060727960e+00
6.701680501302083037e+00 1.491648644146969627e+00
6.720010121663411162e+00 1.462046814939913474e-02
6.739027023315429688e+00 3.371336809478431285e-01
6.745306650797526338e+00 1.078373245706703232e+00
6.750343322753906250e+00 1.003927628356329649e+00
6.751013437906901338e+00 3.291996458783311708e-01
6.756989796956379912e+00 4.412401486510845738e-01
6.770700454711914062e+00 7.862036563561340952e-01
6.779653549194335938e+00 2.477524780654616898e-01
6.796663284301757812e+00 4.620615990074071200e-01
6.802342732747395537e+00 7.348544608073159790e-03
6.807020187377929688e+00 1.798300599008648248e+00
6.809013366699218750e+00 1.783617996178769038e-01
6.827323277791340850e+00 1.552027549741916923e+00
6.845349629720051787e+00 2.644288075004068705e-01
6.847963333129882812e+00 1.149332597846278503e+00
6.857656478881835938e+00 3.393369580245072514e-01
6.859676361083984375e+00 3.119442496981374546e+00
6.871659596761067412e+00 8.627895208298580476e-01
6.876996358235676787e+00 2.711149640670112992e-01
6.879992802937825225e+00 9.497365628452723038e-04
6.882996877034504912e+00 4.732825058230077236e-02
6.904003143310546875e+00 9.179890381690445356e-01
6.907999674479166963e+00 7.860959239546527755e-01
6.913973490397135713e+00 5.554585243045568888e-01
6.916976928710937500e+00 2.242376865657826013e+00
6.918352762858073213e+00 1.113031559260915904e+00
6.929656982421875000e+00 3.896263983419850224e-02
6.931673049926757812e+00 1.533750509384183225e+00
6.933670043945312500e+00 9.635692883320491342e-01
6.943990071614583037e+00 1.152794410095913769e+00
6.962999979654948213e+00 1.849126964595085187e+00
6.965976715087890625e+00 5.488286531880749441e-01
6.967993418375651338e+00 6.669069186992596099e-02
6.973669687906901338e+00 7.243570076454923790e-01
6.984653472900390625e+00 2.240919725838867449e-01
6.997653325398762725e+00 1.324281374903720998e+00
7.015676498413085938e+00 2.305840794106279457e-01
7.024333318074543975e+00 1.103435670091299781e-01
7.034646352132161162e+00 1.348397559456400829e+00
7.040013631184895537e+00 4.020091651376522246e-01
7.040653228759765625e+00 8.976528993612506446e-02
7.046326955159504912e+00 1.303360327159060750e-01
7.047990163167317412e+00 1.802077577432496108e-02
7.050662994384765625e+00 1.388617161967777291e-01
7.065673192342122100e+00 0.000000000000000000e+00
7.071693420410156250e+00 3.559240730705236500e-01
7.090326944986979463e+00 1.370777455653105159e+00
7.090957005818684600e+00 1.259447711278653070e+00
7.092002868652343750e+00 4.683452383202481029e-01
7.098676681518554688e+00 2.927387322011923421e-01
7.102029800415039062e+00 7.652634328234514394e-01
7.109623591105143525e+00 9.489930450914645099e-02
7.118303298950195312e+00 6.592314382830721797e-01
7.119689941406250000e+00 5.584098753086939038e-01
7.123320261637370088e+00 8.797723175620791869e-02
7.127333323160807588e+00 5.221996089185627909e-02
7.149006525675456025e+00 2.538667548814242947e-01
7.152323404947916963e+00 9.010337836634167707e-02
7.153653462727864287e+00 1.179017999787144583e-01
7.153980255126953125e+00 5.385967942179722412e-01
7.159992853800456025e+00 4.060995019978769216e-01
7.192993164062500000e+00 1.194738452363946699e-02
7.196983337402343750e+00 1.209137311643250445e+00
7.200983683268229463e+00 4.504547078704100316e-01
7.205993016560872100e+00 1.620906395105685682e-01
7.206336975097656250e+00 1.758514004691723587e+00
7.209327061971028350e+00 9.522618282347612706e-02
7.217672983805338838e+00 3.615904073373854555e-01
7.222499847412109375e+00 3.589875945381198336e-02
7.223332722981770537e+00 5.393793679772400651e-01
7.228989919026692412e+00 1.271049023597219108e-01
7.231650034586588838e+00 1.192929954460868913e+00
7.238353093465168975e+00 1.707040230551314597e+00
7.242020289103190400e+00 1.340318423968922534e-01
7.243029912312825225e+00 1.113140504373952289e-02
7.245333353678385713e+00 9.816911246857482065e-02
7.245649973551432588e+00 1.738391792549545400e-01
7.252319971720377900e+00 1.303517302217111484e-01
7.258993784586588838e+00 2.342971020796572879e-01
7.259670257568359375e+00 1.110137980743832298e+00
7.261002858479817412e+00 1.214011329441631870e-01
7.269999821980793975e+00 2.062869595513009136e-01
7.273316701253254912e+00 6.107539282677820758e-01
7.275650024414062500e+00 0.000000000000000000e+00
7.280306498209635713e+00 7.226024321234864045e-01
7.282023111979166963e+00 7.426166454243134096e-02
7.282339731852213838e+00 3.625889692835864708e-01
7.282976786295573213e+00 4.276210010561845021e-01
7.285020192464192412e+00 2.775955264745980866e+00
7.287022908528645537e+00 1.904371619290918388e-02
7.292959849039713838e+00 5.758331017312278144e-01
7.293659845987956025e+00 1.034327051028989031e+00
7.297676722208659150e+00 3.819605191454223392e-01
7.298650105794270537e+00 1.836274086115237403e-02
7.309673309326171875e+00 3.041268545187737482e-01
7.312336603800456025e+00 4.139174268900400189e-02
7.317343393961588838e+00 1.557362986201216992e-01
7.317672729492187500e+00 7.592020186603520848e-01
7.324000040690104463e+00 1.079276167352727356e+00
7.324016571044921875e+00 1.004462672739925427e-01
7.327996571858723662e+00 6.985848456966021747e-01
7.331993103027343750e+00 3.033246389407302790e-02
7.336313247680664062e+00 1.042458570538860485e+00
7.336980183919270537e+00 2.133352348393688369e-01
7.337999979654948213e+00 6.142983797599819995e-02
7.341016133626301787e+00 1.040619956509410277e-01
7.348673502604166963e+00 4.598417925184413169e-01
7.353989919026692412e+00 2.572335536449075685e-02
7.360983530680338838e+00 8.306042020232309864e-02
7.361003239949543975e+00 1.129005338456180174e-01
7.365983327229817412e+00 1.876225234348831483e+00
7.368349711100260713e+00 1.150124729502378207e+00
7.368350346883137725e+00 5.464636501596302764e-01
7.370690027872721650e+00 3.633598353832226142e-04
7.374683380126953125e+00 2.414079355080592126e+00
7.376015981038411162e+00 5.318850225663974696e-01
7.380999883015950225e+00 2.790747026850548984e+00
7.393650054931640625e+00 1.350033530751590105e-01
7.400349934895833037e+00 6.564591831301409552e-01
7.408980051676432588e+00 2.954173331970015304e-01
7.413973490397135713e+00 5.105472939038455671e-01
7.414336522420247100e+00 3.798862838233558747e-01
7.414993286132812500e+00 2.984056087672513957e+00
7.415336608886718750e+00 9.350012681665554881e-01
7.416320164998372100e+00 9.014126578629837461e-01
7.423646291097004912e+00 1.203260779351237986e+00
7.424683252970377900e+00 1.044847007671022565e-01
7.425970077514648438e+00 1.421922843139227233e-01
7.427309672037760713e+00 8.109299773127248701e-01
7.428006490071614287e+00 1.318993008157397506e+00
7.439983367919921875e+00 1.801050056700406396e-02
7.442670186360676787e+00 6.678726893042835622e-01
7.444996515909831025e+00 5.611792442575443129e-02
7.449026743570963838e+00 1.523106372970494782e+00
7.450686772664387725e+00 1.848775593007106477e-01
7.455640157063801787e+00 2.318837511811892682e+00
7.461986541748046875e+00 1.372318505163996338e+00
7.462992986043293975e+00 6.505827077702143815e-03
7.477976481119791963e+00 3.959503407749086490e-01
7.478983561197916963e+00 1.345451764786488244e-02
7.481329600016276338e+00 6.538543699068696258e-01
7.485340118408203125e+00 9.509814205456048608e-01
7.485666275024414062e+00 2.087705989907380211e-01
7.497666676839192412e+00 8.329792815571521736e-01
7.498003641764323213e+00 2.902084775635455083e-01
7.499982833862304688e+00 1.151409141596677843e+00
7.502343495686848662e+00 7.828774985769796357e-01
7.503657023111979463e+00 6.969963260363599977e-02
7.504660288492838838e+00 7.399036593251638871e-01
7.506340026855468750e+00 2.708249944459121053e-02
7.509012858072916963e+00 9.426734687746073371e-01
7.513336817423502900e+00 4.586961466574233093e-01
7.519659678141276338e+00 1.768960935472871365e-02
7.523666381835937500e+00 7.364414264498678753e-01
7.524342854817708037e+00 2.171254602361133657e+00
7.526996612548828125e+00 1.283663905462417709e-01
7.538676579793293975e+00 1.142999378424910343e-03
7.539999643961588838e+00 7.193634380831498421e-02
7.544020334879557588e+00 1.881365157411902800e-01
7.546309789021809600e+00 1.830853927471082665e+00
7.546656290690104463e+00 9.139729532285385816e-02
7.548309961954752900e+00 4.852039675133081043e-02
7.555989583333333037e+00 7.257408836566040522e-01
7.559993743896484375e+00 5.907897474330817689e-01
7.561986923217773438e+00 6.906837199405176271e-03
7.568639755249023438e+00 4.056685201559266651e-03
7.568990071614583037e+00 6.706345573328914567e-02
7.569626490275065400e+00 3.577030567630865021e-02
7.570646921793620088e+00 3.644240645353030494e+00
7.575019836425781250e+00 4.837618642851811424e-01
7.575337092081706025e+00 4.266238546162927081e-01
7.575673421223958037e+00 1.690920283421783535e-02
7.575689951578776338e+00 6.682298743113760375e-01
7.581970214843750000e+00 6.502557337150534078e-01
7.583019892374674775e+00 4.372735955242458283e-01
7.588340123494465850e+00 5.292698995335419765e-01
7.594666798909504912e+00 7.281611011337374428e-02
7.603336334228515625e+00 1.694287797251488592e-01
7.604996999104817412e+00 4.590032324478702241e-01
7.608660380045573213e+00 1.815603132967032352e+00
7.616989771525065400e+00 7.126095905445372081e-01
7.618973414103190400e+00 1.961327912014186881e-01
7.623680114746093750e+00 1.470866274091918946e+00
7.625686645507812500e+00 7.924234399948726359e-01
7.636019388834635713e+00 6.931316918224078583e-01
7.640683492024739287e+00 1.022216878129797779e+00
7.644659678141276338e+00 3.443235835178442006e-01
7.648000081380208037e+00 6.045606575619790618e-02
7.650006612141926787e+00 1.854016344111498321e-02
7.650330225626627900e+00 1.927210619679879944e+00
7.650997161865234375e+00 2.677775686210631112e-01
7.652683258056640625e+00 3.305483234569656648e-01
7.655986785888671875e+00 7.579939017960829473e-01
7.658986409505208037e+00 9.273329958519548749e-03
7.665356318155924775e+00 3.826294618377403672e-02
7.666350046793620088e+00 1.490239775277585110e+00
7.666639963785807588e+00 3.591441311913087797e-01
7.668643315633137725e+00 2.833422957694291533e-01
7.670009613037109375e+00 0.000000000000000000e+00
7.671999613444010713e+00 9.487186846150129638e-01
7.677666982014973662e+00 3.681205655029051727e-01
7.678016662597656250e+00 1.481644695659942723e-01
7.682993570963541963e+00 1.639804434262733368e+00
7.685663223266601562e+00 2.760236831708188024e-02
7.686003367106120088e+00 6.768160352452884387e-01
7.686666488647460938e+00 1.499336753670193145e+00
7.689336776733398438e+00 9.253955750269812208e-01
7.694336573282877900e+00 3.419313648019636220e-01
7.696020126342773438e+00 9.817407389845815846e-01
7.697023391723632812e+00 1.035649089795941613e+00
7.698316574096679688e+00 3.121187477798779628e-02
7.699689865112304688e+00 1.971156981689941579e-01
7.700000127156575225e+00 1.987436065658078066e-01
7.702313741048176787e+00 1.493640328111062732e-01
7.705656687418620088e+00 2.342692626752778187e-02
7.707333246866862275e+00 4.285518698175126984e-01
7.710660298665364287e+00 1.999295696296262293e-03
7.713353474934895537e+00 8.977442246099394119e-01
7.715670267740885713e+00 9.658205028081795485e-01
7.717326482137043975e+00 6.258776513088545575e-04
7.719970067342122100e+00 3.770271019815524816e-01
7.720637003580729463e+00 8.617935710996318388e-01
7.722006479899088838e+00 5.386927266124058589e-01
7.724329630533854463e+00 1.936915450830820840e+00
7.724336624145507812e+00 2.569026086006110376e-01
7.726306915283203125e+00 3.644486578790542570e-03
7.731686909993489287e+00 8.449529088682026234e-01
7.735989888509114287e+00 1.630913906685579340e-01
7.737323760986328125e+00 3.063139514740355618e-01
7.747646331787109375e+00 1.472549842105541629e+00
7.749973297119140625e+00 3.438774141873456036e-02
7.749993006388346650e+00 2.003309718290922081e+00
7.750000000000000000e+00 1.984981176141717429e-01
7.757329305013020537e+00 9.023412078333599151e-01
7.757673899332682588e+00 2.583654171513640740e-01
7.758663177490234375e+00 4.973611887674160292e-01
7.764690399169921875e+00 1.728941727982621357e-01
7.768656412760416963e+00 1.137724089677284167e-01
7.770009994506835938e+00 6.139233540144544560e-03
7.771993637084960938e+00 1.479176642441188405e-01
7.772659937540690400e+00 1.025569587663632647e-02
7.776306788126627900e+00 1.821451282319789255e-01
7.778319676717122100e+00 4.605914704792929415e-01
7.783003489176432588e+00 5.642343965068886968e-02
7.783983866373698213e+00 3.604060001146833225e-01
7.785673141479492188e+00 8.560265608911749036e-01
7.786303202311198213e+00 3.408227171328898075e-01
7.786993662516276338e+00 9.517997156634492306e-01
7.788993199666340850e+00 3.289993663282131386e-02
7.792330423990885713e+00 1.803549675326671931e-01
7.795007069905598662e+00 2.078122422685223736e+00
7.796342849731445312e+00 7.371150956097679251e-03
7.798013051350911162e+00 1.741687030935706204e+00
7.798350016276041963e+00 6.343331030836895090e-01
7.799996693929036162e+00 4.813304515715178811e-01
7.800333658854166963e+00 1.105580722470126176e+00
7.804326375325520537e+00 5.317864221567394356e-01
7.812009811401367188e+00 5.190696399859630050e-01
7.812999725341796875e+00 9.547282029105681467e-01
7.816689809163411162e+00 1.640884152847666977e-01
7.816983540852864287e+00 6.039173113135722082e-02
7.822992960611979463e+00 1.417984448762413807e-01
7.828010559082031250e+00 3.367333471185927213e-02
7.829329808553059600e+00 1.614714487871720117e-01
7.829643249511718750e+00 1.577350823693680903e-02
7.831329345703125000e+00 6.399968372979987496e-02
7.831676483154296875e+00 6.470785469432542847e-01
7.836346944173176787e+00 7.867900030676724943e-02
7.838663101196289062e+00 2.100611458219125094e+00
7.841290156046549775e+00 1.117674821219373366e-01
7.848023732503254912e+00 1.691215339870706380e+00
7.848979949951171875e+00 9.069564668598391055e-01
7.849993387858073213e+00 1.833726682139346087e-01
7.850673675537109375e+00 1.000045231686753855e+00
7.853033701578776338e+00 9.043803863430757151e-01
7.856313069661458037e+00 4.044582118866246745e-01
7.858020146687825225e+00 4.234828633600955933e-02
7.867352803548176787e+00 1.136324469915102053e+00
7.868663787841796875e+00 2.018105621617461987e-01
7.869007110595703125e+00 7.610105524579722225e-01
7.873323440551757812e+00 2.282822808086306110e-01
7.874310175577799775e+00 2.651260963827103967e-01
7.876993179321289062e+00 2.129625400501345689e-01
7.880673726399739287e+00 1.145781031729588451e+00
7.881673177083333037e+00 1.327427113957365679e-01
7.884006500244140625e+00 2.240961524117578985e-01
7.889300028483073213e+00 2.249995391720483795e+00
7.889663696289062500e+00 2.114783201423814929e-01
7.895333607991536162e+00 1.548804682665294932e-02
7.897646586100260713e+00 4.089790275642420786e-02
7.898326873779296875e+00 9.005093936643833175e-01
7.900019327799479463e+00 1.845241414613509878e-01
7.902310053507487275e+00 6.145154914129615648e-02
7.904973347981770537e+00 7.737945632883242997e-01
7.907646179199218750e+00 1.742811825628280409e-01
7.909650166829426787e+00 1.452430120664943876e-02
7.909653345743815400e+00 6.448956173582785778e-04
7.912016550699870088e+00 3.787245719123114585e-01
7.919673919677734375e+00 2.988470833755347278e-01
7.919986724853515625e+00 6.739947822548930656e-01
7.920323053995768525e+00 3.205054952214761999e-01
7.920986811319987275e+00 9.252034485769942140e-01
7.923670450846354463e+00 1.130783641472452361e+00
7.926010131835937500e+00 1.599901741066263872e-01
7.932313283284504912e+00 3.074075370111189337e-02
7.933006286621093750e+00 4.892881358678226045e-01
7.933343251546223662e+00 3.200048111410175533e+00
7.933666229248046875e+00 4.455628178298174924e-01
7.937966664632161162e+00 0.000000000000000000e+00
7.938632965087890625e+00 6.967963388654994095e-01
7.940340042114257812e+00 4.557586267549451620e-01
7.942637125651041963e+00 9.021386817133620895e-01
7.942660013834635713e+00 7.326366514945226172e-01
7.942993164062500000e+00 6.702489271982907670e-01
7.943667093912760713e+00 3.757194352524200198e-01
7.946016947428385713e+00 2.066415183803127498e+00
7.947643280029296875e+00 1.354728586171099758e-01
7.949346542358398438e+00 1.501184243326540990e-01
7.949676513671875000e+00 8.576503738307261759e-01
7.949999491373698213e+00 3.578894269745270390e-02
7.955010096232096650e+00 7.600669585177748377e-01
7.956353505452473662e+00 1.994855327175434123e+00
7.962350209554036162e+00 2.412404529668918940e-01
7.962689717610676787e+00 5.869787886213024830e-01
7.964656829833984375e+00 8.881353641359047701e-01
7.965363184611002900e+00 2.462242665470651737e+00
7.966313680013020537e+00 7.164257772702450899e-02
7.971693038940429688e+00 2.711753972960896930e-01
7.973976771036784150e+00 4.407405296038846738e-03
7.974030176798502900e+00 4.437640941983782006e-01
7.974346796671549775e+00 1.495321166613844177e+00
7.978710174560546875e+00 1.588005288826379105e-02
7.978959401448567412e+00 1.392532245604257923e+00
7.979003270467122100e+00 4.293850340341731631e-01
7.984656651814778350e+00 9.010885103993380163e-01
7.984992980957031250e+00 1.278250906561605449e-01
7.985346476236979463e+00 5.149279691836386452e-02
7.985979715983073213e+00 4.346040551697433196e-01
7.987965901692708037e+00 3.077920086114080411e-01
7.990009943644206025e+00 2.374816449597198093e-03
7.990326563517252900e+00 4.255244215048823442e-01
8.001653671264648438e+00 5.965326584035789137e-02
8.002304077148437500e+00 1.279805485054839043e+00
8.002663294474283262e+00 2.897437937816162989e-01
8.005983352661132812e+00 3.058183477852312038e-01
8.005993525187173887e+00 1.379428636910679851e+00
8.007003148396810488e+00 2.927110329252380350e-02
8.009310404459634825e+00 1.956223566731842833e+00
8.010676066080728575e+00 1.944274598380083541e+00
8.012956619262695312e+00 1.438751627956146750e+00
8.013329823811849550e+00 2.043432915111012438e+00
8.014663060506185488e+00 1.148766380239600648e+00
8.014976501464843750e+00 1.152758300758081611e-01
8.016316731770833925e+00 1.659106511946015328e+00
8.018969853719076113e+00 1.467928587359498271e+00
8.019330342610677675e+00 5.812609737594577330e-01
8.020306905110677675e+00 6.024249184706449434e-01
8.020997365315755800e+00 3.061406115355974067e-01
8.023343404134115175e+00 9.720352911039158439e-01
8.024339675903320312e+00 7.214558768648916820e-02
8.032646179199218750e+00 6.561900747174387316e-02
8.033003489176431700e+00 8.059299779806827768e-02
8.038323720296224550e+00 1.120567107239272664e+00
8.039343516031900450e+00 3.877560052375282340e-01
8.039986928304037050e+00 7.863803531574965477e-01
8.046303431193033262e+00 0.000000000000000000e+00
8.046363194783529238e+00 9.654205286894585250e-03
8.047340393066406250e+00 3.916533335261916937e-01
8.050966262817382812e+00 4.209743807883031125e-02
8.051646550496419863e+00 1.954360030458545880e-03
8.056326548258462950e+00 9.078261329460555196e-01
8.057689666748046875e+00 9.928691467102609414e-01
8.061993281046548887e+00 8.528677454255439994e-01
8.062664031982421875e+00 1.566889050176325515e-01
8.065309524536132812e+00 4.441718265352135320e-01
8.065333048502603575e+00 3.167282670139538042e-02
8.066003163655599550e+00 1.701939033058923467e-01
8.066006342569986387e+00 4.233785649256388561e-03
8.067339579264322325e+00 2.462599272584478083e-01
8.068326314290365175e+00 2.054588273941293508e-01
8.070353190104166075e+00 5.566476740453045469e-02
8.072343190511068300e+00 1.861381487763802758e-02
8.073673248291015625e+00 1.215990183715045081e+00
8.082626342773437500e+00 1.116902076463521576e+00
8.084023793538412050e+00 1.160782422614308473e-01
8.086003621419271425e+00 3.290571270906212376e-01
8.086009979248046875e+00 1.049179448618905441e-01
8.088356018066406250e+00 1.234285602831673885e-02
8.089340209960937500e+00 1.631732874076417650e+00
8.090979894002279238e+00 7.147412174663045903e-01
8.090986887613931700e+00 9.777135546107801334e-01
8.092672983805337950e+00 3.927261916463613001e-01
8.094046274820962950e+00 2.716948837302932129e-01
8.096996307373046875e+00 1.158530173704291899e+00
8.101993560791015625e+00 3.903000259243322723e-01
8.103966395060220762e+00 5.903702766744874930e-01
8.107336044311523438e+00 2.063398183940529929e-01
8.107639948527017637e+00 1.096282439930504893e+00
8.108989715576171875e+00 1.527173432232808437e-01
8.113643010457357363e+00 1.339591833502813412e+00
8.114339828491210938e+00 4.234520750136268330e-02
8.117313385009765625e+00 2.578407354510713123e+00
8.120672861735025450e+00 3.143946156243325896e-03
8.128326416015625000e+00 4.175762859722139536e-02
8.134323120117187500e+00 4.909731923163749429e-02
8.135346730550130800e+00 3.671642844021542063e-01
8.137013753255208925e+00 2.559886665395582628e-01
8.138659795125326113e+00 8.889799718847231080e-01
8.141973495483398438e+00 4.588940851500594165e-01
8.142332712809244200e+00 1.290342456829343398e-01
8.144653320312500000e+00 5.296975527725560073e-03
8.147356669108072325e+00 1.323962392638102226e-01
8.149660110473632812e+00 1.435841673557117559e+00
8.149997075398763613e+00 2.511799729330002506e+00
8.150656382242837950e+00 1.655784425317013142e-01
8.153010050455728575e+00 9.859586276312792830e-02
8.154326756795247988e+00 1.800293584484460307e+00
8.155982971191406250e+00 1.691036420041548638e+00
8.156976064046224550e+00 6.889548034117345954e-02
8.157656987508138613e+00 2.294026600154772111e-01
8.158333460489908262e+00 5.345930027972070064e-01
8.160010019938150450e+00 1.712537574697936993e+00
8.160030364990234375e+00 1.890829018968840924e-01
8.166323343912759825e+00 8.184204557482673836e-01
8.168350219726562500e+00 2.083489678796610067e-01
8.171326955159505800e+00 5.015374563756661574e-01
8.171660105387369200e+00 1.505027077897982957e-01
8.173343022664388613e+00 2.513777286254403540e-02
8.181990305582681700e+00 1.717287498154626557e-01
8.183329900105794863e+00 1.065862565128697481e+00
8.183993021647134825e+00 7.688739924005305593e-01
8.187316894531250000e+00 2.825371911854458462e-01
8.189333597819009825e+00 7.815083517457388496e-01
8.189643224080404238e+00 0.000000000000000000e+00
8.193013509114583925e+00 2.290053603707568886e-02
8.194676717122396425e+00 2.310751748729202415e+00
8.201629638671875000e+00 1.826772284030456106e+00
8.205017089843750000e+00 1.143510184715192057e+00
8.211676915486654238e+00 3.903584408063784372e-01
8.217963536580404238e+00 2.411203953564229618e-02
8.219663619995117188e+00 1.375394287469980270e+00
8.219673792521158262e+00 1.458123838668088812e+00
8.228313446044921875e+00 9.668855836281523564e-01
8.229966481526693300e+00 3.625304786848274063e-01
8.236686706542968750e+00 7.091207888039889884e-01
8.240980784098306700e+00 4.861476932573293719e-01
8.243010203043619200e+00 2.350907759343070797e-03
8.243320465087890625e+00 7.257383806829029727e-01
8.244686126708984375e+00 1.411185642475407676e+00
8.245293299357095762e+00 5.792106702731347756e-01
8.245333353678384825e+00 1.316411818481989619e-02
8.252659479777017637e+00 2.309429450011964757e+00
8.255659739176431700e+00 1.628179823009323970e-02
8.263676961263021425e+00 5.123696984790812037e-01
8.267000198364257812e+00 6.224322403618695598e-02
8.268343607584634825e+00 7.938040222478062180e-01
8.270316441853841738e+00 3.893340801596330281e-02
8.274333318074544863e+00 1.940090335565157753e-01
8.276679992675781250e+00 2.346505366746246768e+00
8.282336552937826113e+00 1.188821858411918536e-01
8.282672882080078125e+00 1.953914567242556855e+00
8.288303375244140625e+00 2.110949864644331153e-01
8.289006551106771425e+00 2.153671504852771867e-01
8.289319356282552675e+00 6.061838010297522228e-01
8.292966206868490175e+00 1.938646134810504851e+00
8.294033050537109375e+00 2.039001986748943396e-01
8.295656204223632812e+00 4.053324765780026706e-03
8.296663284301757812e+00 3.953632999212920440e-01
8.297683715820312500e+00 5.349372476134103271e-01
8.302323659261068300e+00 1.828236849902559469e-01
8.303303400675455137e+00 2.561397727927728907e-01
8.304690043131509825e+00 7.493827932063636121e-03
8.310646692911783262e+00 2.056953975892172437e+00
8.313316980997720762e+00 1.933219827457453688e+00
8.316343307495117188e+00 6.719591037914354192e-01
8.325003306070962950e+00 1.716175359088640828e+00
8.325319925944009825e+00 1.011600610167689117e-02
8.337363560994466738e+00 9.281359041150391564e-03
8.340330123901367188e+00 9.686155302868541817e-02
8.345640818277994200e+00 1.754128899732838365e+00
8.348326365152994200e+00 1.740113264607704435e+00
8.351650238037109375e+00 1.108883411850736245e-01
8.352646509806314512e+00 2.602113816362037202e+00
8.352659861246744200e+00 1.311197421840528010e+00
8.354346593221029238e+00 1.354050057443934030e+00
8.356667200724283262e+00 1.974697447185022048e-01
8.357329686482747988e+00 1.909624886504935892e-01
8.358006795247396425e+00 1.311023065827857659e-01
8.360306421915689512e+00 1.722117507390266145e+00
8.366686503092447325e+00 1.075433893252179807e-01
8.367033004760742188e+00 8.556143821265085325e-01
8.370993296305337950e+00 4.049511256450964991e-01
8.377013524373372988e+00 5.317604554733973421e-01
8.380992889404296875e+00 8.385607470605688230e-02
8.382680257161458925e+00 5.186561255050332192e-02
8.385990142822265625e+00 6.456865158585837206e-01
8.386993408203125000e+00 5.317045782800134957e-01
8.388663609822591738e+00 1.813345156448377571e+00
8.390015920003255800e+00 5.251878771904257281e-02
8.390363693237304688e+00 1.754186175209594134e-01
8.391316731770833925e+00 8.067278181495309008e-02
8.392336527506509825e+00 7.175352843473870035e-01
8.392686208089193300e+00 6.350287427597215428e-01
8.400003433227539062e+00 1.390833491827994983e+00
8.401013692220052675e+00 5.545535003352636966e-02
8.401313781738281250e+00 4.557246846056510203e-01
8.402650197347005800e+00 1.113744604811152828e-04
8.406346638997396425e+00 1.206646912968879423e-02
8.408302942911783262e+00 3.865838174007129036e-01
8.412320454915365175e+00 6.433592511701273775e-01
8.412329991658529238e+00 5.821381443970938818e-01
8.414653778076171875e+00 2.320548839968298027e-01
8.415986378987630800e+00 4.903278072835470236e-01
8.416002909342447325e+00 1.580904928468295292e-02
8.416302998860677675e+00 3.549334518714360454e-01
8.428337097167968750e+00 1.217350032960001216e-01
8.429334004720052675e+00 2.331061222415432010e-01
8.435663223266601562e+00 1.116642495990883936e-02
8.440316518147787050e+00 8.164786098280250037e-01
8.440329233805337950e+00 1.865638396081408024e+00
8.441333770751953125e+00 9.050423130280553785e-01
8.444976806640625000e+00 5.425919034955674174e-03
8.447013854980468750e+00 4.463750795430366791e-01
8.447656631469726562e+00 0.000000000000000000e+00
8.449989954630533262e+00 1.346190869223370390e-01
8.459996541341146425e+00 4.645178909595525929e-01
8.468006769816080137e+00 2.503546597397103834e-01
8.470320383707681700e+00 4.655570527693984051e-01
8.471693038940429688e+00 7.541031963977284924e-01
8.476669947306314512e+00 2.337348211647744201e+00
8.480660120646158262e+00 8.159511376032272389e-01
8.482333501180013613e+00 3.189526639334340774e-01
8.484643300374349550e+00 4.612544586677327224e-02
8.485316594441732363e+00 6.171350609161728729e-01
8.485996246337890625e+00 5.658494488181607940e-01
8.491659800211587950e+00 2.103792724558961602e-01
8.495016098022460938e+00 2.057552792811626619e-01
8.497976938883462950e+00 5.225812321000041644e-02
8.499000549316406250e+00 9.109654149383171751e-01
8.504646937052408262e+00 4.634284240904735230e-01
8.505643208821615175e+00 9.527507521846709793e-01
8.506003061930337950e+00 1.331799053831262958e-01
8.507336298624673887e+00 6.261826648877871770e-01
8.510976155598958925e+00 2.400290385368363255e-01
8.515009562174478575e+00 2.374910565734458523e-01
8.515019734700521425e+00 4.745707842517156161e-01
8.516683578491210938e+00 2.433090809319779849e-02
8.521646499633789062e+00 6.791911895101079288e-01
8.522366841634115175e+00 2.748118531133506015e-01
8.523656845092773438e+00 9.242582298840332777e-01
8.523980458577474550e+00 9.715107577066620093e-02
8.528324127197265625e+00 2.796093458577681434e-01
8.529670079549154238e+00 5.396923258522889899e-02
8.529677073160806700e+00 1.288552632107101692e+00
8.529973347981771425e+00 4.199770294352135336e-01
8.529986063639322325e+00 8.284081890704593498e-02
8.536670049031576113e+00 5.026653725322386412e-01
8.538017272949218750e+00 1.136011322817943814e+00
8.538993199666341738e+00 3.113578972890929109e+00
8.543340047200521425e+00 1.355391758250571232e+00
8.549683252970377012e+00 1.380203716135867953e-02
8.550679524739583925e+00 8.597453701372103074e-01
8.553673426310220762e+00 3.949768959578336264e-03
8.554676691691080137e+00 1.098059183536449712e+00
8.555686950683593750e+00 1.478749925428325847e-02
8.561346689860025450e+00 1.421477868052012372e-02
8.567670186360677675e+00 1.447436053178845716e+00
8.569660186767578125e+00 1.561857315255077983e-01
8.569686889648437500e+00 3.543784329329001670e-01
8.578676859537759825e+00 1.228677798703673722e-05
8.580006917317708925e+00 6.644941740402069419e-01
8.583663304646810488e+00 2.395291618938963640e-01
8.586683273315429688e+00 1.089117582740574686e-01
8.588006337483724550e+00 3.291596463101010284e-01
8.593330383300781250e+00 1.041324877202969706e-02
8.594017028808593750e+00 1.844208079387461563e-01
8.595343271891275450e+00 1.623824821755568693e-01
8.597040176391601562e+00 1.030450268821752946e+00
8.598346710205078125e+00 1.490784747604138871e-01
8.602326711018880800e+00 6.699079137357975000e-01
8.613339742024740175e+00 1.787527886186885406e-01
8.618657430013021425e+00 2.110261583765412341e-01
8.621326446533203125e+00 1.223068833740997174e+00
8.632666905721029238e+00 2.787583556644722751e-02
8.636003494262695312e+00 3.101414144610422086e-01
8.638673146565755800e+00 9.043569401816616837e-01
8.640983581542968750e+00 8.875759429341462114e-01
8.641689300537109375e+00 1.912940352238072572e+00
8.645013173421224550e+00 1.111714392984387567e+00
8.647342681884765625e+00 2.235099127635338523e-02
8.650349934895833925e+00 6.652701124539538158e-02
8.659002939860025450e+00 1.787254174153814212e-01
8.660017013549804688e+00 2.372884868223313626e-01
8.663969675699869200e+00 3.040932621035274952e-01
8.669996261596679688e+00 1.820362212056394480e-01
8.672006607055664062e+00 6.936323416443898777e-03
8.682997385660806700e+00 2.174311727993472887e-01
8.683659871419271425e+00 5.838163593463842060e-01
8.684633255004882812e+00 1.628896654548872835e-01
8.686006546020507812e+00 1.783561087294981921e-03
8.686656951904296875e+00 1.026055433041248799e+00
8.689679463704427675e+00 5.288844129491696577e-01
8.700340270996093750e+00 2.588761452207795966e+00
8.700660069783529238e+00 2.437572047810326215e+00
8.703006744384765625e+00 7.610752481048039808e-01
8.704650243123372988e+00 1.156621591195436220e-02
8.712683359781900450e+00 1.566840038104526656e+00
8.713343302408853575e+00 8.313808808353101432e-01
8.713670094807943300e+00 1.137872346337330670e-01
8.722676595052083925e+00 3.573213667529863136e-01
8.728652954101562500e+00 1.111594353371465779e-04
8.729020436604818300e+00 2.037652189919246570e+00
8.736660003662109375e+00 9.872384203223939086e-03
8.737017313639322325e+00 3.453805968263785608e-01
8.741663614908853575e+00 1.357269291803659891e-02
8.742003122965494200e+00 1.550979303979178534e-02
8.746003468831380800e+00 1.003705215927143346e+00
8.748656590779622988e+00 3.217126703388883263e-02
8.750000000000000000e+00 1.408271919953704820e+00
8.757343292236328125e+00 8.047303319457805859e-01
8.759663263956705137e+00 2.321161435892421243e-01
8.764659881591796875e+00 4.118717405378025109e-01
8.764659881591796875e+00 5.328108403695178685e-01
8.767650604248046875e+00 3.300101635606109696e-01
8.767673492431640625e+00 2.475896554121950754e-01
8.769976298014322325e+00 8.398255407251939975e-01
8.770669937133789062e+00 1.336743196164464464e+00
8.773326873779296875e+00 1.337299179930403759e-01
8.774303436279296875e+00 3.367432082455714126e-01
8.775676727294921875e+00 1.580862965487523086e-01
8.777303059895833925e+00 3.170110545709272087e-01
8.791993459065755800e+00 1.346461147956572901e+00
8.792339960734048887e+00 9.780951166637275040e-01
8.794672648111978575e+00 1.259420384594728048e+00
8.799022674560546875e+00 0.000000000000000000e+00
8.800333023071289062e+00 8.544576432836045732e-02
8.807979583740234375e+00 9.199278189077190193e-01
8.813657124837240175e+00 9.372148950117179522e-01
8.814652760823568300e+00 2.596820141011154437e+00
8.817986806233724550e+00 7.405531962502825971e-01
8.818999608357747988e+00 2.458177682722754387e+00
8.827003479003906250e+00 8.187107574414520528e-01
8.830343246459960938e+00 4.260148290204327504e-01
8.837006886800130800e+00 1.115865091164558009e+00
8.837353388468423887e+00 2.850383850086352089e-02
8.839323679606119200e+00 9.201714967531696709e-01
8.849336624145507812e+00 8.915980338195016175e-02
8.850329717000326113e+00 9.972097902493708421e-01
8.856000264485677675e+00 2.821109316390024269e+00
8.857700347900390625e+00 2.189753569625623245e-02
8.859010060628255800e+00 8.578186887215430989e-01
8.867683410644531250e+00 8.806584693563106470e-01
8.879990259806314512e+00 3.872087879805564681e-01
8.883686701456705137e+00 5.448362430912019327e-01
8.893309275309244200e+00 3.069986467983484499e-02
8.900333404541015625e+00 4.327501734769691466e-01
8.906660079956054688e+00 4.583241324732779676e-01
8.906670252482095762e+00 1.342757240911398142e+00
8.908983230590820312e+00 1.638521403059714610e+00
8.923656463623046875e+00 1.942012890134719560e+00
8.930023829142252012e+00 2.335061679282366964e-01
8.932993570963541075e+00 9.820447995584345377e-03
8.933673222859701113e+00 0.000000000000000000e+00
8.945333480834960938e+00 4.249494538128973931e-01
8.949026743570962950e+00 4.694012093703947563e-01
8.952690124511718750e+00 7.461338988442048348e-02
8.957677205403646425e+00 3.550602315915779572e-01
8.977003097534179688e+00 1.864109429762667025e+00
8.987976074218750000e+00 1.349719072919805418e+00
9.001983642578125000e+00 2.699828895866578371e-01
9.019703547159830137e+00 1.784778660075012846e+00
9.036680221557617188e+00 1.112616399074095319e-01
9.037003199259439512e+00 2.305872217409308811e-01
9.040626525878906250e+00 7.992466150050028251e-01
9.052333831787109375e+00 4.746148591818853679e-02
9.061996459960937500e+00 3.510873281827739945e-01
9.064669291178384825e+00 5.897971788035936136e-01
9.069972991943359375e+00 1.044888083707657289e+00
9.082986831665039062e+00 1.442621974718860389e-01
9.091656366984048887e+00 5.128636996033559825e-01
9.102333704630533262e+00 1.439914256632052858e+00
9.109670003255208925e+00 1.682040716912166944e+00
9.115999857584634825e+00 3.222524269206742537e-02
9.122993469238281250e+00 3.270321748430426306e-02
9.131013234456380800e+00 5.576185506878051923e-01
9.138699849446615175e+00 1.906132339572022216e+00
9.139316558837890625e+00 4.407183770750540686e-01
9.145662943522134825e+00 1.426754767510581612e+00
9.152333577473958925e+00 6.445117916781423206e-01
9.157323201497396425e+00 6.184476577981575796e-01
9.165665944417318300e+00 2.029007070706136950e+00
9.194346110026041075e+00 2.946533221924917817e-02
9.201643625895181700e+00 1.190983624974905619e-01
9.218336741129556700e+00 9.753168290885791403e-02
9.236333211263021425e+00 3.183074741353483783e-01
9.250303268432617188e+00 3.175690118707134024e-01
9.262353897094726562e+00 1.902470138207947414e+00
9.263662974039712950e+00 4.986631800811600623e-01
9.269323348999023438e+00 2.963904549588705084e+00
9.301649729410806700e+00 1.251934152532256372e-01
9.315976460774740175e+00 4.492308519802667294e-02
9.339673360188802675e+00 7.859375658610040505e-02
9.349672953287759825e+00 1.204092103691073723e-01
9.357700347900390625e+00 7.399307134858893464e-01
9.359706878662109375e+00 5.737412147638616400e-01
9.366010030110677675e+00 1.421445964728971223e-01
9.378672917683919863e+00 4.554621845133453688e-04
9.382036844889322325e+00 2.559110145663389541e-02
9.404010772705078125e+00 2.738859183936001584e-02
9.425010681152343750e+00 9.363281602098691425e-02
9.429679870605468750e+00 7.632662311344148853e-02
9.462364196777343750e+00 6.112971552831658606e-01
9.465000152587890625e+00 5.644011565253534979e-01
9.481006622314453125e+00 1.064588374030275064e+00
9.553003311157226562e+00 6.986561385373642186e-02
9.559013366699218750e+00 3.203997086731797950e-01
9.693683624267578125e+00 1.197978142794789091e+00
9.702669779459634825e+00 1.029340833404145616e+00
9.721323013305664062e+00 5.876173029728115615e-01
9.795009613037109375e+00 3.625348583978614259e-01
9.805660247802734375e+00 2.670628918588009437e-01
