3.863173226515452252e-01 3.137849584147544002e-01
4.900016784667968750e-01 3.480649806208403058e-02
6.346536477406820032e-01 8.932314127630784639e-02
6.686726808547973633e-01 1.677768349402226911e-02
7.476376493771871301e-01 7.679629591728664995e-01
7.850013176600137976e-01 1.484771405236148811e-01
7.996483147144317627e-01 7.816412252688933471e-01
8.056739966074625281e-01 7.013318700385472171e-02
8.263163169225057336e-01 6.569564710358537507e-01
8.666713237762451172e-01 0.000000000000000000e+00
8.780233462651571008e-01 2.843870004163852050e-01
8.916506568590799597e-01 1.142099125409697269e+00
8.956849972407022742e-01 2.164787165370367188e-04
9.029860099156697961e-01 3.619091165432446466e-01
9.296883344650268555e-01 4.192035101987294510e-02
9.443326393763223914e-01 3.154923769516624482e-02
9.819993178049722937e-01 1.934728965103394982e-01
9.823283056418100623e-01 0.000000000000000000e+00
1.009355468054612404e+00 0.000000000000000000e+00
1.077664673328399658e+00 1.351832981003471372e-02
1.086323688427607292e+00 4.757710955241284401e-01
1.087975333134333367e+00 8.340937929540016837e-02
1.100681682427724128e+00 1.623292838384333883e-03
1.105331987142562866e+00 8.841681060075932130e-01
1.112652679284413582e+00 4.459210855625889147e-01
1.124671657880147224e+00 9.740078137320086558e-05
1.141339659690856934e+00 8.604518331815368404e-01
1.146998008092244392e+00 3.977570313773823307e-01
1.156978329022725349e+00 1.755387024646781202e-01
1.168662011623382568e+00 3.709191322199218432e-01
1.173327326774597168e+00 9.678375297925277954e-01
1.184323310852050781e+00 2.341407208147427421e-01
1.197344680627187019e+00 5.804046998829288651e-01
1.204346656799316406e+00 3.623665590333384756e-01
1.207661012808481926e+00 2.069758422097304762e-01
1.234327673912048340e+00 1.698477805427744680e-01
1.240342142681280846e+00 4.172218675092195794e-01
1.258692959944407219e+00 3.548013705121160766e-01
1.261332333087921143e+00 1.246071903766880817e+00
1.281325995922088623e+00 1.167413155374717321e-01
1.282649348179499382e+00 4.530726444979264467e-01
1.285332977771759033e+00 1.034596682747453977e-01
1.286640346050262451e+00 1.259719301147947321e-02
1.301324625809987312e+00 3.307005625809304045e-02
1.310351351896921868e+00 5.468990761667438250e-01
1.330303013324737549e+00 1.871227071023845445e+00
1.348696311314900642e+00 1.309324882902637155e+00
1.352679649988810295e+00 2.146738456231478409e-01
1.364341000715891594e+00 8.894424800591080316e-02
1.368004699548085457e+00 6.542949674407601002e-01
1.368992308775583977e+00 8.474746515148259829e-02
1.381636659304301018e+00 1.021438187348393756e+00
1.393656015396118164e+00 5.667309679412944057e-01
1.406645317872365242e+00 2.015147706236196656e-01
1.413316647211710686e+00 1.585980449226242692e-02
1.415000339349110847e+00 2.351287959177214004e-01
1.428353667259216309e+00 1.233311000204697638e+00
1.432699998219807869e+00 1.006775130636298421e+00
1.434315661589304680e+00 7.444837752189049918e-02
1.436022679011027092e+00 6.038437495019362000e-01
1.449985663096110100e+00 6.174472581557316486e-03
1.450337012608845955e+00 1.027432893551477155e+00
1.459652026494344002e+00 3.286751574866432490e-02
1.460339943567911858e+00 1.415202501489597753e-01
1.467685699462890625e+00 1.801516657648146280e+00
1.469008326530456543e+00 9.289546761901784633e-02
1.471322357654571533e+00 2.511222944354031816e-01
1.471672336260477776e+00 1.004979734103135458e+00
1.473674674828847175e+00 5.858256095404577174e-02
1.474337985118230110e+00 5.513035950298597054e-01
1.482336362202962166e+00 8.263615093087439689e-02
1.488005002339680916e+00 8.643539143386430590e-01
1.505316327015558953e+00 3.065130744022007692e-01
1.506650050481160408e+00 1.333254404324903664e-01
1.509993314743041992e+00 4.635597270519494773e-01
1.529676695664723640e+00 4.504100427862888778e-01
1.529678960641225105e+00 1.598711135290078023e+00
1.533963302771250481e+00 2.214155303094895444e-01
1.541336615880330330e+00 5.873950039528411105e-02
1.542340675989786858e+00 3.797172607323128224e-01
1.557665308316548591e+00 1.465416385054046748e-02
1.563006679217020745e+00 1.296404036215970113e+00
1.567668974399566650e+00 7.204995904576276811e-01
1.579993367195129395e+00 5.681128061624957093e-01
1.589336305856704712e+00 4.211659264968262151e-02
1.595011631647745842e+00 3.797874378721922684e-01
1.596677762766679054e+00 1.237521054470150511e-01
1.601347982883453369e+00 5.102445292768758023e-01
1.608376661936442131e+00 2.861353074602909219e-01
1.613018671671549553e+00 3.556489032598699751e-01
1.614336689313252693e+00 2.163802985621003372e-01
1.618349989255269294e+00 5.151340346107606827e-01
1.620659659306208367e+00 4.648872043092279471e-02
1.625323027372360229e+00 2.343404389156656664e-01
1.631328284740447998e+00 1.127748464698000511e-02
1.632667978604634529e+00 2.218007852779035893e-02
1.640334357817967659e+00 3.184327656737045986e-01
1.643333355585734123e+00 1.453198826876719307e+00
1.657037685314814324e+00 8.494160306867874755e-05
1.657331685225168938e+00 1.308733219139714965e-01
1.659317294756571526e+00 2.175017989200190294e-01
1.667318681875864739e+00 7.787371819355477509e-01
1.667996048927307129e+00 1.416570705602495095e-01
1.668003698190053230e+00 2.221941163207830083e-01
1.677030007044474358e+00 3.380472389451474879e-01
1.678616642951965332e+00 1.139030965431704102e-02
1.687674959500630623e+00 6.278865658983936449e-01
1.689324696858723884e+00 1.519250155848786976e-01
1.690993656714757210e+00 5.261117166374559839e-02
1.692973315715789795e+00 1.280966797678733705e-02
1.696689327557881599e+00 4.752196491964387759e-01
1.700346986452738518e+00 1.189425640714265181e-01
1.701976001262664795e+00 0.000000000000000000e+00
1.703316609064738030e+00 3.807492596814397445e-01
1.713993350664774651e+00 4.760408801757117225e-01
1.714683691660563225e+00 4.669118834764290904e-01
1.717660963535308838e+00 7.361012433789362319e-01
1.720000962416331047e+00 2.463343109600649450e-01
1.722676634788513184e+00 1.586411860698746373e-02
1.723036011060078865e+00 1.209012407351938295e-01
1.726323644320170159e+00 1.791689045699085825e-01
1.726328293482462639e+00 4.885575788824896848e-01
1.729310969511667961e+00 0.000000000000000000e+00
1.739971319834391350e+00 1.265594924690059131e-01
1.744003673394521003e+00 1.624433154433166937e-01
1.744348704814910889e+00 1.289031026856492623e+00
1.752662012974421257e+00 1.018675532682354223e+00
1.754345357418060303e+00 1.404992040568039613e+00
1.759336670239766365e+00 1.410765844017990156e-02
1.762669324874877930e+00 1.941883061781964764e-02
1.769680961966514587e+00 4.510564495129583927e-03
1.772335280974705940e+00 5.758351356500274881e-02
1.774654706319173103e+00 1.056165440011880841e-01
1.777330001195271736e+00 1.044664385367749387e-01
1.777974009513854980e+00 9.282450654533493939e-01
1.778677999973297119e+00 1.134527023742888246e-01
1.780363321304321289e+00 9.198284177793710770e-01
1.783672014872233147e+00 7.898336765606084331e-03
1.792667965094248528e+00 5.436878667876609006e-01
1.793670614560445076e+00 2.576415019584624710e-01
1.794696688652038574e+00 1.041104705309606748e+00
1.795353333155314202e+00 3.334648581021070757e-01
1.798330028851826912e+00 2.892060516720190155e-01
1.800690953930218940e+00 8.547169315407654455e-01
1.800976713498433357e+00 7.005286636856515869e-01
1.808002352714538574e+00 1.714989574985835152e-01
1.809319972991943359e+00 4.477247907384301895e-01
1.815672338008880615e+00 4.960355895093867540e-01
1.819964359203974480e+00 1.007532589411881396e+00
1.820003668467203850e+00 1.669812534851450869e-01
1.821009953816731697e+00 3.014537361699038520e+00
1.823003331820170159e+00 3.316655461857439535e-01
1.824663321177164788e+00 8.558467210171029071e-01
1.825656652450561523e+00 1.379480915866858337e-01
1.827025284369786506e+00 2.175639321350889777e+00
1.830026666323343987e+00 1.634078604774558130e+00
1.832980036735534668e+00 0.000000000000000000e+00
1.840326666831970215e+00 1.748308663206568747e+00
1.843652009963989258e+00 4.504366057408193957e-01
1.854319701592127556e+00 2.476660960201656270e+00
1.855663339296976799e+00 2.558079812564089672e-01
1.859659691651662117e+00 3.575014609709191715e-01
1.860327005386352539e+00 1.722404600398722008e-01
1.864320000012715584e+00 1.983493375781141710e+00
1.867317010958989387e+00 1.175654072127574196e-01
1.868673304716746086e+00 8.337189938063122030e-01
1.876981005072593689e+00 1.737287821055552572e-01
1.877986669540405273e+00 2.807746935612243644e-01
1.880006968975067139e+00 0.000000000000000000e+00
1.887010057767232185e+00 3.133809574041276913e-02
1.889652351538340325e+00 2.715561411738488529e-01
1.891969998677571541e+00 4.100709573765169941e-04
1.891973336537678962e+00 3.169157053928637474e-02
1.898990988731384277e+00 8.714183216192802894e-02
1.899020036061604744e+00 1.072456095940645671e-01
1.901648660500844246e+00 7.133878340149543140e-01
1.903353333473205566e+00 5.999197892623584494e-01
1.905677020549774170e+00 8.034785864152160784e-01
1.905994733174641853e+00 1.795131706686723172e+00
1.907326976458231682e+00 3.657933261268045411e-02
1.927310705184936523e+00 1.449307250132608749e+00
1.939303735891978020e+00 1.782831206260699491e-02
1.940336028734843010e+00 0.000000000000000000e+00
1.941678345203399658e+00 1.473662016499288185e+00
1.948674390713373894e+00 5.513262473832158950e-01
1.967693328857421875e+00 8.321351806574214249e-01
1.968315998713175530e+00 5.846348819164539634e-01
1.970991651217142815e+00 3.163222435525785137e-02
1.973307718833287483e+00 2.608370979775878062e-01
1.974980036417643303e+00 1.790586741237739365e-01
1.977356672286987305e+00 5.135887934602202387e-01
1.979352672894795662e+00 1.420397231034242314e+00
1.980310320854187012e+00 2.059125316212081780e-01
1.991646955410639519e+00 3.271393385383246089e-01
2.004010041554769028e+00 1.011918872080728588e-01
2.007008711496988784e+00 7.120093583239944790e-01
2.007331669330596924e+00 5.020925330959975785e-02
2.011659304300943862e+00 6.610685768933078910e-01
2.011680006980895996e+00 2.131105078095381966e+00
2.012326637903849136e+00 6.238978163939739030e-01
2.016656637191772461e+00 1.600703609230889057e+00
2.021026372909545898e+00 1.108121084209950036e+00
2.021343350410461426e+00 1.226611114324947620e-02
2.029039978981018066e+00 8.025079981296239229e-01
2.030979990959167480e+00 6.154470835500978065e-01
2.041003723939259995e+00 7.640392173812045051e-01
2.044309973716735840e+00 9.398872324107780951e-01
2.046322683493296157e+00 6.531712879786471929e-05
2.046679973602294922e+00 2.859520858389525411e-01
2.049976627031961929e+00 3.428026594063593446e-01
2.050997674465179443e+00 7.493099234287430022e-02
2.055659969647725571e+00 2.874830105771450928e-01
2.055993606646855820e+00 7.965000678904629039e-01
2.059026072422663223e+00 8.163502051298647186e-03
2.059656659762064468e+00 2.758424807340519869e-01
2.060372372468312729e+00 2.663788863421043818e-01
2.064029673735300552e+00 1.281591687654228817e+00
2.068640311559041489e+00 2.002980634246189495e-01
2.069298962752024185e+00 2.535403490074282506e-02
2.076653361320495605e+00 2.006443691061480794e-01
2.078020373980204116e+00 1.091317225937861977e-02
2.078666965166727554e+00 2.916605012008756104e-01
2.081330696741739761e+00 1.946680494719092103e+00
2.085016647974649917e+00 4.016335240568177367e-01
2.090003371238708496e+00 7.873416567157247303e-02
2.093636631965637207e+00 2.889778922630789615e-01
2.094334969917932998e+00 4.641316546774684748e-02
2.099662403265635024e+00 1.556439192730247445e+00
2.101000030835469712e+00 1.175884903071169774e+00
2.103348672389984131e+00 6.245796411798201220e-01
2.105643987655639648e+00 1.113252100619904983e+00
2.109670678774515640e+00 4.816334480591669132e-01
2.110326647758483887e+00 6.925976339076514998e-01
2.112335920333862305e+00 2.750874428289900447e-03
2.114340345064798843e+00 1.593047505563318922e-01
2.120683312416076660e+00 3.333885494609803435e-02
2.122656663258870591e+00 9.839721420616179826e-01
2.127654035886128892e+00 8.761284597473528724e-02
2.128696680068969727e+00 4.535704470085780149e-01
2.129329363505045425e+00 2.698552997024941669e-02
2.130001932382583618e+00 6.625532880572240213e-01
2.137993375460306655e+00 1.594852219051190234e+00
2.151031951109568130e+00 1.400026865567847167e+00
2.152314374844233047e+00 0.000000000000000000e+00
2.152676701545715332e+00 9.380995537826808395e-01
2.154309689998626709e+00 5.177484431015978977e-04
2.158016641934712876e+00 1.768491430753863725e+00
2.166009028752645005e+00 1.941015052135326713e-01
2.166640003522237290e+00 5.112738590554228857e-01
2.171343346436818589e+00 3.789815415992421610e-02
2.176996608575185288e+00 5.897482349150953151e-01
2.178660313288370620e+00 2.472140029019947172e-01
2.179995616277059067e+00 6.289002494405807053e-02
2.180320700009664048e+00 7.131010377822519231e-02
2.185310045878092300e+00 1.903274041337429390e-01
2.186646660168965806e+00 9.513690012043101163e-01
2.193710982799530029e+00 3.257604232059032601e-01
2.198989987373352051e+00 1.625573895999941343e-01
2.201656063397725571e+00 1.821437038074459613e-01
2.202018022537231445e+00 1.626045303965870215e+00
2.203006664911905776e+00 6.392192097672655393e-01
2.203343272209167480e+00 1.401273726183116797e-01
2.209976633389791001e+00 1.137773412912747029e+00
2.212998966375986587e+00 7.129976808617265460e-01
2.213328739007314194e+00 4.951711987891721511e-01
2.221326669057210434e+00 1.291538652660376429e-01
2.222653627395629883e+00 1.504627724104222297e+00
2.223633964856465806e+00 5.159190236592010592e-01
2.232340057690938462e+00 2.422359732441504293e-02
2.233334660530090332e+00 9.803861132324342975e-02
2.235648334026336670e+00 1.319254085691050182e+00
2.236333330472310532e+00 1.648629455960930190e-01
2.237013260523478042e+00 1.816551649708699201e-01
2.237668931484222412e+00 1.074936978038308011e+00
2.239020307858785142e+00 1.892867615492124789e-01
2.239647944768270005e+00 6.089693522765210476e-01
2.251330018043518066e+00 0.000000000000000000e+00
2.255315601825714111e+00 9.935238880393264249e-02
2.257353385289510239e+00 1.494364393176982608e-01
2.258330980936686050e+00 9.036596792765141384e-01
2.258976658185323227e+00 2.084328328327817448e-01
2.259050011634826660e+00 2.259868674746589590e-01
2.260666608810424805e+00 4.877747579146993750e-01
2.260703672965367783e+00 5.459696610778096149e-02
2.269966642061869155e+00 0.000000000000000000e+00
2.275996645291646470e+00 1.476172000247646388e+00
2.276654342810312759e+00 6.924969662208921295e-02
2.278322060902913559e+00 7.761680061770879213e-01
2.278347969055175781e+00 2.241353362793690462e-01
2.282669941584269058e+00 5.911037075837848320e-01
2.285976688067118179e+00 1.178854228422631989e+00
2.287002027034759521e+00 6.555533472580838718e-03
2.288659632205963135e+00 6.316118188813929502e-01
2.291680057843526352e+00 1.791243337951909931e-01
2.296330054601033677e+00 2.733919547629206637e-01
2.297963698705037583e+00 5.119721763028789452e-01
2.303020000457763672e+00 1.866575532469125914e-02
2.305647353331247817e+00 3.481558268542149503e-02
2.306976715723673355e+00 1.469985207073997990e-01
2.310707390308380127e+00 4.279003444441529802e-01
2.311000029246012222e+00 1.108299154466646730e+00
2.315659960110982407e+00 9.556618948216881460e-02
2.317666610081990708e+00 1.026395222700691862e-01
2.319019933541615952e+00 3.955250957712621029e-01
2.319990595181783188e+00 1.205591240548959803e-01
2.319994966189066421e+00 6.388114352582408006e-02
2.321643392244974624e+00 9.833409272440993276e-02
2.324013272921244155e+00 1.413723684909620193e-01
2.324643373489379883e+00 1.841056098367010174e-01
2.329664607842763413e+00 2.785980100724225195e-01
2.331323305765787612e+00 1.054092329690545782e-01
2.333323319753011216e+00 1.649319822999605611e-01
2.336650013923645020e+00 2.201629786870010208e-02
2.339666982491811265e+00 1.423475004808192612e-01
2.340670327345530044e+00 1.189315382121693743e+00
2.343359986941019546e+00 4.652724552439190253e-01
2.344668368498484146e+00 2.248603924169114421e-01
2.345986723899841309e+00 1.389722001779168048e+00
2.346323291460672866e+00 7.661018340763061651e-01
2.346993287404378403e+00 8.480663590507624416e-01
2.347351402044296265e+00 6.839686880915189088e-03
2.351668377717336167e+00 2.131465074040505836e-01
2.361989974975585938e+00 2.579595316027991636e-01
2.362632989883422852e+00 1.248091779005571778e-01
2.365673343340555679e+00 1.500227656863011072e+00
2.366007645924886216e+00 8.588852662527776682e-02
2.366993347803751480e+00 2.377044954614417893e-01
2.373323003451029312e+00 5.073793353701669395e-02
2.379007637500762939e+00 3.889655036310221137e-01
2.381303389867146958e+00 2.331799975702469191e-02
2.386023402214050293e+00 8.741440887918093539e-02
2.387996713320414077e+00 2.527555061044352569e-01
2.391329964001973618e+00 1.208587509110745861e+00
2.393665313720703125e+00 8.417048703522522768e-02
2.393680016199747573e+00 2.302558301559597814e-02
2.393693367640177261e+00 4.033240409427534812e-01
2.395674983660379898e+00 2.591118279101357058e-01
2.398686647415161133e+00 1.178812390954724787e+00
2.413679281870523941e+00 3.190583241655563507e-01
2.414996623992919922e+00 2.957584205646985875e-01
2.417651375134786118e+00 2.607055607637443373e+00
2.424317002296447754e+00 1.075822170178441714e-02
2.427000085512796890e+00 8.929209391520764871e-01
2.430023272832234849e+00 5.022886552844302299e-01
2.435973644256591797e+00 1.045012736064164227e-01
2.440686702728271484e+00 2.332657252915607271e-01
2.452701250712076675e+00 9.627191499548487519e-01
2.457306663195292007e+00 5.252085082418768147e-01
2.458326657613118638e+00 3.291805935346226453e-01
2.459659735361734878e+00 1.693384121267104803e+00
2.466686646143595230e+00 1.354963985252723102e+00
2.467309991518656265e+00 9.296070719715450181e-01
2.471016665299733628e+00 1.039752004185116787e-03
2.473023255666097153e+00 3.393550169818497220e-01
2.477348009745279800e+00 3.781788062603962386e-01
2.479316671689351548e+00 8.505124247785004199e-01
2.480663379033406724e+00 5.955377983066295622e-01
2.490012685457865249e+00 7.189437655058658061e-01
2.491653323173522949e+00 0.000000000000000000e+00
2.494329969088236343e+00 1.758049738842149268e-01
2.496009270350138198e+00 1.671895681605016559e+00
2.496693293253580581e+00 2.189258664915430183e-02
2.499329964319864761e+00 1.275842805161753857e+00
2.500366648038228501e+00 1.834519221910947184e+00
2.504640022913614761e+00 1.177362314026595136e-01
2.505333006381988525e+00 3.058228780680731784e-01
2.505689938863118638e+00 2.828768287957467500e-02
2.507673263549804688e+00 1.188183739473173822e-01
2.508679986000061035e+00 1.344213993651645622e-01
2.510653257369995117e+00 1.464723000706833922e+00
2.514306704203287612e+00 5.051708693453401539e-02
2.514340043067932129e+00 1.509620483277028247e-01
2.514673352241516113e+00 1.753680598810508917e-01
2.517663617928822983e+00 5.298508968059609248e-02
2.519660929838816177e+00 1.217842050627512940e+00
2.520018339157104492e+00 2.062161097615444194e-01
2.522679924964904785e+00 2.045560005219169628e-02
2.525683323542276870e+00 1.490078155630182533e+00
2.526664992173512925e+00 2.251281772176434992e-01
2.527966658274332534e+00 1.155941965706718810e-01
2.529006044069925796e+00 1.201505023701983366e-01
2.531023383140563965e+00 8.905572859133982222e-01
2.535010019938150894e+00 1.081333253660585886e-02
2.537023266156514634e+00 1.249321812641108476e-01
2.538333336512247573e+00 4.241083415644298499e-02
2.542993307113647461e+00 1.296415689691034823e+00
2.546990036964416504e+00 1.233786465072332292e-02
2.548010071118672837e+00 9.111785878863392085e-01
2.550653298695882309e+00 1.387229040619303744e+00
2.552328070004781235e+00 1.231850807542953646e-02
2.553007622559865464e+00 3.795068966506209840e-01
2.556333978970845688e+00 3.820068477969381093e-01
2.562689979871114243e+00 1.621133298818828727e-01
2.568019688129425049e+00 0.000000000000000000e+00
2.568303346633911133e+00 1.260528917140914529e-01
2.568333069483438980e+00 3.260724295939003703e-01
2.569299936294555664e+00 1.266285271908475507e-01
2.571656703948974609e+00 2.055977385491360165e-01
2.572983384132385254e+00 8.793269542077175940e-03
2.580999970436096191e+00 1.497433770817450771e+00
2.581306616465250503e+00 5.319655620040136812e-01
2.584994037946065415e+00 8.891526667081928181e-01
2.588012735048929702e+00 0.000000000000000000e+00
2.590994715690612793e+00 7.494069579296723516e-02
2.593653361002604019e+00 4.788875546305427361e-02
2.595349947611490737e+00 1.080019350617760290e-02
2.595353980859120835e+00 2.945416358630531528e-01
2.597003300984700669e+00 1.229462683506847398e+00
2.599666714668273926e+00 2.339704312756572813e-01
2.604673266410827637e+00 9.778977609373237789e-02
2.604979952176412095e+00 7.856484149540230444e-01
2.619683305422464858e+00 2.866347957130541135e-01
2.620001594225565444e+00 2.259282633600511847e+00
2.623003284136454116e+00 5.605255854781114599e-02
2.626675327618916977e+00 1.613316923928211355e-01
2.638663291931152344e+00 3.525301337323057949e-01
2.641345620155334473e+00 4.365728093931194875e-01
2.643330057462056626e+00 4.125809931979056155e-02
2.646996279557546128e+00 5.021598041980295246e-01
2.648979981740315903e+00 3.900469065824545972e-02
2.649663368860880386e+00 9.127254342098463369e-02
2.657320062319437515e+00 1.169033942958701000e-01
2.657339930534362793e+00 1.330899952534404622e-02
2.663329919179280747e+00 1.175958248440739651e-01
2.663669943809509277e+00 1.234257731581446700e-02
2.664993246396382798e+00 5.804787186088650186e-01
2.666676640510559082e+00 4.559547610497974302e-01
2.668369074662526597e+00 6.064817349267981848e-03
2.669326702753702651e+00 4.736834377305931265e-01
2.669989347457885742e+00 9.297000158422217761e-03
2.672624329725901138e+00 1.038094736467129742e-01
2.674014051755269517e+00 2.203065794646370090e+00
2.677650411923726548e+00 5.725487159742239651e-01
2.679319977760314941e+00 1.004063163501678346e+00
2.682646711667378892e+00 4.479024064165719743e-01
2.685010929902394761e+00 3.996929679838571170e-01
2.686006625493367661e+00 1.008727160615591756e-01
2.686352352301279556e+00 4.306668558987943318e-01
2.688303093115488540e+00 4.523578433322365117e-02
2.692676365375518799e+00 1.252272460977559954e+00
2.695986708005269517e+00 1.107677464362393227e-01
2.697009960810343276e+00 2.921711192553019809e-02
2.705350041389465332e+00 2.693866965867413588e-01
2.708680033683776855e+00 2.249897607641336561e-02
2.716315309206644546e+00 1.461216890119335865e+00
2.716328968604405869e+00 2.831161257640223972e-01
2.718296647071838379e+00 8.636930521684461626e-01
2.724310040473937988e+00 3.467490233784288889e-01
2.739989995956420898e+00 5.217734068342670950e-01
2.740673263867696274e+00 4.707297606527853229e-01
2.741000016530354966e+00 1.748530093195378887e+00
2.742336630821228027e+00 1.284693639870780960e-02
2.745010316371917725e+00 7.023323971706636470e-01
2.750331948200861465e+00 0.000000000000000000e+00
2.750361363093058120e+00 5.831810011854156039e-01
2.752023339271545410e+00 1.146943720575245435e-01
2.752691348393758286e+00 4.970927136285913789e-02
2.761662046114603530e+00 1.018654117115551427e+00
2.766653299331665039e+00 2.003128115901027795e-01
2.769326607386271011e+00 3.268669814510161142e-02
2.773663282394409180e+00 2.990757939185375580e-01
2.773686726888020981e+00 1.375756340047755433e-01
2.777033408482869614e+00 2.594261653636831776e-03
2.778629660606384277e+00 3.398062191928244991e-01
2.780336995919545640e+00 9.955139833446506256e-03
2.789336681365966797e+00 1.099763294172756561e-01
2.790316700935363770e+00 7.926554947139907714e-02
2.790633281071980942e+00 2.087183606985427431e-01
2.793653329213460434e+00 1.242322214865514973e-01
2.793983340263366699e+00 2.239931982312243497e-01
2.794343272844950210e+00 1.297137775128747728e-01
2.796000003814697266e+00 1.947128416447379551e-01
2.797663410504659165e+00 1.200821783838478332e-02
2.798006614049275864e+00 3.858196825599389257e-01
2.799313306808471680e+00 2.084385110048005418e-01
2.799663345019022476e+00 1.063615181886142652e-01
2.803316672643025864e+00 4.204695114282775564e-03
2.806660016377767075e+00 3.477496135944460054e-01
2.818336685498555649e+00 2.417972616745212369e-02
2.820677399635314941e+00 1.489421830512211553e+00
2.823680003484090317e+00 1.391704447408086305e-02
2.825993339220682632e+00 3.891038377541225501e-01
2.830348769823709976e+00 6.496580376426618342e-01
2.831673383712768555e+00 7.354887820372423279e-01
2.838636676470438491e+00 1.308732970895332692e-01
2.843329866727193345e+00 3.797359092455686591e-01
2.844326655069986831e+00 1.138521260594067330e+00
2.847993373870849609e+00 3.908770298948304584e-04
2.848333358764648438e+00 1.182029726157363791e+00
2.859033346176147461e+00 1.736804150783614054e-01
2.861673394838968765e+00 1.706867089625496436e-01
2.861983338991800796e+00 1.116147527562370012e-01
2.864306608835855972e+00 8.966530613812305484e-02
2.866979996363321792e+00 9.405043282109146752e-01
2.869296550750732422e+00 7.297973903806227736e-02
2.878346681594848633e+00 4.831128054580808295e-01
2.882313291231791030e+00 2.748692232456087861e-02
2.883330027262369644e+00 5.123022617172924287e-01
2.884300688902536880e+00 9.986933775010881087e-02
2.888303319613138687e+00 9.407731873876086226e-01
2.888306657473246108e+00 3.430587657118500111e-01
2.889364302158355713e+00 0.000000000000000000e+00
2.894016663233438980e+00 5.945213492332812599e-01
2.894996643066406250e+00 1.502999639383947039e-01
2.897683342297872056e+00 5.818570282876529831e-02
2.907003402709960938e+00 3.574845648099306827e-01
2.908330976963043213e+00 2.624856181090771123e+00
2.908996621767679702e+00 1.005247021080156872e-01
2.914000322421391953e+00 1.091984473496718566e+00
2.914006670316060532e+00 2.104260493563566148e-01
2.914700647195180405e+00 4.683348099865607128e-02
2.924676656723022461e+00 1.120022225950348116e-01
2.925319989522298325e+00 2.620967556872002557e-01
2.931659301122029770e+00 1.591399336291720017e-03
2.934353272120157730e+00 1.622657438818493336e-01
2.935993432998657227e+00 4.066270207813435511e-01
2.936636686325073242e+00 2.023921647451327188e-01
2.936970035235086929e+00 3.581878030632569820e-01
2.937346696853637695e+00 1.247382635456625977e+00
2.941320101420084487e+00 7.389403846066052717e-01
2.944676717122395981e+00 2.175497602386380069e-01
2.945006569226582993e+00 7.392474805254938041e-04
2.945647378762563218e+00 4.045077880320355201e-02
2.947303295135498047e+00 3.910743040752025224e-02
2.948010007540384780e+00 1.328795547764984875e-01
2.949023326237996567e+00 2.540375823195396957e-05
2.949030001958211411e+00 1.995546161988302480e-01
2.949306309223175049e+00 1.663505733194552416e-01
2.951982657114664566e+00 1.860750724962715985e+00
2.953360001246134292e+00 9.263397022788744106e-02
2.954983274141947280e+00 4.997234912076118918e-01
2.956632971763610840e+00 8.890163406002071778e-02
2.960676749547322739e+00 1.150743007932240464e-01
2.961998393138249863e+00 2.282417147858171458e-01
2.965670297543207656e+00 0.000000000000000000e+00
2.966679890950520981e+00 3.860686813433783504e-01
2.967689990997314453e+00 5.366108348614497814e-01
2.967999974886576187e+00 2.106586249792203325e-01
2.968995024760564316e+00 7.917628350235858536e-02
2.979680061340332031e+00 7.748384253096717023e-02
2.979980031649271499e+00 2.016408463347875157e-01
2.982643286387125503e+00 1.110868125019182640e-01
2.986316641171773423e+00 1.675865359164575158e-02
2.991350015004476059e+00 2.258572363991291632e-01
2.999963442484537612e+00 1.620009373163276978e-01
3.022680004437764634e+00 3.025538324681463220e-01
3.023010055224100601e+00 1.499632023000345600e-02
3.024996717770894517e+00 4.017475965804982452e-01
3.027351975440979004e+00 8.022057621841578445e-01
3.035362660884857178e+00 5.123297273584294723e-03
3.036333322525024414e+00 0.000000000000000000e+00
3.038686633110046387e+00 1.928957035005261222e-01
3.042666753133138169e+00 1.078160193562833491e-01
3.045989990234375000e+00 3.154268072778085991e-02
3.049696683883666992e+00 3.162464570984231949e-01
3.050629933675130356e+00 4.171022275452795358e-01
3.051683266957601059e+00 5.206602213268194390e-01
3.058979948361714829e+00 1.571813255809137999e-01
3.059649944305419922e+00 7.125110716659071031e-01
3.061956683794657241e+00 2.850010620188462851e-01
3.063986619313558091e+00 1.672932242945053827e-01
3.064659317334493149e+00 2.530910636259676161e-01
3.066336711247762192e+00 7.839633188318976265e-01
3.069330016771952163e+00 1.070975924019310355e-01
3.069993257522583008e+00 3.199815807655163047e-01
3.074009974797566880e+00 0.000000000000000000e+00
3.074326674143473159e+00 2.780645109204715193e-01
3.080343246459960938e+00 1.067667632927635335e+00
3.081026713053385269e+00 1.463480106035651984e-01
3.083983043829599868e+00 7.996724486123628350e-02
3.085993289947509766e+00 1.144197263130532605e+00
3.086656610171000015e+00 2.468997065635488153e-01
3.091016689936319839e+00 2.859362874240938823e-01
3.099659999211629380e+00 1.560157374240901673e-01
3.099665095408757676e+00 1.310963780026376257e-01
3.101639986038208008e+00 6.619058940031518484e-03
3.105996688206990708e+00 7.722062862664302862e-02
3.106000026067098130e+00 8.536104392830916321e-03
3.113019943237304688e+00 8.810300464583272761e-01
3.116661230723063003e+00 4.216262414954778659e-02
3.120679934819539536e+00 3.072813053397752819e-02
3.122640053431192886e+00 8.966918161465776693e-01
3.126327027877171982e+00 1.647598386210513688e-01
3.127326647440592300e+00 1.399245754585121682e-01
3.127983450889587402e+00 1.673048781030003762e-01
3.130313316980997573e+00 3.895749139604329225e-01
3.132999976476033677e+00 2.328715403485971391e-01
3.145323395729064941e+00 9.231639134071127906e-01
3.151346604029337417e+00 7.246509410568351406e-01
3.155323266983032227e+00 2.814375798800891268e-02
3.155661265055338394e+00 5.897224462245760634e-02
3.155993262926737319e+00 8.297718425395041175e-02
3.156326651573181152e+00 4.797218554920043565e-02
3.163332978884378921e+00 1.023928149462558501e+00
3.163972993691762436e+00 1.675256710186631692e-02
3.165339946746826172e+00 3.297103687640685898e-02
3.165974438190460205e+00 1.021145371449944383e-01
3.175676584243774414e+00 6.384790870175723054e-02
3.182003418604532730e+00 9.849891973013810142e-01
3.182333270708719741e+00 6.613282143567889015e-01
3.184986670811971177e+00 1.578135704007518125e+00
3.186685224374135483e+00 1.572483093441048863e-01
3.193629980087280273e+00 6.540895880426024489e-02
3.196646690368652344e+00 5.390764132788398999e-02
3.196996609369913589e+00 2.646574220666594313e-01
3.199339906374613296e+00 2.336178407848634939e-02
3.213034987449645996e+00 2.635599895712478768e-01
3.221646626790364731e+00 6.209383808934752043e-04
3.222326795260111343e+00 9.009258861270200147e-02
3.231326659520467270e+00 1.128642808742293946e+00
3.233026703198750962e+00 8.468019633029364446e-01
3.243633270263671875e+00 1.331478446473894073e-01
3.243652661641438950e+00 3.768816697025605816e-02
3.247660120328267563e+00 8.686502444779271581e-01
3.261996746063232422e+00 8.291405808563778734e-01
3.266656756401062012e+00 1.592569128817825433e-02
3.267976681391397964e+00 6.243901069668008480e-02
3.272333383560180664e+00 2.062213489580847457e-03
3.275683323542276870e+00 1.490454513747515031e-01
3.278646409511566162e+00 1.007474123486707673e-01
3.279330054918924819e+00 1.387930423718395090e-01
3.281978329022725571e+00 6.175603256562780530e-01
3.283993323644002427e+00 1.419416455053307824e-01
3.288016597429911148e+00 1.311636760952243907e-01
3.294010043144226074e+00 1.458954328487827024e-01
3.298676729202270508e+00 3.745511391152863689e-01
3.299333413441976059e+00 1.254354914695595402e-01
3.312619924545288086e+00 1.510904159047043172e-01
3.331319967905680191e+00 1.731726742116896256e+00
3.350996653238932144e+00 2.054184784287208521e-01
3.357033292452494155e+00 2.314074917834808842e-01
3.358663320541381836e+00 9.449097060105572377e-01
3.362326701482137192e+00 2.175268853005182801e-01
3.366666634877522934e+00 8.304266021649122642e-01
3.374320030212402344e+00 3.491341115674346796e-01
3.387306610743204605e+00 4.420744105306300027e-03
3.387656688690185547e+00 5.206691402076644160e-01
3.390676776568094741e+00 6.520144885717076011e-02
3.394679943720499526e+00 6.650305627467243408e-01
3.405693292617797852e+00 0.000000000000000000e+00
3.415006558100382339e+00 6.247215089365921320e-02
3.419683297475179184e+00 1.631656610421774178e-01
3.420003255208333481e+00 3.445444380184147642e-02
3.420690298080444336e+00 1.338275952174723948e-01
3.436663230260213364e+00 4.047804395409552308e-02
3.442343314488728989e+00 4.766203711545750898e-02
3.443013230959574233e+00 4.352616209233479971e-02
3.462990005811055649e+00 1.084655843847202872e-02
3.476350069046020508e+00 3.455207855451984944e-01
3.488666693369547378e+00 7.314385367982764730e-02
3.489306529362996567e+00 6.356526287888097926e-01
3.492672959963480483e+00 4.551686768933613524e-06
3.492973407109578599e+00 4.705444074948900712e-01
3.504683415095011245e+00 1.278291373944726028e-01
3.506346702575683594e+00 1.833563499604567645e-03
3.508019884427388657e+00 5.990650740108146438e-02
3.514023383458455552e+00 7.369776812188394638e-04
3.521023352940877427e+00 3.210860339104570360e-01
3.538333336512247573e+00 1.475786254580520596e-01
3.547310074170430649e+00 1.427457014282260406e-01
3.547663291295369614e+00 7.152701681146701740e-02
3.553333282470703125e+00 5.491537522141738403e-01
3.558999935785929214e+00 3.300977679112628710e-02
3.564353386561075698e+00 8.434764616013655791e-01
3.564673304557800293e+00 1.934893990279189291e+00
3.569003343582153320e+00 6.081856319906223107e-02
3.573320070902506362e+00 2.394024537014096538e-02
3.574663321177164566e+00 2.405947338676828751e-01
3.585666656494140625e+00 3.222540453801674837e-02
3.591656605402628433e+00 1.038193182620782640e+00
3.599663217862447251e+00 6.034489891954999408e-01
3.600009997685750474e+00 2.325344735113442363e-01
3.600339968999227036e+00 2.736076712587251492e-01
3.600673437118530273e+00 1.237572557974572773e-02
3.600680112838745117e+00 2.139119490852406380e-01
3.610986630121866714e+00 5.452522209243493637e-03
3.612349987030029297e+00 9.457065456359139421e-01
3.612983306248982895e+00 1.033955739657977657e-01
3.622343301773071289e+00 6.992980691424284245e-01
3.622976660728454590e+00 3.454263336977997367e-01
3.629336595535278320e+00 0.000000000000000000e+00
3.633336782455444336e+00 5.851234217278931116e-01
3.637313286463419448e+00 1.836434926123390043e-01
3.646676699320475112e+00 8.373228742932312674e-01
3.650676608085632324e+00 2.437758077967689535e-02
3.653340101242065430e+00 3.721412006616160451e-01
3.657986640930175781e+00 8.062350318687161455e-01
3.664330005645751953e+00 3.300797692938136074e-01
3.667323350906372070e+00 5.844647445742078701e-02
3.668016672134399414e+00 2.089327801675226748e-01
3.674330075581868638e+00 2.395113114085919634e-02
3.685973405838012695e+00 4.362873337550565722e-02
3.687003294626871597e+00 1.326006164035344326e-01
3.697009960810343276e+00 1.039729236360063647e+00
3.706996679306030273e+00 1.148258212224177212e-02
3.724020083745320786e+00 0.000000000000000000e+00
3.730000019073486328e+00 2.841748378300076178e-02
3.730990012486775864e+00 6.753831444184890120e-01
3.738656679789225112e+00 1.026786857836387679e+00
3.765996615091959487e+00 0.000000000000000000e+00
3.770363410313924302e+00 3.755033747229726826e-01
3.775003274281819809e+00 1.147137769922589756e+00
3.776656707127889145e+00 0.000000000000000000e+00
3.776993354161580552e+00 4.398688895622837602e-01
3.778343359629313003e+00 1.783279120157618136e-01
3.782013416290283203e+00 1.318942537036588494e-02
3.786359945933023941e+00 2.267110781006491382e-02
3.798003435134887695e+00 7.138437227474447866e-02
3.806339979171752930e+00 3.768846724787121120e-03
3.807663281758626450e+00 5.944020335871489508e-02
3.830979983011881362e+00 3.727733334322121950e-01
3.837973276774088394e+00 5.588831028613697183e-02
3.855686664581298828e+00 9.441171503025436174e-01
3.859323263168334961e+00 1.751695173605208211e+00
3.886673291524251450e+00 1.021253164711387329e-01
3.888016700744628906e+00 1.387028652813543893e-02
3.890996853510538589e+00 7.174884446513716263e-01
3.897320032119750977e+00 1.838657026878055545e-01
3.902003208796183120e+00 3.798958296847849969e-02
3.954659938812255859e+00 3.614826809797014318e-01
3.979703267415364731e+00 5.533276152742280241e-01
3.991956631342569839e+00 8.076323089389460252e-02
4.001020034154255889e+00 9.622632774335552197e-01
4.010346730550129912e+00 2.703685876440751756e-01
4.015983343124389648e+00 2.587264624225084630e-01
4.029019912083943389e+00 0.000000000000000000e+00
4.145680109659831025e+00 9.612935134870300713e-01
4.162339925765991211e+00 2.479816121778455340e-02
4.212030013402302764e+00 2.635599895712478768e-01
4.253326654434204102e+00 1.246763296452086112e-01
4.255990028381347656e+00 1.411837986034796544e-01
4.272663354873657227e+00 1.017969290051344622e+00
4.281323432922363281e+00 9.992175000235604676e-01
4.330663363138834931e+00 2.730452518458112543e+00
4.346993366877238252e+00 5.025648780262508691e-02
4.380330085754394531e+00 7.653189535505941499e-02
4.434663375218709014e+00 1.007323433245161270e+00
4.462333361307780244e+00 4.340395157058258430e-02
4.568306605021159150e+00 6.009084840013451806e-02
4.600660006205241181e+00 3.754694443685364647e-01
4.700660069783528350e+00 1.328161626410959695e-01
4.716010014216105439e+00 1.785072109194902126e-02
4.720636685689290069e+00 2.702339048241448119e-02
4.747313340504963897e+00 1.396859023146027834e+00
4.785996754964192412e+00 6.678617809301454766e-01
4.788330078125000000e+00 6.994679765652031100e-04
4.795326709747314453e+00 2.672298372130410549e-02
4.817003329594929717e+00 1.502727443638199600e-01
4.822333335876464844e+00 5.075590595558964607e-02
4.840339978535969756e+00 4.699732605176419609e-02
4.842353343963623047e+00 1.313893841101447246e-01
4.856009960174560547e+00 4.716105253954864795e-01
4.871983369191487334e+00 1.729348597674231977e-02
4.872646729151408174e+00 2.706020292713500267e-02
4.905640125274658203e+00 5.868433712157917342e-02
4.931326707204182647e+00 2.205806083951615815e-01
4.955676555633544922e+00 2.044262173560580762e-04
4.970993359883626006e+00 8.701042485638302293e-02
4.982306798299153350e+00 4.398673763243973189e-01
4.992999951044718721e+00 1.084805999552392597e-01
5.000993251800537109e+00 8.065750861492945734e-02
5.007993221282958984e+00 2.843707078166413105e-02
5.024650096893310547e+00 1.005403367701542261e-01
5.036996682484944365e+00 2.606321303773515008e-01
5.059996763865153291e+00 2.012124173074844591e-01
5.079340060551960967e+00 1.334991480801754449e+00
5.081350008646647431e+00 5.611145470525259055e-03
5.101323286692301728e+00 1.027229915563685619e-02
5.104636669158935547e+00 1.587149871724612138e-02
5.105633417765299775e+00 8.290412943165872961e-02
5.105659961700439453e+00 5.023265897730813667e-02
5.106309890747070312e+00 1.349359722301732463e-02
5.112330118815104463e+00 1.143913786347386247e-01
5.130333264668782256e+00 4.181014096705575056e-02
5.142003456751505830e+00 1.657645989373394413e-01
5.156316598256428740e+00 3.268671213212573368e-02
5.158983389536540010e+00 0.000000000000000000e+00
5.163630167643229463e+00 2.548903308195176604e-02
5.164013385772705078e+00 1.501003837487846536e-03
5.174633502960205078e+00 4.326906648772452929e-02
5.178656578063964844e+00 0.000000000000000000e+00
5.204970041910807588e+00 2.267198739335414548e-01
5.205329895019531250e+00 2.162252076736637385e-01
5.214326699574788115e+00 6.739829853682907657e-02
5.214663187662760713e+00 1.057032916042363879e-01
5.215666770935058594e+00 4.542581737270703912e-02
5.216306686401367188e+00 1.000519233007692022e-01
5.216676712036132812e+00 8.898685989564161791e-02
5.218316713968913056e+00 8.100890657252328431e-03
5.218683401743571260e+00 3.946257292625927893e-02
5.225989977518717744e+00 0.000000000000000000e+00
5.229990005493164062e+00 6.949402213298531972e-03
5.232336680094401338e+00 3.659071009045322502e-03
5.234696706136067412e+00 5.045846804564790844e-02
5.241013367970784209e+00 1.036136221040000610e-01
5.245333353678385713e+00 2.532438366901811413e-02
5.256323337554931641e+00 3.431707343519132397e-02
5.258339881896972656e+00 1.397174645217976602e-02
5.258969942728678681e+00 9.547834143586579614e-02
5.258999983469645478e+00 5.155662408671564390e-02
5.260003248850504853e+00 1.004588500665766215e-01
5.261666615804036162e+00 4.545939205215872303e-02
5.262003262837727569e+00 9.020821486124941391e-02
5.263656775156657197e+00 3.631039641102094123e-02
5.267956733703613281e+00 4.177494275958056058e-02
5.268679936726887725e+00 1.884683299318122840e-01
5.270339965820312500e+00 4.192325113444329843e-02
5.275676568349202178e+00 7.168639467393095321e-02
5.276333332061767578e+00 2.891473448880635400e-02
5.276333332061767578e+00 1.334858237243472245e-01
5.277359962463378906e+00 1.051477624479160537e-02
5.282663345336914062e+00 1.958861712964684865e-01
5.286996682484944365e+00 6.953204217950875732e-02
5.319019953409831025e+00 5.897831087746389922e-02
5.323323408762614228e+00 7.247123012255115571e-01
5.325326601664225556e+00 8.952326255889441614e-03
5.326983451843261719e+00 1.966031225321331413e-02
5.327996730804443359e+00 2.616989681126592315e-03
5.328346729278564453e+00 2.191717327860016329e-01
5.332670052846272490e+00 1.814325497238946077e-03
5.340003490447998047e+00 8.734960709819003521e-02
5.349679946899414062e+00 2.204266542776395915e-02
5.351323286692301728e+00 2.753505176077742072e-03
5.352323373158772490e+00 6.714369440348867679e-02
5.362026691436767578e+00 9.015470375820262838e-02
5.378963311513264678e+00 1.910397294159844606e-01
5.389346599578857422e+00 2.998048885655787282e-02
5.391993363698323272e+00 5.268341023609744017e-02
5.401999950408935547e+00 3.043237667379012842e-02
5.404666741689045928e+00 2.524356520165929943e-02
5.404990037282307647e+00 2.146522790944032089e-01
5.406316757202148438e+00 4.125873313239379614e-02
5.406990051269531250e+00 1.150918050852987526e-02
5.410683314005534150e+00 2.560961894887954504e-02
5.411656697591145537e+00 9.027017330280961982e-02
5.411979993184407256e+00 1.673474377933724944e-01
5.417673428853352569e+00 3.202208532508173805e-02
5.422329902648925781e+00 6.472274828050275132e-04
5.427000045776367188e+00 4.958575233207634242e-02
5.435693264007568359e+00 1.067997856990154371e-01
5.437676747639973662e+00 1.785851599516652399e-02
5.439346790313720703e+00 3.623329746694212150e-02
5.449986775716145537e+00 9.105038619242553088e-02
5.464003403981526397e+00 7.115532765948150151e-02
5.464999993642170928e+00 3.174504056051694056e-01
5.466336568196614287e+00 3.351336533731359008e-02
5.466633319854736328e+00 2.251230141355955658e-02
5.467353343963623047e+00 1.811232430452872910e-01
5.474303404490153291e+00 7.448157645360294066e-02
5.474696795145670869e+00 1.675085228670520135e-02
5.475009918212890625e+00 1.028576551222427499e-01
5.477013429005940459e+00 3.944295715314919879e-05
5.477683226267497041e+00 2.008303122671002416e-01
5.485000133514404297e+00 8.198375694968192129e-02
5.485676765441894531e+00 4.536845989724046929e-02
5.487329959869384766e+00 1.807726554337225205e-02
5.492666721343994141e+00 5.443131492486811673e-04
5.495313326517741181e+00 7.264994944156626111e-02
5.497646808624267578e+00 0.000000000000000000e+00
5.499320030212402344e+00 4.142080360832141317e-02
5.499323368072509766e+00 4.048725646435753084e-02
5.507016658782958984e+00 1.048426044765077454e-02
5.516676584879557588e+00 2.356300580549161930e-02
5.518333276112874053e+00 4.445446692023499735e-02
5.518343448638916016e+00 1.901683659440028470e-02
5.519339879353840850e+00 3.614786264907791924e-02
5.523680051167805694e+00 1.718266518778793772e-02
5.524016698201497100e+00 7.020930959436283425e-02
5.526333332061767578e+00 4.459471119518731291e-03
5.528330167134602569e+00 2.017500628723465500e-02
5.529660065968831084e+00 3.570705594434703256e-03
5.533310095469157197e+00 6.128448439808355935e-02
5.543983459472656250e+00 1.605334356123851447e-01
5.546323458353678681e+00 2.853670951641120584e-02
5.546676635742187500e+00 1.787760449194177731e-02
5.548993428548176787e+00 5.385372397308958725e-02
5.553360144297282197e+00 7.639063923080176288e-03
5.555333296457926728e+00 1.236738320880287692e-02
5.562320073445637725e+00 2.851094068894222122e-02
5.576016743977864287e+00 1.551671436988192043e-01
5.577996730804443359e+00 6.090892415892908140e-02
5.582666556040446260e+00 2.059718354175402721e-01
5.592003345489501953e+00 2.618694013756199274e-03
5.597689946492512725e+00 3.759879331586139101e-02
5.602336724599202178e+00 2.240387014270523586e-02
5.608336607615153291e+00 9.727551474690750488e-07
5.612340132395426728e+00 5.200080379527075719e-03
5.615660031636555694e+00 2.437079792147522905e-02
5.636336644490559600e+00 1.776486949710562868e-01
5.650990009307861328e+00 4.828275696822906943e-02
5.656010150909423828e+00 2.307370843753469083e-02
5.657673358917236328e+00 3.200871994431101625e-02
5.659680048624674775e+00 1.498510791722400780e-02
5.660669962565104463e+00 5.151247629110890930e-02
5.671363512674967744e+00 5.141198613647961213e-02
5.671666622161865234e+00 3.249119086683132512e-02
5.673329989115397431e+00 6.782426636692311106e-02
5.674340089162190459e+00 3.538851887857774603e-02
5.676333427429199219e+00 5.782717708672786838e-02
5.676670074462890625e+00 1.298930402178761351e-02
5.683360099792480469e+00 1.105247430731462997e-02
5.691676616668701172e+00 8.913937941855883465e-03
5.691686789194743135e+00 2.471446746119421167e-02
5.700030008951823213e+00 2.073692032464391488e-02
5.713353315989176728e+00 4.383435316541726273e-02
5.717663288116455078e+00 5.340781667758129998e-04
5.722990036010742188e+00 0.000000000000000000e+00
5.726989905039469697e+00 6.982529209545791371e-01
5.739000161488850615e+00 1.222140023419246435e-01
5.766013145446777344e+00 1.457389213285996410e-01
5.786999861399332978e+00 3.008417715717863206e-01
5.803676605224609375e+00 3.956278362259753045e-01
5.806016763051350615e+00 5.322034174135436418e-02
5.818006674448649385e+00 8.040700191690641763e-02
5.834646860758463838e+00 1.107291604675672697e-01
5.836653391520182588e+00 5.435991724927471958e-02
5.838646729787190459e+00 3.398984092420764824e-02
5.839676698048909209e+00 3.491266560855929568e-02
5.841003417968750000e+00 1.266396247341561310e-01
5.860980033874511719e+00 1.095811799714264956e-01
5.931023438771565459e+00 9.959679907847611424e-02
6.359696706136067412e+00 2.499657939073182122e-01
6.419330120086669922e+00 8.016082537371268038e-03
6.454020023345947266e+00 8.653748203626905333e-01
6.458649953206379912e+00 1.973505547149991546e-01
6.479316711425781250e+00 3.430528796044801654e-02
6.497326691945393584e+00 7.373598025046229631e-02
6.518329938252766631e+00 1.329696844305846004e-01
6.617973327636718750e+00 5.301165315732732086e-01
6.626316706339518525e+00 7.683091317647943938e-03
6.653663158416748047e+00 7.478930237321472496e-02
6.675006707509358428e+00 5.075857621954757981e-01
6.675016562143961885e+00 9.057255173450705632e-01
6.678983370463053681e+00 6.264995928653063206e-01
6.698336601257324219e+00 2.351758223498070066e+00
6.701680024464924834e+00 1.491648875365918725e+00
6.720010121663411162e+00 1.462046671884936755e-02
6.739026705423991181e+00 3.371339849596623472e-01
6.745306491851806641e+00 1.078372965816245310e+00
6.750343481699625947e+00 1.003927847995289557e+00
6.751013278961181641e+00 3.291997230426275123e-01
6.756989955902099609e+00 4.412401620069447694e-01
6.770700136820475556e+00 7.862036729865520268e-01
6.779653231302897431e+00 2.477526275634995001e-01
6.796663284301757812e+00 4.620615286204045602e-01
6.802343209584553740e+00 7.348543894247384391e-03
6.807020028432209990e+00 1.798300681531240119e+00
6.809013366699218750e+00 1.783620257091959316e-01
6.827323436737060547e+00 1.552027587913630047e+00
6.845349947611491181e+00 2.644286225658433187e-01
6.847963333129882812e+00 1.149332657568354676e+00
6.857656637827555635e+00 3.393367847312787622e-01
6.859676678975422881e+00 3.119442070347695051e+00
6.871659914652506806e+00 8.627898475089001984e-01
6.876996676127116181e+00 2.711148125796588038e-01
6.879993120829264619e+00 9.497382537117471336e-04
6.882996559143066406e+00 4.732820800969832209e-02
6.904003302256266572e+00 9.179892443343447006e-01
6.907999992370605469e+00 7.860958997800799875e-01
6.913973172505696319e+00 5.554588768830233114e-01
6.916976769765217803e+00 2.242377493566068303e+00
6.918353239695231416e+00 1.113031911859471590e+00
6.929656823476155303e+00 3.896265791285165314e-02
6.931673367818196319e+00 1.533750445824071384e+00
6.933670043945312500e+00 9.635691956136861469e-01
6.943990071614583037e+00 1.152794650725662118e+00
6.962999979654948213e+00 1.849126522715070164e+00
6.965976715087890625e+00 5.488285076822042585e-01
6.967993259429931641e+00 6.669067002300982372e-02
6.973669846852620147e+00 7.243566771169713814e-01
6.984653472900390625e+00 2.240919832413257318e-01
6.997653166453043916e+00 1.324281113458969372e+00
7.015676657358805635e+00 2.305840359049718957e-01
7.024333159128825166e+00 1.103434715066582139e-01
7.034646670023600556e+00 1.348397630847385509e+00
7.040013313293457031e+00 4.020090641415003385e-01
7.040653228759765625e+00 8.976528292296651057e-02
7.046326637268066406e+00 1.303359368321193590e-01
7.047990004221598603e+00 1.802077636149328893e-02
7.050663312276204131e+00 1.388617759477026592e-01
7.065673351287841797e+00 0.000000000000000000e+00
7.071693261464436553e+00 3.559241150982143109e-01
7.090326627095540069e+00 1.370776993081318729e+00
7.090956846872965791e+00 1.259447593593506776e+00
7.092003345489501953e+00 4.683453381881664823e-01
7.098676681518554688e+00 2.927388038861121755e-01
7.102029959360758760e+00 7.652633487998293793e-01
7.109623273213704131e+00 9.489928367628978900e-02
7.118303298950195312e+00 6.592312714904526860e-01
7.119689941406250000e+00 5.584101111590012989e-01
7.123319943745930694e+00 8.797722731298222854e-02
7.127333323160807588e+00 5.221991904905500664e-02
7.149006684621174834e+00 2.538667042058411205e-01
7.152323563893635772e+00 9.010336662714407696e-02
7.153653303782145478e+00 1.179017745113887100e-01
7.153979937235514619e+00 5.385969675891585373e-01
7.159993171691894531e+00 4.060995559232091212e-01
7.192993323008219697e+00 1.194738488995585393e-02
7.196983496348063447e+00 1.209137433989540433e+00
7.200983524322509766e+00 4.504546325610603863e-01
7.205993175506591797e+00 1.620906970673716974e-01
7.206336657206217744e+00 1.758514294048067139e+00
7.209326744079589844e+00 9.522616322878012241e-02
7.217673301696777344e+00 3.615904432193370877e-01
7.222499847412109375e+00 3.589872262487776855e-02
7.223333199818928740e+00 5.393794531993604258e-01
7.228989919026692412e+00 1.271048914230001603e-01
7.231650034586588838e+00 1.192929960116888788e+00
7.238353252410888672e+00 1.707040217960970274e+00
7.242019971211751006e+00 1.340317445653910755e-01
7.243030071258544922e+00 1.113140423659890986e-02
7.245333353678385713e+00 9.816910542580944976e-02
7.245649814605712891e+00 1.738391708684184356e-01
7.252319971720377900e+00 1.303515944184729103e-01
7.258993466695149444e+00 2.342971555717368870e-01
7.259670098622639678e+00 1.110137621867687052e+00
7.261003335316975615e+00 1.214009841118727090e-01
7.269999821980793975e+00 2.062868511489620582e-01
7.273316701253254912e+00 6.107540891749073664e-01
7.275650183359782197e+00 0.000000000000000000e+00
7.280306657155354522e+00 7.226021399793480793e-01
7.282023429870605469e+00 7.426164993843265005e-02
7.282339890797932647e+00 3.625888167688660069e-01
7.282976627349853516e+00 4.276209049097919879e-01
7.285020033518473603e+00 2.775954869580313122e+00
7.287023385365803740e+00 1.904371214068473553e-02
7.292959849039713838e+00 5.758333012956696750e-01
7.293660004933674834e+00 1.034327431049609558e+00
7.297676722208659150e+00 3.819605721984993818e-01
7.298650105794270537e+00 1.836273263266001779e-02
7.309673150380452178e+00 3.041269143435890721e-01
7.312336603800456025e+00 4.139173362719635735e-02
7.317343235015869141e+00 1.557362655577885224e-01
7.317673206329345703e+00 7.592017254552365646e-01
7.324000040690104463e+00 1.079276373010241485e+00
7.324016571044921875e+00 1.004462712791812512e-01
7.327996730804443359e+00 6.985847512303237083e-01
7.331993261973063447e+00 3.033245132704488409e-02
7.336313247680664062e+00 1.042458379162937598e+00
7.336980024973551728e+00 2.133352762038694117e-01
7.337999979654948213e+00 6.142977350739481368e-02
7.341016451517741181e+00 1.040619146847616555e-01
7.348673343658447266e+00 4.598419220371059990e-01
7.353989919026692412e+00 2.572335331982582296e-02
7.360983371734619141e+00 8.306034894634702070e-02
7.361003239949543975e+00 1.129005424843628203e-01
7.365983486175537109e+00 1.876225061765117941e+00
7.368350028991699219e+00 5.464635102263851740e-01
7.368350028991699219e+00 1.150124947533658792e+00
7.370690027872721650e+00 3.633608801743279165e-04
7.374683539072672822e+00 2.414079633719421469e+00
7.376016457875569365e+00 5.318853129323939388e-01
7.381000041961669922e+00 2.790748330988732206e+00
7.393650213877360322e+00 1.350033218910827726e-01
7.400350093841552734e+00 6.564594761171571591e-01
7.408980051676432588e+00 2.954171936409703547e-01
7.413973172505696319e+00 5.105472350034666595e-01
7.414336681365966797e+00 3.798862061255317557e-01
7.414993286132812500e+00 2.984056608953600698e+00
7.415336449940999053e+00 9.350013597643207497e-01
7.416320006052653291e+00 9.014127431810425861e-01
7.423646450042724609e+00 1.203260869517211784e+00
7.424683411916096709e+00 1.044846749234438765e-01
7.425970077514648438e+00 1.421922717614386711e-01
7.427309989929199219e+00 8.109299638359496187e-01
7.428006649017333984e+00 1.318993025547268827e+00
7.439983367919921875e+00 1.801049573810747234e-02
7.442669868469238281e+00 6.678724819261669943e-01
7.444996674855549834e+00 5.611792485071451925e-02
7.449026743570963838e+00 1.523106187628216590e+00
7.450686613718668916e+00 1.848775384045880654e-01
7.455639839172363281e+00 2.318837708802693687e+00
7.461986700693766572e+00 1.372318388570602954e+00
7.462993144989013672e+00 6.505828700939842585e-03
7.477976640065510772e+00 3.959502640584087185e-01
7.478983243306477569e+00 1.345453287903944709e-02
7.481329917907714844e+00 6.538544087478103117e-01
7.485339959462483428e+00 9.509808762614870847e-01
7.485666592915852569e+00 2.087705294299597447e-01
7.497666676839192412e+00 8.329794143653868055e-01
7.498003323872883819e+00 2.902084414002291668e-01
7.499983151753743194e+00 1.151409318447495833e+00
7.502343336741129853e+00 7.828776060731394981e-01
7.503656705220540069e+00 6.969965725305395099e-02
7.504659970601399444e+00 7.399031783255285433e-01
7.506340026855468750e+00 2.708249243299837641e-02
7.509013334910075166e+00 9.426735489458197836e-01
7.513336817423502900e+00 4.586962799588275574e-01
7.519659996032714844e+00 1.768963685531344671e-02
7.523666699727376006e+00 7.364414386456271666e-01
7.524343331654866240e+00 2.171254338428047159e+00
7.526996771494547822e+00 1.283663585456246148e-01
7.538676738739013672e+00 1.142997746455900977e-03
7.539999961853027344e+00 7.193632279853205691e-02
7.544020016988118194e+00 1.881365113788955878e-01
7.546309947967529297e+00 1.830853856829866677e+00
7.546656608581542969e+00 9.139729471957860896e-02
7.548309961954752900e+00 4.852039483112247087e-02
7.555989901224772431e+00 7.257408487482296389e-01
7.559993267059326172e+00 5.907896906376489676e-01
7.561986605326334931e+00 6.906839358813950461e-03
7.568639914194743135e+00 4.056693718980444729e-03
7.568989912668864228e+00 6.706341264513869527e-02
7.569626490275065400e+00 3.577036263381623560e-02
7.570646762847900391e+00 3.644240443973878474e+00
7.575019836425781250e+00 4.837620915712654290e-01
7.575336774190266631e+00 4.266238735586911357e-01
7.575673103332519531e+00 1.690920397707419004e-02
7.575689792633056641e+00 6.682301182185037547e-01
7.581970055898030303e+00 6.502556179212357623e-01
7.583019892374674775e+00 4.372735681565738664e-01
7.588340123494465850e+00 5.292698303478564625e-01
7.594666639963786103e+00 7.281607709535650730e-02
7.603336652119954131e+00 1.694287721714205774e-01
7.604996681213378906e+00 4.590034411984861284e-01
7.608660062154133819e+00 1.815602970262651272e+00
7.616989930470784209e+00 7.126095307798461231e-01
7.618973255157470703e+00 1.961326306897066274e-01
7.623679955800374053e+00 1.470866324439191519e+00
7.625686645507812500e+00 7.924234232643629916e-01
7.636019865671793916e+00 6.931317092530682178e-01
7.640683333079020478e+00 1.022216711145690571e+00
7.644659996032714844e+00 3.443235404182174442e-01
7.647999922434489228e+00 6.045604397841492644e-02
7.650006612141926787e+00 1.854017053063573839e-02
7.650330225626627900e+00 1.927210739640077719e+00
7.650996526082356475e+00 2.677774731566165967e-01
7.652683258056640625e+00 3.305481872792196407e-01
7.655986626942952178e+00 7.579941318969898312e-01
7.658986568450927734e+00 9.273332979492130215e-03
7.665356636047363281e+00 3.826292614335052855e-02
7.666350046793620088e+00 1.490239884039786356e+00
7.666639963785807588e+00 3.591443209949053417e-01
7.668643315633137725e+00 2.833424611625121603e-01
7.670009930928547881e+00 0.000000000000000000e+00
7.671999931335449219e+00 9.487187335307259994e-01
7.677666664123535156e+00 3.681206489018328254e-01
7.678016821543375947e+00 1.481644715317610161e-01
7.682993412017822266e+00 1.639804062429439435e+00
7.685663223266601562e+00 2.760237020128633936e-02
7.686003367106120088e+00 6.768165432875595799e-01
7.686666647593180635e+00 1.499336754971086094e+00
7.689336617787678740e+00 9.253959451492693722e-01
7.694336732228596709e+00 3.419314329028674271e-01
7.696019967397053740e+00 9.817408581011572988e-01
7.697023391723632812e+00 1.035648605772329534e+00
7.698316574096679688e+00 3.121186046938242628e-02
7.699690024058024385e+00 1.971156361151758241e-01
7.699999968210856416e+00 1.987435317557120495e-01
7.702313264211018584e+00 1.493640530084016094e-01
7.705656846364338897e+00 2.342692729875655439e-02
7.707333405812581084e+00 4.285518462579919197e-01
7.710660139719645478e+00 1.999295058633833357e-03
7.713353474934895537e+00 8.977440612088265492e-01
7.715669949849446319e+00 9.658204113034861704e-01
7.717326641082763672e+00 6.258774729252372182e-04
7.719970067342122100e+00 3.770273581586353062e-01
7.720636844635009766e+00 8.617935039254515095e-01
7.722006638844807647e+00 5.386928024624410005e-01
7.724329948425292969e+00 1.936915114348347400e+00
7.724336783091227510e+00 2.569027176970655191e-01
7.726306756337483428e+00 3.644483908857474100e-03
7.731686751047770478e+00 8.449527222618690159e-01
7.735990047454833984e+00 1.630913154379738661e-01
7.737323443094889619e+00 3.063140522237718932e-01
7.747646649678547881e+00 1.472549725024265843e+00
7.749973138173420928e+00 3.438773802830115411e-02
7.749993324279785156e+00 2.003309480917779606e+00
7.750000158945719697e+00 1.984981755465146103e-01
7.757329940795898438e+00 9.023409990784245771e-01
7.757673422495524385e+00 2.583653253471850375e-01
7.758663336435954072e+00 4.973611425898308291e-01
7.764690081278483369e+00 1.728941534033929250e-01
7.768656571706135772e+00 1.137724398726032010e-01
7.770009994506835938e+00 6.139233474474046874e-03
7.771993319193522431e+00 1.479176436143619378e-01
7.772659937540690400e+00 1.025568135864533305e-02
7.776306788126627900e+00 1.821451488795525764e-01
7.778319835662841797e+00 4.605914655033682137e-01
7.783003330230712891e+00 5.642344049761641167e-02
7.783983389536540010e+00 3.604060167988989982e-01
7.785673459370930694e+00 8.560264102316362811e-01
7.786303361256917022e+00 3.408228197221414013e-01
7.786993344624836944e+00 9.517998144743292643e-01
7.788993358612060547e+00 3.289993496273363460e-02
7.792330106099446319e+00 1.803549991097431748e-01
7.795006593068440459e+00 2.078122175131516425e+00
7.796343167622883819e+00 7.371152959644629125e-03
7.798013210296630859e+00 1.741687200129999891e+00
7.798350016276041963e+00 6.343331758340746696e-01
7.799996534983317353e+00 4.813304687624321843e-01
7.800333340962727569e+00 1.105580982147419178e+00
7.804326693216959931e+00 5.317864867251733685e-01
7.812009811401367188e+00 5.190696940518014779e-01
7.812999884287516572e+00 9.547282215034741393e-01
7.816689968109130859e+00 1.640883613430834664e-01
7.816983381907145478e+00 6.039172297524365157e-02
7.822993437449137666e+00 1.417984446511954266e-01
7.828010082244873047e+00 3.367333464637924101e-02
7.829329808553059600e+00 1.614714039978988047e-01
7.829643249511718750e+00 1.577350841739163373e-02
7.831329822540283203e+00 6.399967787382256079e-02
7.831676642100016572e+00 6.470781435714193508e-01
7.836346785227457978e+00 7.867898814342483282e-02
7.838663260142008760e+00 2.100611124970229060e+00
7.841290156046549775e+00 1.117675091048069974e-01
7.848023414611816406e+00 1.691215422709533955e+00
7.848980108896891572e+00 9.069561261928813511e-01
7.849993387858073213e+00 1.833726121683168231e-01
7.850673516591389678e+00 1.000045430581903760e+00
7.853033542633056641e+00 9.043804426911942196e-01
7.856313387552897431e+00 4.044580892768285807e-01
7.858019987742106416e+00 4.234820458406170218e-02
7.867353280385334990e+00 1.136324498579440068e+00
7.868663311004638672e+00 2.018103990046556384e-01
7.869006792704264619e+00 7.610104094048061318e-01
7.873323281606038115e+00 2.282822216858403641e-01
7.874310016632080078e+00 2.651262289380033610e-01
7.876993338267008760e+00 2.129626829150250700e-01
7.880673408508300781e+00 1.145781036001251252e+00
7.881673336029052734e+00 1.327427660627200079e-01
7.884006818135579131e+00 2.240962185897614756e-01
7.889300187428792022e+00 2.249995708539509920e+00
7.889663378397623994e+00 2.114784083481780763e-01
7.895333290100097656e+00 1.548804368241944902e-02
7.897646586100260713e+00 4.089791650555631847e-02
7.898326555887858369e+00 9.005098386512412345e-01
7.900019963582356475e+00 1.845242182162332434e-01
7.902310053507487275e+00 6.145152575534584133e-02
7.904973347981770537e+00 7.737944632290436608e-01
7.907646656036376953e+00 1.742811801268142613e-01
7.909650007883707978e+00 1.452429673092387602e-02
7.909653186798095703e+00 6.448940839735432026e-04
7.912016550699870088e+00 3.787248923856406657e-01
7.919673442840576172e+00 2.988470362734091945e-01
7.919986724853515625e+00 6.739950821798433855e-01
7.920323371887207031e+00 3.205053284623113896e-01
7.920986811319987275e+00 9.252034710959957664e-01
7.923670132954915069e+00 1.130783728568051094e+00
7.926010131835937500e+00 1.599901217209730442e-01
7.932313442230224609e+00 3.074078125064637346e-02
7.933006763458251953e+00 4.892881774574923681e-01
7.933343410491943359e+00 3.200048046069982277e+00
7.933666865030924775e+00 4.455627752256579588e-01
7.937966664632161162e+00 0.000000000000000000e+00
7.938633441925048828e+00 6.967962142936438008e-01
7.940339883168538115e+00 4.557587426077950310e-01
7.942636807759602569e+00 9.021390350141593739e-01
7.942660013834635713e+00 7.326368321093046365e-01
7.942993323008219697e+00 6.702490737353898886e-01
7.943666776021321319e+00 3.757196933100662162e-01
7.946016947428385713e+00 2.066415494840651235e+00
7.947643280029296875e+00 1.354727932022903869e-01
7.949346701304118135e+00 1.501184134150079785e-01
7.949676831563313506e+00 8.576500245706123460e-01
7.949999809265136719e+00 3.578890970341139233e-02
7.955009937286376953e+00 7.600674959769260219e-01
7.956353505452473662e+00 1.994855291324892033e+00
7.962350050608317353e+00 2.412405403743054511e-01
7.962689717610676787e+00 5.869787764925231688e-01
7.964656670888264678e+00 8.881353214948064512e-01
7.965363343556721709e+00 2.462243379994864867e+00
7.966313362121582031e+00 7.164253867592432212e-02
7.971693038940429688e+00 2.711753970728664753e-01
7.973976612091064453e+00 4.407405607816050619e-03
7.974030017852783203e+00 4.437640588583364187e-01
7.974346637725830078e+00 1.495321180320100529e+00
7.978710015614827178e+00 1.588005592902074284e-02
7.978959878285725615e+00 1.392531603129231632e+00
7.979003270467122100e+00 4.293846318683735008e-01
7.984656651814778350e+00 9.010881493300416656e-01
7.984993298848469756e+00 1.278251147568785218e-01
7.985346635182698272e+00 5.149279690322450947e-02
7.985980033874511719e+00 4.346041011159724188e-01
7.987966378529866240e+00 3.077919725059005129e-01
7.990010102589924834e+00 2.374813845171944073e-03
7.990326722462971709e+00 4.255242888242620203e-01
8.001653353373209043e+00 5.965328954249626142e-02
8.002303441365560488e+00 1.279805654001794135e+00
8.002663294474283262e+00 2.897438992166442850e-01
8.005983352661132812e+00 3.058183165078282029e-01
8.005993366241455078e+00 1.379429006697547644e+00
8.007003148396810488e+00 2.927107371440974826e-02
8.009309927622476621e+00 1.956223789789753420e+00
8.010676701863607363e+00 1.944274234426647041e+00
8.012956778208414121e+00 1.438751879045186532e+00
8.013329982757568359e+00 2.043432275082931682e+00
8.014663219451904297e+00 1.148766825382594892e+00
8.014976501464843750e+00 1.152759027903461075e-01
8.016316731770833925e+00 1.659106150107811262e+00
8.018970012664794922e+00 1.467928486723566017e+00
8.019330024719238281e+00 5.812610433312994651e-01
8.020306428273519472e+00 6.024248497713524664e-01
8.020996729532877012e+00 3.061405979731199878e-01
8.023343563079833984e+00 9.720353081466249767e-01
8.024339993794759707e+00 7.214559592930977483e-02
8.032646656036376953e+00 6.561899293687584178e-02
8.033003330230712891e+00 8.059301213276270914e-02
8.038323402404785156e+00 1.120567177313523510e+00
8.039343357086181641e+00 3.877560491115759067e-01
8.039986769358316465e+00 7.863802652091789192e-01
8.046303272247314453e+00 0.000000000000000000e+00
8.046363353729248047e+00 9.654205207491087584e-03
8.047340075174966856e+00 3.916534697999555226e-01
8.050966421763101621e+00 4.209744581066700991e-02
8.051646550496419863e+00 1.954358026587246517e-03
8.056326866149902344e+00 9.078261967105339947e-01
8.057689825693765684e+00 9.928695039872285077e-01
8.061993122100830078e+00 8.528680374391772734e-01
8.062663555145263672e+00 1.566889986235055487e-01
8.065310001373291016e+00 4.441719235747004224e-01
8.065333525339761778e+00 3.167283781493878542e-02
8.066003481547037168e+00 1.701938707246422877e-01
8.066006501515706972e+00 4.233779792833728371e-03
8.067340056101480528e+00 2.462600189382762317e-01
8.068326632181802793e+00 2.054587446216514235e-01
8.070353190104166075e+00 5.566474392386840803e-02
8.072343349456787109e+00 1.861381637967365194e-02
8.073673248291015625e+00 1.215990238458644734e+00
8.082626501719156309e+00 1.116902006569749917e+00
8.084023475646972656e+00 1.160782289941869605e-01
8.086003303527832031e+00 3.290572895001420695e-01
8.086010138193765684e+00 1.049178661863666151e-01
8.088356494903564453e+00 1.234285603574945128e-02
8.089339892069498106e+00 1.631732594425591820e+00
8.090979894002279238e+00 7.147415472757016053e-01
8.090986728668212891e+00 9.777137178234822645e-01
8.092673142751058535e+00 3.927258988054749267e-01
8.094046751658121153e+00 2.716948622195864971e-01
8.096996466318765684e+00 1.158530223939609805e+00
8.101993242899576231e+00 3.903000978590405179e-01
8.103966554005941347e+00 5.903702738469163158e-01
8.107336521148681641e+00 2.063398565987192568e-01
8.107639948527017637e+00 1.096282607539038167e+00
8.108990033467611269e+00 1.527173522788727589e-01
8.113643328348794981e+00 1.339592204445261947e+00
8.114339987436929746e+00 4.234519481363411414e-02
8.117313385009765625e+00 2.578408019605443080e+00
8.120673179626464844e+00 3.143946065961773697e-03
8.128326574961343809e+00 4.175763736227836032e-02
8.134323438008626894e+00 4.909731660233804251e-02
8.135346571604410215e+00 3.671640812778739216e-01
8.137013276418050722e+00 2.559884606998469314e-01
8.138659795125326113e+00 8.889802767045853482e-01
8.141973495483398438e+00 4.588938827810656318e-01
8.142333348592122988e+00 1.290342249464026536e-01
8.144653479258218809e+00 5.296975229767847751e-03
8.147356828053792910e+00 1.323962623063106858e-01
8.149660110473632812e+00 1.435841997020954164e+00
8.149996757507324219e+00 2.511799911270405694e+00
8.150656541188558535e+00 1.655784927595135292e-01
8.153010050455728575e+00 9.859585316991638371e-02
8.154326915740966797e+00 1.800293396911747834e+00
8.155983289082845644e+00 1.691036170989143717e+00
8.156976540883382754e+00 6.889538743973824819e-02
8.157656828562418028e+00 2.294027527851730808e-01
8.158333301544189453e+00 5.345931135811947676e-01
8.160009860992431641e+00 1.712537839232796344e+00
8.160030206044515566e+00 1.890829213018852817e-01
8.166323184967041016e+00 8.184205064444827205e-01
8.168350060780843691e+00 2.083489585175725689e-01
8.171326637268066406e+00 5.015374561628732630e-01
8.171659946441650391e+00 1.505026273360870470e-01
8.173343340555826231e+00 2.513777616436977530e-02
8.181990146636962891e+00 1.717288266318048318e-01
8.183330059051513672e+00 1.065862197741019646e+00
8.183993339538574219e+00 7.688742139390403185e-01
8.187316576639810606e+00 2.825372258395510983e-01
8.189333438873291016e+00 7.815084805395153822e-01
8.189643383026123047e+00 0.000000000000000000e+00
8.193013350168863340e+00 2.290055034893985139e-02
8.194676399230957031e+00 2.310751303515880650e+00
8.201629797617593809e+00 1.826772355293839079e+00
8.205016613006591797e+00 1.143509893537352218e+00
8.211676597595214844e+00 3.903584088041141542e-01
8.217963377634683653e+00 2.411203993673625978e-02
8.219663619995117188e+00 1.375394351373327551e+00
8.219673315684000059e+00 1.458124315359676570e+00
8.228313287099203066e+00 9.668855834650251779e-01
8.229966640472412109e+00 3.625304795412111480e-01
8.236686865488687559e+00 7.091208019894486014e-01
8.240980307261148496e+00 4.861472309081509846e-01
8.243009885152181582e+00 2.350910661736257696e-03
8.243320147196451231e+00 7.257384462014010440e-01
8.244686603546142578e+00 1.411185411747779783e+00
8.245293140411376953e+00 5.792108083138813868e-01
8.245333353678384825e+00 1.316411626786265221e-02
8.252659956614175840e+00 2.309429253485737465e+00
8.255659898122152285e+00 1.628180015458668972e-02
8.263676802317300840e+00 5.123696824191872334e-01
8.267000039418539004e+00 6.224323956956862025e-02
8.268343448638916016e+00 7.938038917278328332e-01
8.270316759745279356e+00 3.893340399653414524e-02
8.274333318074544863e+00 1.940090274224439137e-01
8.276679992675781250e+00 2.346504988771091593e+00
8.282336711883544922e+00 1.188820374253051343e-01
8.282673358917236328e+00 1.953913912902674355e+00
8.288303216298421816e+00 2.110948827735469602e-01
8.289006551106771425e+00 2.153672293921591596e-01
8.289319674173990293e+00 6.061835883563145844e-01
8.292966524759927793e+00 1.938646508361486331e+00
8.294033209482828184e+00 2.039002701711670473e-01
8.295656522115072207e+00 4.053321776879978237e-03
8.296663443247476621e+00 3.953632908752455766e-01
8.297683397928873106e+00 5.349374993884905560e-01
8.302323500315347715e+00 1.828236647613643295e-01
8.303303400675455137e+00 2.561398104581188995e-01
8.304690043131509825e+00 7.493829451876504559e-03
8.310646533966064453e+00 2.056954285681286354e+00
8.313316822052001953e+00 1.933220616640181078e+00
8.316343148549398379e+00 6.719591672176965513e-01
8.325003465016683535e+00 1.716175429499570804e+00
8.325320084889730410e+00 1.011600620125133881e-02
8.337363402048746153e+00 9.281357301686507869e-03
8.340330123901367188e+00 9.686154424679720154e-02
8.345640182495117188e+00 1.754128772192804497e+00
8.348326524098714785e+00 1.740112654696077898e+00
8.351650079091390566e+00 1.108883503339015975e-01
8.352646509806314512e+00 2.602113584909406363e+00
8.352660179138183594e+00 1.311197611261618157e+00
8.354346593221029238e+00 1.354049798119964176e+00
8.356666882832845644e+00 1.974697538903808502e-01
8.357330004374185606e+00 1.909625130099132373e-01
8.358006636301675840e+00 1.311022664800433335e-01
8.360306580861410097e+00 1.722117523495047209e+00
8.366686503092447325e+00 1.075433847017184391e-01
8.367033163706460996e+00 8.556143985636354143e-01
8.370993296305337950e+00 4.049511354488136150e-01
8.377013206481933594e+00 5.317605484332501575e-01
8.380993366241455078e+00 8.385611562306960476e-02
8.382680098215738340e+00 5.186560203051170798e-02
8.385989824930826231e+00 6.456863998369570812e-01
8.386993408203125000e+00 5.317044734588471933e-01
8.388663291931152344e+00 1.813344918459872002e+00
8.390016555786132812e+00 5.251880323201627704e-02
8.390363216400146484e+00 1.754187590925458951e-01
8.391316731770833925e+00 8.067275084093422644e-02
8.392336527506509825e+00 7.175350174349914845e-01
8.392686525980630918e+00 6.350288570831952306e-01
8.400003433227539062e+00 1.390833844887134907e+00
8.401013215382894472e+00 5.545533602835070464e-02
8.401313145955404238e+00 4.557248095712351788e-01
8.402650038401285215e+00 1.113741651735164197e-04
8.406346797943115234e+00 1.206647016718219445e-02
8.408303101857503847e+00 3.865839285790849678e-01
8.412320137023925781e+00 6.433590251909682145e-01
8.412330150604248047e+00 5.821381227724958807e-01
8.414653619130453066e+00 2.320548665966141177e-01
8.415986696879068418e+00 4.903278398668932669e-01
8.416003227233886719e+00 1.580904806169780574e-02
8.416303316752115293e+00 3.549332453253246644e-01
8.428336779276529356e+00 1.217349022401061631e-01
8.429333527882894472e+00 2.331061920099006812e-01
8.435663223266601562e+00 1.116642224925301456e-02
8.440316836039224668e+00 8.164786369677644595e-01
8.440329869588216738e+00 1.865638762183220223e+00
8.441333452860513731e+00 9.050423252312630451e-01
8.444976647694906191e+00 5.425922271444249580e-03
8.447013537089029356e+00 4.463751982014553810e-01
8.447656631469726562e+00 0.000000000000000000e+00
8.449989954630533262e+00 1.346190661829154145e-01
8.459996700286865234e+00 4.645176603290911976e-01
8.468006610870361328e+00 2.503544350126167828e-01
8.470320065816244082e+00 4.655571509823573928e-01
8.471693197886148496e+00 7.541033711322139288e-01
8.476670106252035097e+00 2.337348815317733752e+00
8.480659802754720644e+00 8.159512506930418629e-01
8.482333183288574219e+00 3.189524474263853437e-01
8.484643300374349550e+00 4.612543694031862734e-02
8.485316594441732363e+00 6.171345981868655572e-01
8.485996564229330019e+00 5.658495560162148941e-01
8.491659959157308535e+00 2.103794387767237428e-01
8.495016415913900332e+00 2.057552630504830005e-01
8.497976779937744141e+00 5.225809299690754861e-02
8.498999913533529238e+00 9.109656518353778099e-01
8.504646778106689453e+00 4.634286131402548525e-01
8.505643367767333984e+00 9.527507101571967008e-01
8.506003379821777344e+00 1.331798548541725524e-01
8.507336616516113281e+00 6.261826500061241640e-01
8.510976473490396543e+00 2.400291261661324782e-01
8.515009721120199160e+00 2.374910958029676777e-01
8.515020052591959043e+00 4.745708888187347707e-01
8.516683578491210938e+00 2.433091049179509496e-02
8.521646499633789062e+00 6.791911204525605816e-01
8.522366523742675781e+00 2.748117157074314587e-01
8.523656845092773438e+00 9.242582914429777752e-01
8.523979981740316347e+00 9.715115393851894710e-02
8.528323491414388613e+00 2.796093715863711693e-01
8.529669761657714844e+00 5.396924606924154155e-02
8.529676755269369082e+00 1.288552239105924757e+00
8.529973347981771425e+00 4.199770012931770546e-01
8.529986540476480528e+00 8.284090823873628551e-02
8.536669890085855528e+00 5.026655791085543612e-01
8.538016637166341738e+00 1.136011593054377933e+00
8.538993358612060547e+00 3.113579283548924881e+00
8.543339888254800840e+00 1.355391188318127105e+00
8.549683252970377012e+00 1.380203081542028670e-02
8.550680001576742129e+00 8.597454953864425153e-01
8.553673426310220762e+00 3.949767561810324686e-03
8.554676691691080137e+00 1.098059063741654073e+00
8.555686473846435547e+00 1.478749805926232209e-02
8.561346689860025450e+00 1.421478371558045420e-02
8.567669868469238281e+00 1.447436519560750590e+00
8.569660027821859316e+00 1.561856604872991217e-01
8.569686889648437500e+00 3.543784364350318628e-01
8.578676700592041016e+00 1.228706120401228615e-05
8.580006440480550722e+00 6.644944468230744583e-01
8.583663304646810488e+00 2.395291939379681490e-01
8.586683591206869082e+00 1.089117969355619248e-01
8.588006655375162168e+00 3.291598376344482269e-01
8.593330065409341856e+00 1.041324664870204274e-02
8.594016710917154356e+00 1.844207463600315566e-01
8.595343271891275450e+00 1.623825643424293697e-01
8.597040176391601562e+00 1.030449902282788432e+00
8.598346710205078125e+00 1.490783044286299042e-01
8.602326552073160215e+00 6.699076667813558261e-01
8.613340218861898379e+00 1.787527492335068691e-01
8.618656794230142637e+00 2.110260992164583738e-01
8.621326446533203125e+00 1.223069075601887157e+00
8.632666905721029238e+00 2.787584515543760355e-02
8.636003653208414121e+00 3.101412878063035117e-01
8.638673146565755800e+00 9.043567758545582036e-01
8.640983581542968750e+00 8.875759221743079186e-01
8.641689936319986387e+00 1.912940490679395422e+00
8.645013491312662168e+00 1.111714241389750502e+00
8.647343317667642637e+00 2.235099344148010550e-02
8.650349934895833925e+00 6.652707386153444702e-02
8.659003257751464844e+00 1.787255326488268459e-01
8.660016695658365293e+00 2.372884875562219498e-01
8.663969993591308594e+00 3.040932590810903058e-01
8.669996579488119082e+00 1.820362055642389953e-01
8.672006607055664062e+00 6.936329856169683519e-03
8.682996749877929688e+00 2.174310351966863009e-01
8.683659871419271425e+00 5.838163641667484249e-01
8.684633255004882812e+00 1.628896663451577242e-01
8.686006546020507812e+00 1.783560391159886172e-03
8.686656634012857481e+00 1.026055252082648916e+00
8.689680099487304688e+00 5.288843324210141805e-01
8.700339953104654356e+00 2.588761949859585521e+00
8.700659910837808653e+00 2.437572299805914167e+00
8.703006585439046816e+00 7.610749992004702813e-01
8.704649925231933594e+00 1.156621717574053340e-02
8.712683359781900450e+00 1.566840449842764604e+00
8.713343302408853575e+00 8.313806476534407741e-01
8.713669935862222715e+00 1.137872483375703819e-01
8.722676595052083925e+00 3.573213356495981152e-01
8.728653271993001894e+00 1.111596312243343419e-04
8.729020118713378906e+00 2.037652559714527190e+00
8.736659844716390566e+00 9.872371774613258530e-03
8.737016677856445312e+00 3.453802011457469678e-01
8.741663297017415957e+00 1.357269385497370320e-02
8.742003122965494200e+00 1.550979567342548188e-02
8.746003468831380800e+00 1.003705390813783405e+00
8.748656749725341797e+00 3.217125238246456437e-02
8.750000000000000000e+00 1.408271890317222663e+00
8.757343292236328125e+00 8.047303648681376487e-01
8.759663263956705137e+00 2.321162407771454883e-01
8.764660040537515684e+00 5.328109308472240846e-01
8.764660199483236269e+00 4.118719080388440479e-01
8.767649968465169863e+00 3.300102072982136203e-01
8.767673333485921816e+00 2.475897003886450842e-01
8.769976615905761719e+00 8.398253859056722392e-01
8.770669937133789062e+00 1.336743286919664042e+00
8.773326714833578066e+00 1.337298339867779018e-01
8.774303436279296875e+00 3.367431550015036468e-01
8.775676727294921875e+00 1.580862738334532780e-01
8.777303377787271543e+00 3.170111969094649984e-01
8.791993459065755800e+00 1.346461519032380760e+00
8.792339960734048887e+00 9.780950290393495283e-01
8.794673283894857363e+00 1.259420570969764341e+00
8.799023151397705078e+00 0.000000000000000000e+00
8.800333182017007871e+00 8.544575925670644390e-02
8.807979742685953184e+00 9.199276630567005952e-01
8.813656806945800781e+00 9.372152803574762547e-01
8.814653396606445312e+00 2.596820602453369098e+00
8.817986488342285156e+00 7.405532627733353301e-01
8.818999926249185606e+00 2.458177707465166950e+00
8.827003479003906250e+00 8.187107998968952138e-01
8.830343246459960938e+00 4.260148487609783929e-01
8.837006568908691406e+00 1.115864895765573683e+00
8.837353388468423887e+00 2.850384434640561640e-02
8.839323361714681582e+00 9.201712830019346256e-01
8.849336624145507812e+00 8.915974895597322814e-02
8.850329875946044922e+00 9.972102456078922872e-01
8.856000105539957090e+00 2.821109758208918628e+00
8.857700030008951231e+00 2.189751551312541303e-02
8.859010060628255800e+00 8.578183697392209872e-01
8.867683410644531250e+00 8.806582855557286704e-01
8.879990100860595703e+00 3.872087226255264136e-01
8.883686860402425722e+00 5.448358717714349986e-01
8.893309911092122988e+00 3.069988315351095814e-02
8.900333404541015625e+00 4.327503947722606270e-01
8.906659762064615293e+00 4.583242364413311898e-01
8.906670252482095762e+00 1.342757326617562974e+00
8.908983230590820312e+00 1.638521857849809971e+00
8.923656463623046875e+00 1.942013238795402330e+00
8.930023511250814394e+00 2.335062836441844369e-01
8.932993570963541075e+00 9.820451024570027443e-03
8.933673222859701113e+00 0.000000000000000000e+00
8.945333480834960938e+00 4.249494002292073525e-01
8.949026425679525332e+00 4.694015251517802412e-01
8.952690124511718750e+00 7.461338809116192794e-02
8.957676887512207031e+00 3.550602240667748988e-01
8.977003097534179688e+00 1.864109607525382684e+00
8.987976710001627012e+00 1.349719241423439575e+00
9.001983642578125000e+00 2.699829853792633516e-01
9.019703229268392519e+00 1.784778608207162609e+00
9.036679903666177793e+00 1.112615909259182245e-01
9.037003358205160097e+00 2.305872701087772481e-01
9.040626843770345644e+00 7.992465098030719917e-01
9.052333196004232363e+00 4.746140537677719096e-02
9.061996459960937500e+00 3.510872163423175429e-01
9.064669926961263613e+00 5.897970091796677083e-01
9.069973309834798769e+00 1.044888079762046784e+00
9.082986831665039062e+00 1.442622185433959647e-01
9.091656684875488281e+00 5.128637260468360548e-01
9.102333386739095644e+00 1.439914688546014787e+00
9.109670003255208925e+00 1.682040730758665337e+00
9.115999857584634825e+00 3.222523352948105518e-02
9.122993151346841856e+00 3.270323883050237079e-02
9.131013234456380800e+00 5.576184485901480858e-01
9.138699849446615175e+00 1.906132799465594552e+00
9.139316876729330019e+00 4.407183465394274857e-01
9.145663261413574219e+00 1.426754981039407122e+00
9.152333577473958925e+00 6.445122234906122127e-01
9.157323519388834043e+00 6.184478617415196666e-01
9.165666580200195312e+00 2.029006661034842729e+00
9.194346427917480469e+00 2.946531621708469925e-02
9.201643308003744082e+00 1.190983529498590571e-01
9.218336741129556700e+00 9.753169333213435044e-02
9.236333529154459043e+00 3.183074638902089193e-01
9.250303268432617188e+00 3.175691047460360572e-01
9.262353579203287168e+00 1.902469821816727746e+00
9.263663291931152344e+00 4.986629346501858517e-01
9.269323031107584043e+00 2.963904129484615346e+00
9.301650047302246094e+00 1.251933873498257133e-01
9.315976460774740175e+00 4.492301865379115522e-02
9.339673678080240293e+00 7.859374079633806021e-02
9.349673271179199219e+00 1.204092475252721978e-01
9.357700030008951231e+00 7.399305059678426000e-01
9.359706560770669981e+00 5.737415308302367123e-01
9.366010030110677675e+00 1.421444810471869935e-01
9.378673235575357481e+00 4.554630355134513644e-04
9.382036526997884707e+00 2.559110496507158855e-02
9.404010136922201113e+00 2.738858902963164227e-02
9.425010045369466738e+00 9.363291523618320900e-02
9.429680188496908144e+00 7.632658846785206341e-02
9.462363560994466738e+00 6.112971609041459864e-01
9.465000152587890625e+00 5.644013604042160681e-01
9.481006622314453125e+00 1.064588288424019868e+00
9.553003311157226562e+00 6.986564989783805579e-02
9.559013366699218750e+00 3.203997240689700488e-01
9.693683306376138731e+00 1.197977841282347855e+00
9.702669779459634825e+00 1.029341184368258277e+00
9.721323013305664062e+00 5.876172248424290645e-01
9.795009930928548769e+00 3.625350726694497316e-01
9.805659929911294981e+00 2.670628285921498035e-01
