7.600349932909011841e-02 2.835286579435483123e-01
1.570059955120086670e-01 3.137333202950129962e-01
1.670449972152709961e-01 9.289546761901784633e-02
1.739889979362487793e-01 9.700642353931443473e-01
2.330230027437210083e-01 5.174085876957240648e-01
2.659769952297210693e-01 5.261117166374559839e-02
2.719790041446685791e-01 3.480649806208403058e-02
2.929579913616180420e-01 8.340937929540016837e-02
3.009530007839202881e-01 7.518268165385700863e-01
3.100059926509857178e-01 5.758351356500274881e-02
3.189510107040405273e-01 5.119721763028789452e-01
3.189859986305236816e-01 2.015147706236196656e-01
3.260540068149566650e-01 6.839686880915189088e-03
3.279860019683837891e-01 3.977570313773823307e-01
3.389840126037597656e-01 7.058020116812104838e-01
3.490050137042999268e-01 2.389975255096173645e-01
3.589839935302734375e-01 2.069758422097304762e-01
3.639479875564575195e-01 1.199287029421735179e-01
3.679980039596557617e-01 6.542949674407601002e-01
3.829979896545410156e-01 1.242459717507534006e-01
3.909710049629211426e-01 8.034785864152160784e-01
4.170249998569488525e-01 4.641316546774684748e-02
4.180429875850677490e-01 5.513262473832158950e-01
4.309990108013153076e-01 4.578671633604893265e-01
4.479629993438720703e-01 2.771289748952378007e-01
4.589990079402923584e-01 3.065130744022007692e-01
4.590109884738922119e-01 8.378716545080859834e-01
4.749720096588134766e-01 1.259719301147947321e-02
4.780209958553314209e-01 9.332714682080811563e-01
4.849950075149536133e-01 2.337113793963971620e-01
4.879879951477050781e-01 2.146738456231478409e-01
4.919910132884979248e-01 2.476660960201656270e+00
4.990400075912475586e-01 3.380472389451475435e-01
5.060099959373474121e-01 5.897482349150952041e-01
5.230020284652709961e-01 2.203065794646370090e+00
5.280339717864990234e-01 2.357051757862624608e-01
5.379899740219116211e-01 2.422359732441504293e-02
5.380079746246337891e-01 3.137849584147544002e-01
5.380100011825561523e-01 5.873950039528411105e-02
5.399090051651000977e-01 8.890163406002071778e-02
5.550249814987182617e-01 6.278865658983936449e-01
5.561079978942871094e-01 4.752196491964387759e-01
5.600150227546691895e-01 1.473662016499288185e+00
5.659779906272888184e-01 3.559021096317399047e-01
5.699859857559204102e-01 1.018654117115551649e+00
5.760359764099121094e-01 3.556489032598699751e-01
5.800409913063049316e-01 1.008005495247970285e-01
5.920630097389221191e-01 1.452817007285677864e+00
6.019870042800903320e-01 9.140205303215654942e-01
6.050090193748474121e-01 1.795131706686722950e+00
6.130139827728271484e-01 1.265594924690059131e-01
6.199650168418884277e-01 2.381125636258527023e-01
6.240040063858032227e-01 7.494069579296723516e-02
6.249769926071166992e-01 1.801516657648146058e+00
6.259689927101135254e-01 1.617053891557720391e+00
6.280009746551513672e-01 7.988013672260220188e-01
6.289820075035095215e-01 9.986933775010881087e-02
6.309990286827087402e-01 1.252272460977559954e+00
6.510040163993835449e-01 1.072456095940645532e-01
6.520019769668579102e-01 2.175017989200190294e-01
6.619780063629150391e-01 1.404992040568039613e+00
6.659839749336242676e-01 1.054865705459256509e+00
6.659920215606689453e-01 9.097980516339429502e-02
6.669769883155822754e-01 8.474746515148259829e-02
6.710180044174194336e-01 5.846348819164540744e-01
6.720190048217773438e-01 1.693384121267105025e+00
6.740009784698486328e-01 6.569564710358537507e-01
6.749950051307678223e-01 5.147914238263309183e-01
6.870210170745849609e-01 1.108121084209950036e+00
6.889749765396118164e-01 1.449307250132608527e+00
7.009860277175903320e-01 1.613316923928211355e-01
7.070530056953430176e-01 4.757964085728735304e-01
7.119960188865661621e-01 7.133878340149543140e-01
7.219889760017395020e-01 1.771262074319593649e-01
7.239879965782165527e-01 4.459210855625889147e-01
7.279909849166870117e-01 2.196512862722560244e-01
7.310450077056884766e-01 2.357719068685187214e+00
7.370139956474304199e-01 5.468990761667437139e-01
7.420380115509033203e-01 3.190583241655563507e-01
7.510060071945190430e-01 7.120093583239944790e-01
7.559689879417419434e-01 6.316118188813929502e-01
7.559769749641418457e-01 7.705097067264233823e-01
7.610129714012145996e-01 2.624856181090770679e+00
7.639759778976440430e-01 4.504366057408193402e-01
7.649989724159240723e-01 1.373606109083272520e+00
7.670270204544067383e-01 8.841681060075931020e-01
7.679719924926757812e-01 1.586612045896301559e+00
7.720519900321960449e-01 1.036458044561003877e+00
7.859969735145568848e-01 1.158021243959650004e+00
7.910230159759521484e-01 8.714183216192802894e-02
7.999969720840454102e-01 1.774968883036480927e+00
8.090180158615112305e-01 1.416570705602495095e-01
8.129929900169372559e-01 4.885575788824897403e-01
8.140400052070617676e-01 3.789815415992422304e-02
8.170319795608520508e-01 4.816334480591668576e-01
8.249589800834655762e-01 8.355152777006908948e-01
8.329610228538513184e-01 5.667309679412945167e-01
8.439610004425048828e-01 2.916605012008755549e-01
8.520079851150512695e-01 1.420397231034242536e+00
8.600100278854370117e-01 1.834519221910947184e+00
8.629969954490661621e-01 1.246071903766880817e+00
8.660119771957397461e-01 2.341407208147427421e-01
8.690320253372192383e-01 1.946680494719091881e+00
8.799809813499450684e-01 1.189315382121693521e+00
8.800439834594726562e-01 1.765742502159574956e+00
8.830209970474243164e-01 1.722404600398722008e-01
8.879529833793640137e-01 1.038094736467129742e-01
8.959980010986328125e-01 1.860750724962716651e+00
8.969849944114685059e-01 5.020925330959975785e-02
9.030069708824157715e-01 7.444837752189049918e-02
9.049940109252929688e-01 4.757710955241284956e-01
9.140020012855529785e-01 1.208807519143712678e-02
9.170089960098266602e-01 1.023928149462558279e+00
9.200009703636169434e-01 1.732976256871588960e-01
9.269099831581115723e-01 1.072449289482799717e+00
9.270009994506835938e-01 1.504627724104222297e+00
9.350479841232299805e-01 2.843870004163852050e-01
9.590139985084533691e-01 3.614821307904281245e-01
9.600459933280944824e-01 1.572483093441048863e-01
9.700480103492736816e-01 1.946286479392910440e+00
9.720039963722229004e-01 2.076475897435382745e+00
9.730010032653808594e-01 1.233311000204697638e+00
9.739729762077331543e-01 8.894424800591080316e-02
9.870160222053527832e-01 1.535686830888847998e-01
9.940670132637023926e-01 9.069492840562222158e-01
1.016020059585571289e+00 1.634078604774558352e+00
1.018990039825439453e+00 1.021438187348393534e+00
1.024039983749389648e+00 8.807120477526075852e-01
1.027009963989257812e+00 1.178812390954724787e+00
1.033030033111572266e+00 7.880404397386220339e-01
1.034000039100646973e+00 2.016408463347875157e-01
1.034989953041076660e+00 2.874830105771450928e-01
1.043009996414184570e+00 4.504100427862888778e-01
1.043939948081970215e+00 3.428026594063593446e-01
1.057010054588317871e+00 8.686502444779272691e-01
1.058969974517822266e+00 9.360091637150083077e-01
1.089969992637634277e+00 1.004063163501678568e+00
1.090000033378601074e+00 2.511222944354031816e-01
1.093060016632080078e+00 5.804046998829287540e-01
1.096040010452270508e+00 4.877747579146993195e-01
1.110049962997436523e+00 5.596229996114178429e-02
1.116989970207214355e+00 1.598711135290077801e+00
1.119040012359619141e+00 1.275842805161754079e+00
1.122030019760131836e+00 2.892060516720190710e-01
1.126060009002685547e+00 1.714989574985835152e-01
1.133010029792785645e+00 4.760408801757116670e-01
1.134960055351257324e+00 5.681128061624957093e-01
1.138000011444091797e+00 4.192035101987294510e-02
1.139000058174133301e+00 6.925976339076513888e-01
1.143000006675720215e+00 1.389722001779168048e+00
1.147029995918273926e+00 6.924969662208919907e-02
1.149989962577819824e+00 8.683362005165184971e-01
1.150030016899108887e+00 1.332280955532846589e-01
1.159000039100646973e+00 2.378179470143438612e-01
1.161999940872192383e+00 5.911037075837848320e-01
1.167999982833862305e+00 1.251475215645300176e+00
1.175969958305358887e+00 1.577496386308227860e+00
1.189000010490417480e+00 3.047049251623583643e-01
1.190940022468566895e+00 1.139030965431704102e-02
1.190950036048889160e+00 8.777203464324149218e-01
1.190989971160888672e+00 1.989253071841552700e-01
1.193989992141723633e+00 1.425902525370312368e+00
1.197980046272277832e+00 1.934893990279189291e+00
1.203029990196228027e+00 8.741440887918094926e-02
1.210980057716369629e+00 7.880299046822809850e-02
1.214959979057312012e+00 2.979908461881228821e-01
1.220980048179626465e+00 1.649319822999605611e-01
1.223919987678527832e+00 3.807492596814397445e-01
1.226969957351684570e+00 1.296415689691034601e+00
1.238000035285949707e+00 5.102445292768758023e-01
1.249950051307678223e+00 9.282450654533493939e-01
1.257959961891174316e+00 1.142099125409697269e+00
1.262019991874694824e+00 8.558467210171029071e-01
1.266989946365356445e+00 1.934728965103395260e-01
1.273980021476745605e+00 1.074936978038308011e+00
1.276970028877258301e+00 7.005286636856515869e-01
1.276990056037902832e+00 9.380995537826808395e-01
1.284029960632324219e+00 1.484771405236149089e-01
1.286980032920837402e+00 1.378934880362267412e+00
1.296010017395019531e+00 3.014537361699038520e+00
1.302000045776367188e+00 2.377044954614417893e-01
1.304999947547912598e+00 2.807746935612243644e-01
1.307989954948425293e+00 1.928957035005261222e-01
1.317989945411682129e+00 2.698552997024941669e-02
1.319990038871765137e+00 2.336178407848635286e-02
1.320009946823120117e+00 9.389751688373317029e-02
1.325019955635070801e+00 1.177221040991179191e+00
1.326020002365112305e+00 3.248243137175871875e-01
1.326990008354187012e+00 1.167413155374717321e-01
1.333989977836608887e+00 2.084328328327817448e-01
1.338969945907592773e+00 8.995216102762512711e-02
1.363029956817626953e+00 1.748308663206568747e+00
1.364050030708312988e+00 1.562345301473666126e+00
1.371000051498413086e+00 9.839721420616179826e-01
1.376979947090148926e+00 1.173631389669646641e+00
1.399029970169067383e+00 5.022886552844302299e-01
1.407070040702819824e+00 5.060827100807089307e-01
1.409989953041076660e+00 1.208587509110746305e+00
1.419070005416870117e+00 8.905572859133983332e-01
1.435999989509582520e+00 3.837487325401472416e-01
1.440999984741210938e+00 1.669812534851450869e-01
1.445989966392517090e+00 9.513690012043102273e-01
1.450989961624145508e+00 1.502999639383947039e-01
1.470999956130981445e+00 1.600703609230889279e+00
1.481969952583312988e+00 2.780147276255865996e-01
1.486009955406188965e+00 1.868058118381772659e-01
1.491979956626892090e+00 1.188183739473173961e-01
1.496039986610412598e+00 4.000822065948053119e-01
1.509979963302612305e+00 2.576415019584624710e-01
1.514979958534240723e+00 1.625573895999941343e-01
1.518939971923828125e+00 5.319655620040136812e-01
1.519000053405761719e+00 7.746674095912781111e-01
1.521999955177307129e+00 9.556618948216880072e-02
1.526010036468505859e+00 2.003128115901027795e-01
1.527979969978332520e+00 1.081333253660585886e-02
1.528990030288696289e+00 3.477496135944460054e-01
1.531949996948242188e+00 1.054092329690545782e-01
1.532019972801208496e+00 5.151340346107607937e-01
1.539019942283630371e+00 1.249321812641108476e-01
1.540019989013671875e+00 3.860686813433784059e-01
1.541010022163391113e+00 6.613282143567889015e-01
1.548949956893920898e+00 1.755387024646781202e-01
1.551990032196044922e+00 2.646574220666593757e-01
1.556010007858276367e+00 4.953929525694171221e-01
1.559059977531433105e+00 2.314074917834808842e-01
1.569030046463012695e+00 4.535704470085780149e-01
1.571990013122558594e+00 9.935238880393264249e-02
1.573989987373352051e+00 1.027432893551476933e+00
1.576990008354187012e+00 3.577167174739722122e-01
1.581009984016418457e+00 2.527555061044352569e-01
1.583029985427856445e+00 2.163802985621003372e-01
1.583930015563964844e+00 6.089693522765210476e-01
1.584050059318542480e+00 1.296404036215970113e+00
1.609040021896362305e+00 4.669118834764289239e-01
1.611989974975585938e+00 8.810378936410619144e-02
1.619969964027404785e+00 1.291538652660376429e-01
1.626999974250793457e+00 1.706867089625496714e-01
1.631960034370422363e+00 2.308600217826316525e-01
1.637949943542480469e+00 1.137773412912747029e+00
1.647019982337951660e+00 1.035224010360985325e+00
1.650959968566894531e+00 8.480663590507624416e-01
1.667979955673217773e+00 1.361229228425068494e-01
1.685019969940185547e+00 7.765435611676871908e-01
1.691009998321533203e+00 1.768491430753863725e+00
1.694030046463012695e+00 1.736804150783614054e-01
1.697980046272277832e+00 1.753680598810508917e-01
1.699980020523071289e+00 8.972373033845039147e-01
1.703019976615905762e+00 9.678375297925279064e-01
1.706979990005493164e+00 2.351287959177214004e-01
1.722959995269775391e+00 4.714625901839203936e-01
1.725020051002502441e+00 9.642591367306250216e-01
1.741989970207214355e+00 1.594852219051190234e+00
1.744070053100585938e+00 5.747254959702543520e-01
1.745959997177124023e+00 5.665596320490942084e-01
1.747990012168884277e+00 2.106586249792203325e-01
1.754989981651306152e+00 1.070975924019310355e-01
1.761960029602050781e+00 1.453198826876719307e+00
1.766989946365356445e+00 5.726945374876521999e-01
1.780040025711059570e+00 1.071858210513525256e+00
1.780979990959167480e+00 1.903274041337429667e-01
1.787989974021911621e+00 2.468997065635487875e-01
1.790969967842102051e+00 3.454263336977997922e-01
1.791020035743713379e+00 4.017216780678023458e-02
1.792999982833862305e+00 4.635597270519494773e-01
1.799010038375854492e+00 7.189437655058659171e-01
1.806030035018920898e+00 8.321351806574214249e-01
1.816990017890930176e+00 3.581878030632569820e-01
1.827950000762939453e+00 2.594029509045011617e-01
1.828999996185302734e+00 9.398872324107780951e-01
1.833989977836608887e+00 4.707297606527853784e-01
1.835950016975402832e+00 5.252085082418769257e-01
1.836979985237121582e+00 6.584602721873967779e-01
1.840000033378601074e+00 1.621133298818828727e-01
1.844959974288940430e+00 6.356526287888097926e-01
1.847990036010742188e+00 1.476172000247646610e+00
1.851009964942932129e+00 7.926554947139909102e-02
1.852040052413940430e+00 6.460108390891503571e-01
1.867980003356933594e+00 1.379421899550026920e+00
1.872020006179809570e+00 7.147858466433026914e-01
1.886039972305297852e+00 8.025079981296239229e-01
1.890009999275207520e+00 3.797172607323128224e-01
1.890030026435852051e+00 9.159334671390189087e-01
1.894000053405761719e+00 6.268683795771557987e-01
1.896000027656555176e+00 4.361573893098616983e-01
1.896029949188232422e+00 2.086090842768247577e-01
1.908980011940002441e+00 1.260528917140914529e-01
1.911980032920837402e+00 2.472140029019947449e-01
1.913010001182556152e+00 9.407731873876085116e-01
1.915959954261779785e+00 1.387229040619303744e+00
1.917029976844787598e+00 4.017475965804982452e-01
1.926040053367614746e+00 1.941015052135326713e-01
1.930029988288879395e+00 2.558079812564089117e-01
1.935979962348937988e+00 1.018675532682354223e+00
1.942029953002929688e+00 1.918841652434703837e+00
1.944970011711120605e+00 1.871227071023845445e+00
1.957980036735534668e+00 1.169033942958701000e-01
1.968979954719543457e+00 1.935605505397323567e+00
1.970980048179626465e+00 6.038437495019362000e-01
1.972020030021667480e+00 7.493099234287431409e-02
1.998950004577636719e+00 4.479024064165719743e-01
2.003040075302124023e+00 1.054719254521126359e+00
2.024019956588745117e+00 6.553947372009212291e-01
2.033989906311035156e+00 1.144197263130532605e+00
2.047039985656738281e+00 4.033240409427534812e-01
2.059969902038574219e+00 1.606540956457701008e-01
2.073029994964599609e+00 2.332657252915607271e-01
2.074980020523071289e+00 9.572623896852400227e-01
2.078039884567260742e+00 4.831128054580808295e-01
2.079070091247558594e+00 7.640392173812045051e-01
2.081979990005493164e+00 3.169157053928637474e-02
2.088000059127807617e+00 1.519250155848786699e-01
2.092999935150146484e+00 9.449097060105572377e-01
2.100049972534179688e+00 1.166775745075608439e+00
2.100980043411254883e+00 5.858256095404577174e-02
2.106909990310668945e+00 2.758424807340519869e-01
2.117019891738891602e+00 1.602456735175568969e+00
2.126960039138793945e+00 1.291444940338331238e+00
2.130019903182983398e+00 9.668976169331353621e-01
2.135020017623901367e+00 1.536879764205123733e+00
2.144020080566406250e+00 1.023778667348045901e-01
2.148969888687133789e+00 2.214155303094894889e-01
2.152040004730224609e+00 1.182029726157363791e+00
2.155989885330200195e+00 5.491537522141738403e-01
2.157000064849853516e+00 7.873416567157247303e-02
2.159049987792968750e+00 4.477247907384301895e-01
2.161989927291870117e+00 1.177362314026595136e-01
2.165999889373779297e+00 6.499416514559361868e-01
2.167979955673217773e+00 3.820068477969381093e-01
2.177999973297119141e+00 8.505124247785004199e-01
2.184020042419433594e+00 2.062161097615444194e-01
2.186980009078979492e+00 1.009936335040575006e+00
2.206020116806030273e+00 9.849891973013810142e-01
2.206990003585815430e+00 1.138521260594067552e+00
2.207000017166137695e+00 1.654353111637639762e-01
2.207000017166137695e+00 2.055977385491359888e-01
2.226000070571899414e+00 1.509620483277028247e-01
2.241990089416503906e+00 1.333254404324903664e-01
2.245009899139404297e+00 1.237521054470150372e-01
2.247999906539916992e+00 5.945213492332813709e-01
2.259979963302612305e+00 2.587650923753996857e-01
2.260979890823364258e+00 9.082758628512174193e-01
2.274049997329711914e+00 3.210860339104569805e-01
2.276989936828613281e+00 1.004979734103135236e+00
2.277050018310546875e+00 5.658382757247752970e-01
2.286010026931762695e+00 4.559547610497974302e-01
2.291039943695068359e+00 1.033955739657977657e-01
2.295959949493408203e+00 1.178854228422632211e+00
2.308010101318359375e+00 2.859362874240938268e-01
2.309999942779541016e+00 9.457065456359139421e-01
2.318059921264648438e+00 1.574388078599125995e+00
2.323009967803955078e+00 1.482342661777622306e+00
2.336030006408691406e+00 7.839633188318977375e-01
2.347019910812377930e+00 2.579595316027991636e-01
2.357990026473999023e+00 9.363242551969609417e-01
2.358999967575073242e+00 2.339704312756572813e-01
2.359920024871826172e+00 2.087183606985427153e-01
2.363039970397949219e+00 2.693866965867413588e-01
2.363980054855346680e+00 8.670934240037789786e-01
2.367029905319213867e+00 1.130207043580987308e-01
2.371020078659057617e+00 8.820990336076449390e-02
2.378999948501586914e+00 8.337189938063122030e-01
2.391000032424926758e+00 3.467490233784289444e-01
2.395960092544555664e+00 2.681039488112021418e-01
2.396990060806274414e+00 1.731726742116896700e+00
2.403000116348266602e+00 8.929209391520763761e-01
2.419960021972656250e+00 1.128642808742293724e+00
2.432960033416748047e+00 4.530726444979264467e-01
2.433949947357177734e+00 1.836434926123390321e-01
2.435009956359863281e+00 2.866347957130541690e-01
2.444000005722045898e+00 3.438091864259952835e-01
2.456000089645385742e+00 1.624433154433167215e-01
2.466029882431030273e+00 1.415202501489597753e-01
2.469019889831542969e+00 1.401273726183116797e-01
2.470999956130981445e+00 2.325344735113442363e-01
2.487010002136230469e+00 1.175884903071169774e+00
2.487020015716552734e+00 4.977340519818191922e-01
2.494960069656372070e+00 1.043109460842309044e+00
2.499010086059570312e+00 3.574845648099306827e-01
2.506030082702636719e+00 1.087938766087341302e-01
2.514990091323852539e+00 5.858934991495585998e-02
2.521039962768554688e+00 7.425794992362634295e-01
2.532010078430175781e+00 1.971587021887038771e-01
2.537970066070556641e+00 1.196804831243462486e+00
2.539000034332275391e+00 1.254354914695595402e-01
2.542979955673217773e+00 2.131105078095381966e+00
2.543999910354614258e+00 9.778977609373237789e-02
2.544029951095581055e+00 3.126377146950058417e-01
2.551000118255615234e+00 1.411837986034796266e-01
2.561009883880615234e+00 2.748692232456087861e-02
2.562010049819946289e+00 1.134215738982607080e+00
2.562979936599731445e+00 1.309324882902636933e+00
2.567019939422607422e+00 2.328715403485971391e-01
2.573070049285888672e+00 1.892867615492124789e-01
2.574949979782104492e+00 7.125110716659071031e-01
2.575000047683715820e+00 2.436260762976072969e-01
2.588010072708129883e+00 1.375756340047755433e-01
2.604059934616088867e+00 1.213995914336164217e-01
2.607029914855957031e+00 1.500227656863011294e+00
2.609009981155395508e+00 1.038193182620782640e+00
2.610029935836791992e+00 9.627191499548488629e-01
2.620939970016479492e+00 2.087279680741040422e-01
2.628010034561157227e+00 7.246509410568351406e-01
2.638030052185058594e+00 3.781788062603962386e-01
2.639950037002563477e+00 8.297718425395042563e-02
2.659009933471679688e+00 1.497433770817450771e+00
2.659919977188110352e+00 2.850010620188462851e-01
2.661030054092407227e+00 3.316655461857439535e-01
2.662960052490234375e+00 1.113252100619904983e+00
2.663959980010986328e+00 2.938142772458606222e-01
2.663980007171630859e+00 1.007532589411881396e+00
2.665950059890747070e+00 6.753831444184891231e-01
2.666019916534423828e+00 8.966530613812305484e-02
2.681050062179565430e+00 3.162464570984231393e-01
2.684050083160400391e+00 2.945416358630531528e-01
2.694030046463012695e+00 9.111785878863392085e-01
2.709059953689575195e+00 2.906784624665684769e-01
2.713969945907592773e+00 6.388114352582408006e-02
2.714010000228881836e+00 2.259282633600511847e+00
2.716969966888427734e+00 1.578135704007518125e+00
2.719980001449584961e+00 3.291805935346226453e-01
2.721009969711303711e+00 1.562592738625673272e-01
2.727999925613403320e+00 5.123022617172924287e-01
2.731980085372924805e+00 8.263615093087439689e-02
2.733999967575073242e+00 3.525301337323057949e-01
2.737989902496337891e+00 1.464723000706833922e+00
2.743940114974975586e+00 1.023422927527053883e+00
2.749000072479248047e+00 1.821437038074459336e-01
2.756969928741455078e+00 1.105259245777206134e+00
2.758990049362182617e+00 9.127254342098464757e-02
2.777040004730224609e+00 7.534748876943153650e-01
2.779959917068481445e+00 1.116147527562370012e-01
2.794009923934936523e+00 2.258572363991291632e-01
2.803970098495483398e+00 3.430587657118500111e-01
2.805069923400878906e+00 1.087432125365385693e-01
2.808990001678466797e+00 1.338324695453265933e+00
2.809000015258789062e+00 6.013349482257231843e-02
2.811980009078979492e+00 1.379480915866858337e-01
2.815969944000244141e+00 8.891526667081928181e-01
2.832979917526245117e+00 3.891038377541225501e-01
2.836980104446411133e+00 1.821481031395495997e-01
2.838999986648559570e+00 7.129976808617265460e-01
2.841979980468750000e+00 1.214832001644678139e-01
2.853049993515014648e+00 1.354963985252722658e+00
2.864039897918701172e+00 2.736076712587252047e-01
2.869990110397338867e+00 1.331478446473894073e-01
2.880980014801025391e+00 7.727987957735444891e-01
2.883029937744140625e+00 6.610685768933078910e-01
2.898979902267456055e+00 1.259732080754303596e-01
2.900029897689819336e+00 1.622657438818493336e-01
2.905009984970092773e+00 3.058228780680732339e-01
2.906990051269531250e+00 6.678617809301453656e-01
2.913959980010986328e+00 2.591118279101356503e-01
2.913990020751953125e+00 5.051708693453401539e-02
2.915030002593994141e+00 8.797783105693376404e-01
2.921950101852416992e+00 3.184327656737045986e-01
2.933000087738037109e+00 5.725487159742239651e-01
2.934959888458251953e+00 7.297973903806229123e-02
2.935009956359863281e+00 5.366108348614498924e-01
2.937969923019409180e+00 2.463343109600649450e-01
2.945029973983764648e+00 1.134527023742888385e-01
2.969939947128295898e+00 2.889778922630789615e-01
2.974980115890502930e+00 3.754871753422935887e-01
2.978990077972412109e+00 5.206691402076644160e-01
2.986979961395263672e+00 4.151362528232150351e-01
3.012000083923339844e+00 3.575014609709191715e-01
3.016940116882324219e+00 1.105656344781552392e+00
3.019989967346191406e+00 2.947884432473842908e-01
3.022969961166381836e+00 1.778975523115362278e-01
3.022989988327026367e+00 6.238978163939739030e-01
3.035010099411010742e+00 2.663788863421043818e-01
3.040999889373779297e+00 1.147137769922589978e+00
3.044019937515258789e+00 1.708242909546812349e+00
3.052000045776367188e+00 1.099763294172756561e-01
3.058000087738037109e+00 1.231850807542953646e-02
3.062000036239624023e+00 3.380643129442095773e-01
3.071019887924194336e+00 2.175639321350889777e+00
3.076970100402832031e+00 8.966918161465776693e-01
3.088959932327270508e+00 2.106050002790261999e+00
3.094959974288940430e+00 9.296070719715450181e-01
3.115000009536743164e+00 6.154470835500976955e-01
3.121020078659057617e+00 2.717215423992959678e-01
3.123970031738281250e+00 1.593047505563318922e-01
3.136029958724975586e+00 2.405947338676828751e-01
3.167999982833862305e+00 2.273625144560924294e-01
3.171020030975341797e+00 8.480379260388893892e-01
3.177979946136474609e+00 1.024166914962022057e+00
3.177979946136474609e+00 8.191363661823767295e-01
3.178999900817871094e+00 3.895749139604329225e-01
3.180939912796020508e+00 7.035634443496410206e-01
3.198009967803955078e+00 9.198284177793709659e-01
3.201030015945434570e+00 1.358056545641947777e+00
3.204999923706054688e+00 1.430288971456918246e+00
3.205990076065063477e+00 4.705444074948900712e-01
3.207000017166137695e+00 1.344213993651645622e-01
3.219029903411865234e+00 1.889098973409749860e+00
3.224970102310180664e+00 2.620967556872003112e-01
3.226020097732543945e+00 1.425347682704777519e+00
3.245009899139404297e+00 5.449760295472982907e-01
3.246989965438842773e+00 6.174472581557315619e-03
3.251990079879760742e+00 1.748530093195378887e+00
3.271090030670166016e+00 4.652724552439190808e-01
3.272989988327026367e+00 3.796700594677443474e-01
3.283999919891357422e+00 7.661018340763061651e-01
3.293999910354614258e+00 1.671895681605016337e+00
3.315999984741210938e+00 1.983493375781141932e+00
3.344000101089477539e+00 1.489421830512211553e+00
3.345010042190551758e+00 1.247382635456625977e+00
3.345959901809692383e+00 3.910743040752025224e-02
3.349040031433105469e+00 9.441171503025436174e-01
3.352999925613403320e+00 7.023323971706636470e-01
3.357949972152709961e+00 1.388419934527667321e+00
3.369999885559082031e+00 6.384790870175723054e-02
3.369999885559082031e+00 3.797874378721922684e-01
3.371030092239379883e+00 2.151454562815455218e-01
3.372980117797851562e+00 9.585587259498759005e-01
3.388999938964843750e+00 2.780645109204715748e-01
3.407999992370605469e+00 1.461216890119335865e+00
3.415999889373779297e+00 3.257604232059033156e-01
3.426990032196044922e+00 3.783247417786159139e-01
3.440000057220458984e+00 1.090029859059481909e+00
3.443000078201293945e+00 7.354887820372423279e-01
3.451989889144897461e+00 1.217842050627512940e+00
3.458019971847534180e+00 1.891765413942275431e-01
3.474960088729858398e+00 5.386617646805492293e-02
3.476020097732543945e+00 4.683348099865607128e-02
3.476939916610717773e+00 4.171022275452795913e-01
3.479000091552734375e+00 6.496580376426617232e-01
3.484950065612792969e+00 1.113101387639425122e+00
3.487970113754272461e+00 5.851234217278931116e-01
3.492010116577148438e+00 2.608370979775878062e-01
3.499039888381958008e+00 1.528033731656378569e-01
3.519999980926513672e+00 3.455207855451984944e-01
3.526959896087646484e+00 2.023921647451327466e-01
3.548979997634887695e+00 3.300977679112628710e-02
3.556940078735351562e+00 2.278229845043379109e-01
3.566979885101318359e+00 6.625532880572241323e-01
3.566989898681640625e+00 7.361012433789362319e-01
3.573980093002319336e+00 7.314385367982764730e-02
3.591010093688964844e+00 8.022057621841579556e-01
3.601030111312866211e+00 7.748384253096718410e-02
3.611999988555908203e+00 8.291405808563778734e-01
3.613940000534057617e+00 5.112738590554228857e-01
3.624000072479248047e+00 2.733919547629207747e-01
3.631010055541992188e+00 9.297000158422217761e-03
3.634999990463256836e+00 9.688897511925809169e-01
3.644049882888793945e+00 8.231610639532753737e-01
3.645979881286621094e+00 3.955250957712620474e-01
3.647989988327026367e+00 8.588852662527775295e-02
3.649060010910034180e+00 2.259868674746589312e-01
3.652970075607299805e+00 1.791243337951909931e-01
3.665040016174316406e+00 9.612935134870300713e-01
3.673010110855102539e+00 1.150743007932240602e-01
3.686029911041259766e+00 4.214484378402111875e-01
3.689019918441772461e+00 4.833511627379780129e-01
3.693000078201293945e+00 1.663505733194552416e-01
3.695960044860839844e+00 5.135887934602202387e-01
3.696979999542236328e+00 7.893327177786067794e-02
3.700040102005004883e+00 9.263397022788744106e-02
3.710000038146972656e+00 9.622632774335552197e-01
3.715990066528320312e+00 1.078160193562833491e-01
3.716979980468750000e+00 1.328795547764984875e-01
3.724960088729858398e+00 1.007323433245161270e+00
3.739010095596313477e+00 2.175497602386380069e-01
3.740979909896850586e+00 7.413041215460981492e-01
3.748019933700561523e+00 5.605255854781115293e-02
3.750979900360107422e+00 3.398062191928244991e-01
3.761019945144653320e+00 1.672932242945053827e-01
3.774980068206787109e+00 8.475117030454241140e-01
3.778019905090332031e+00 3.754694443685364647e-01
3.808029890060424805e+00 1.400026865567847167e+00
3.815049886703491211e+00 2.054184784287208521e-01
3.818000078201293945e+00 6.028621653353072318e-01
3.827049970626831055e+00 1.334991480801754671e+00
3.834019899368286133e+00 4.155989557026091852e-01
3.839050054550170898e+00 5.456552860961225715e-01
3.840980052947998047e+00 1.319254085691050182e+00
3.846999883651733398e+00 4.997234912076118918e-01
3.849980115890502930e+00 3.111238161858260187e-01
3.855020046234130859e+00 1.146943720575245296e-01
3.858969926834106445e+00 3.271393385383245533e-01
3.861059904098510742e+00 1.297743328966192600e+00
3.871989965438842773e+00 2.918976375380640809e-01
3.880029916763305664e+00 1.995546161988302480e-01
3.884949922561645508e+00 7.152701681146703128e-02
3.892960071563720703e+00 8.531340121509916052e-01
3.902009963989257812e+00 2.831161257640223972e-01
3.913959980010986328e+00 1.612122691222588333e-01
3.915940046310424805e+00 2.530910636259675606e-01
3.930979967117309570e+00 5.021598041980294136e-01
3.930999994277954102e+00 1.149897020516926105e+00
3.945009946823120117e+00 3.745511391152863689e-01
3.947010040283203125e+00 2.302558301559598161e-02
3.948980093002319336e+00 2.498875829949733784e-01
3.949019908905029297e+00 1.751695173605208211e+00
3.950999975204467773e+00 1.026786857836387679e+00
3.970999956130981445e+00 7.856484149540231554e-01
3.974980115890502930e+00 3.260724295939003703e-01
3.976030111312866211e+00 4.306668558987943318e-01
3.978980064392089844e+00 5.217734068342670950e-01
3.980999946594238281e+00 2.730452518458111655e+00
3.994999885559082031e+00 8.810300464583272761e-01
4.014039993286132812e+00 1.892858589638506395e+00
4.015989780426025391e+00 1.149564114834288747e-01
4.018000125885009766e+00 2.494076540567256861e-01
4.023950099945068359e+00 1.673048781030003485e-01
4.024980068206787109e+00 1.108299154466646730e+00
4.026030063629150391e+00 5.831810011854156039e-01
4.033060073852539062e+00 2.703685876440752311e-01
4.034989833831787109e+00 1.143662882724405111e-01
4.040989875793457031e+00 1.091984473496718566e+00
4.045000076293945312e+00 1.680286085188878786e+00
4.046969890594482422e+00 3.795068966506209840e-01
4.056000232696533203e+00 1.782675124647584708e-01
4.058979988098144531e+00 2.002980634246189495e-01
4.059040069580078125e+00 2.347672529731692936e+00
4.059989929199218750e+00 3.300797692938136074e-01
4.079969882965087891e+00 3.473050043457339697e-01
4.083020210266113281e+00 1.054527190785019553e+00
4.084990024566650391e+00 9.992175000235603566e-01
4.085929870605468750e+00 2.957584205646985320e-01
4.086999893188476562e+00 5.804787186088650186e-01
4.090980052947998047e+00 2.607055607637443373e+00
4.102019786834716797e+00 6.034489891954999408e-01
4.103030204772949219e+00 1.431437092447904180e-01
4.106019973754882812e+00 2.251281772176434992e-01
4.108960151672363281e+00 3.974228057313504703e-01
4.108960151672363281e+00 1.396859023146027834e+00
4.109960079193115234e+00 3.481558268542149503e-02
4.120950222015380859e+00 1.807114097708477085e-01
4.132909774780273438e+00 2.317645372532904258e+00
4.137000083923339844e+00 3.755033747229726826e-01
4.149020195007324219e+00 1.117837694682151106e+00
4.149970054626464844e+00 9.405043282109146752e-01
4.152019977569580078e+00 5.316475568484868575e-01
4.158989906311035156e+00 1.458954328487827024e-01
4.164010047912597656e+00 1.419416455053307824e-01
4.170959949493408203e+00 8.304266021649122642e-01
4.173960208892822266e+00 3.721412006616160451e-01
4.182030200958251953e+00 2.175268853005182523e-01
4.182960033416748047e+00 9.765979119768284367e-01
4.184969902038574219e+00 3.768816697025605816e-02
4.195970058441162109e+00 7.722062862664302862e-02
4.203979969024658203e+00 4.797218554920043565e-02
4.218959808349609375e+00 7.247123012255114460e-01
4.220039844512939453e+00 7.245681628885505821e-02
4.225999832153320312e+00 1.067667632927635557e+00
4.242000102996826172e+00 1.558948283643722676e-01
4.248990058898925781e+00 9.036596792765140274e-01
4.261040210723876953e+00 2.277793164041149454e-01
4.287010192871093750e+00 4.088339825362723445e-01
4.290030002593994141e+00 1.387930423718395090e-01
4.290949821472167969e+00 1.266285271908475507e-01
4.294000148773193359e+00 5.844647445742078007e-02
4.301000118255615234e+00 9.231639134071127906e-01
4.301000118255615234e+00 8.434764616013654681e-01
4.301990032196044922e+00 1.631656610421774456e-01
4.305049896240234375e+00 1.695989096449045108e-01
4.306980133056640625e+00 4.362873337550565028e-02
4.307000160217285156e+00 7.761680061770880323e-01
4.329959869384765625e+00 6.081856319906223107e-02
4.332009792327880859e+00 3.569820603734386033e-01
4.334000110626220703e+00 9.003671372926205230e-01
4.347990036010742188e+00 8.373228742932313784e-01
4.371960163116455078e+00 7.389403846066052717e-01
4.381999969482421875e+00 1.017969290051344622e+00
4.382040023803710938e+00 1.838657026878055545e-01
4.390970230102539062e+00 1.034006775900532915e+00
4.398980140686035156e+00 5.955377983066295622e-01
4.422049999237060547e+00 4.716105253954864795e-01
4.425059795379638672e+00 6.894927822664800865e-02
4.428969860076904297e+00 1.246763296452086250e-01
4.435029983520507812e+00 4.460112725892710905e-01
4.437980175018310547e+00 3.073546155559573473e-02
4.448929786682128906e+00 8.076323089389461640e-02
4.452000141143798828e+00 2.282417147858171458e-01
4.454010009765625000e+00 1.783279120157618136e-01
4.467000007629394531e+00 1.326006164035344326e-01
4.475009918212890625e+00 1.560157374240901673e-01
4.490970134735107422e+00 1.181898265206884568e+00
4.493000030517578125e+00 1.427457014282260406e-01
4.496029853820800781e+00 4.686451592485386258e-02
4.497990131378173828e+00 7.917628350235859924e-02
4.499040126800537109e+00 3.276510188666440643e-02
4.504990100860595703e+00 1.826503790633320357e-01
4.506000041961669922e+00 1.675865359164575158e-02
4.506989955902099609e+00 2.682190523050505954e-02
4.514969825744628906e+00 5.580189141062145974e-02
4.518010139465332031e+00 2.131465074040505836e-01
4.521999835968017578e+00 9.685325042355588665e-02
4.522019863128662109e+00 3.798958296847849969e-02
4.527009963989257812e+00 1.189425640714265320e-01
4.547959804534912109e+00 5.815236768563381009e-02
4.549039840698242188e+00 6.289002494405805666e-02
4.553009986877441406e+00 5.612158682051231195e-02
4.555970191955566406e+00 4.523578433322365117e-02
4.560019969940185547e+00 5.459696610778096149e-02
4.576029777526855469e+00 1.311636760952243630e-01
4.579010009765625000e+00 1.248091779005571778e-01
4.584949970245361328e+00 1.155941965706718810e-01
4.598040103912353516e+00 8.468019633029364446e-01
4.603000164031982422e+00 1.107677464362393227e-01
4.607019901275634766e+00 5.944020335871489508e-02
4.609039783477783203e+00 4.352616209233480665e-02
4.613029956817626953e+00 9.803861132324342975e-02
4.620950222015380859e+00 1.007474123486707812e-01
4.624979972839355469e+00 3.154268072778085991e-02
4.634089946746826172e+00 7.730000581640546209e-02
4.634980201721191406e+00 5.189894025507801878e-02
4.644989967346191406e+00 2.104260493563566425e-01
4.649990081787109375e+00 1.475786254580520318e-01
4.652979850769042969e+00 1.205591240548959803e-01
4.656980037689208984e+00 1.588995575042512556e-02
4.660990238189697266e+00 9.009258861270200147e-02
4.660999774932861328e+00 5.206602213268194390e-01
4.662960052490234375e+00 1.075822170178441714e-02
4.663040161132812500e+00 1.278291373944725751e-01
4.665989875793457031e+00 6.009084840013451806e-02
4.673970222473144531e+00 2.267198739335414548e-01
4.678020000457763672e+00 2.425988875639854825e-02
4.680029869079589844e+00 1.159358291605819789e-02
4.683990001678466797e+00 2.482846103254659764e-01
4.686979770660400391e+00 2.437758077967689535e-02
4.687019824981689453e+00 3.431062800855536749e-02
4.690989971160888672e+00 3.889655036310220582e-01
4.692019939422607422e+00 8.417048703522522768e-02
4.706980228424072266e+00 4.398673763243973189e-01
4.708960056304931641e+00 1.308732970895332692e-01
4.726039886474609375e+00 1.008727160615591756e-01
4.726990222930908203e+00 1.143913786347386247e-01
4.727069854736328125e+00 2.267110781006491035e-02
4.735970020294189453e+00 4.142080360832141317e-02
4.757999897003173828e+00 6.247215089365920626e-02
4.776959896087646484e+00 1.571813255809137999e-01
4.778989791870117188e+00 1.005247021080156872e-01
4.780990123748779297e+00 8.701042485638302293e-02
4.791979789733886719e+00 1.816551649708699478e-01
4.853970050811767578e+00 1.515119157395417582e-01
4.858039855957031250e+00 2.990278858552255017e-02
4.861979961395263672e+00 8.507494802058354622e-02
4.862010002136230469e+00 1.226055560964527669e-01
4.862979888916015625e+00 5.990650740108147132e-02
4.871990203857421875e+00 3.768015241190963288e-02
4.875989913940429688e+00 3.268671213212574062e-02
4.879020214080810547e+00 8.163502051298647186e-03
4.880980014801025391e+00 5.075590595558965301e-02
4.882929801940917969e+00 2.251230141355955658e-02
4.887000083923339844e+00 1.200821783838478159e-02
4.887969970703125000e+00 2.843707078166413105e-02
4.888070106506347656e+00 1.338275952174723948e-01
4.888999938964843750e+00 2.417972616745212716e-02
4.892010211944580078e+00 7.138437227474447866e-02
4.892020225524902344e+00 2.606321303773515563e-01
4.900040149688720703e+00 2.872676579600625876e-02
4.902019977569580078e+00 1.236813899943113720e-01
4.903999805450439453e+00 6.334589828994785857e-03
4.905990123748779297e+00 2.831312473236037297e-01
4.910999774932861328e+00 3.445444380184148336e-02
4.913010120391845703e+00 1.605334356123851447e-01
4.913959980010986328e+00 2.841748378300076525e-02
4.913990020751953125e+00 2.672298372130410896e-02
5.001989841461181641e+00 2.702339048241448466e-02
5.006010055541992188e+00 1.036136221040000471e-01
5.006979942321777344e+00 2.205806083951615815e-01
5.045010089874267578e+00 1.313893841101447246e-01
5.050960063934326172e+00 5.155662408671564390e-02
5.053999900817871094e+00 8.065750861492944346e-02
5.059999942779541016e+00 4.192325113444329843e-02
5.061009883880615234e+00 9.020821486124941391e-02
5.082009792327880859e+00 2.829889868004265702e-02
5.085949897766113281e+00 1.199443975741425750e-01
5.085979938507080078e+00 7.653189535505941499e-02
5.086009979248046875e+00 2.998048885655787282e-02
5.091010093688964844e+00 9.027017330280961982e-02
5.100039958953857422e+00 5.268341023609743323e-02
5.100969791412353516e+00 4.696302245726184654e-02
5.105959892272949219e+00 5.023265897730813667e-02
5.107049942016601562e+00 5.045846804564791538e-02
5.108970165252685547e+00 8.290412943165871573e-02
5.108980178833007812e+00 5.025648780262508691e-02
5.109970092773437500e+00 3.044312153413827535e-02
5.110960006713867188e+00 1.587149871724611791e-02
5.110970020294189453e+00 1.000519233007692022e-01
5.111999988555908203e+00 2.012124173074844313e-01
5.114960193634033203e+00 3.946257292625927893e-02
5.116950035095214844e+00 4.125873313239379614e-02
5.125010013580322266e+00 3.306618746541227505e-02
5.128980159759521484e+00 4.326906648772452929e-02
5.130990028381347656e+00 1.729348597674232324e-02
5.130990028381347656e+00 6.150879297656813155e-02
5.133019924163818359e+00 2.152574622436188856e-02
5.145999908447265625e+00 4.181014096705575056e-02
5.152989864349365234e+00 7.115532765948150151e-02
5.152989864349365234e+00 6.739829853682907657e-02
5.169020175933837891e+00 9.105038619242553088e-02
5.188000202178955078e+00 8.198375694968192129e-02
5.219989776611328125e+00 3.351336533731359008e-02
5.234000205993652344e+00 1.901683659440028470e-02
5.242990016937255859e+00 9.470667713730297754e-02
5.243979930877685547e+00 2.848917691677256905e-02
5.245019912719726562e+00 3.614786264907791924e-02
5.247000217437744141e+00 3.861829529841104280e-02
5.248010158538818359e+00 7.639063923080177156e-03
5.249070167541503906e+00 1.787760449194177384e-02
5.252999782562255859e+00 6.953204217950875732e-02
5.254970073699951172e+00 1.785851599516652052e-02
5.256020069122314453e+00 8.430320896437687797e-03
5.262000083923339844e+00 2.560961894887954504e-02
5.263969898223876953e+00 6.332199257283245564e-02
5.267000198364257812e+00 5.385372397308958725e-02
5.269999980926513672e+00 3.202208532508173805e-02
5.270020008087158203e+00 4.537508571009451347e-02
5.270040035247802734e+00 4.542581737270703912e-02
5.271019935607910156e+00 1.576959854874609990e-01
5.271049976348876953e+00 2.524356520165929943e-02
5.273980140686035156e+00 7.021336748821792317e-02
5.274040222167968750e+00 1.405185414825755874e-01
5.288010120391845703e+00 8.898685989564161791e-02
5.297019958496093750e+00 3.623329746694212150e-02
5.305970191955566406e+00 6.090892415892906753e-02
5.309030055999755859e+00 1.067997856990154371e-01
5.335030078887939453e+00 4.545939205215872303e-02
5.338049888610839844e+00 1.884683299318123118e-01
5.341000080108642578e+00 5.285194195974441539e-02
5.342979907989501953e+00 9.587973950391273648e-02
5.344009876251220703e+00 1.004588500665766215e-01
5.345950126647949219e+00 4.177494275958056058e-02
5.348949909210205078e+00 9.547834143586579614e-02
5.375999927520751953e+00 1.958861712964684865e-01
5.462969779968261719e+00 5.897831087746389922e-02
5.463029861450195312e+00 4.383435316541726273e-02
5.466939926147460938e+00 3.874549958244687120e-02
5.467000007629394531e+00 3.043237667379012842e-02
5.469019889831542969e+00 1.397174645217976602e-02
5.471000194549560547e+00 1.222140023419246296e-01
5.471039772033691406e+00 1.457389213285996410e-01
5.474989891052246094e+00 6.340392013130773108e-02
5.477000236511230469e+00 8.040700191690640375e-02
5.477000236511230469e+00 1.764116695568059001e-01
5.477990150451660156e+00 9.947055092039394641e-02
5.480040073394775391e+00 8.734960709819004909e-02
5.486999988555908203e+00 2.204266542776396262e-02
5.487949848175048828e+00 1.343787498469600217e-01
5.492000102996826172e+00 2.777068389852090785e-02
5.495969772338867188e+00 1.673474377933724944e-01
5.496029853820800781e+00 3.442877324769899605e-01
5.498000144958496094e+00 2.521954953134646071e-02
5.499030113220214844e+00 3.431707343519131703e-02
5.500000000000000000e+00 5.322034174135436418e-02
5.504010200500488281e+00 2.146522790944031811e-01
5.506000041961669922e+00 8.214820316799413547e-02
5.511960029602050781e+00 4.903797042657866839e-02
5.524940013885498047e+00 5.435991724927472651e-02
5.602970123291015625e+00 1.157969345608770156e-01
5.605979919433593750e+00 1.498510791722400606e-02
5.609000205993652344e+00 1.811232430452872910e-01
5.613009929656982422e+00 3.174504056051694056e-01
5.624979972839355469e+00 6.782426636692312494e-02
5.629010200500488281e+00 4.828275696822906249e-02
5.631999969482421875e+00 1.498789194154658694e-02
5.633999824523925781e+00 5.151247629110890930e-02
5.664000034332275391e+00 1.084805999552392736e-01
5.671000003814697266e+00 1.028576551222427499e-01
5.686049938201904297e+00 1.785072109194902473e-02
5.687940120697021484e+00 2.548903308195176604e-02
5.688990116119384766e+00 1.328161626410959972e-01
5.693019866943359375e+00 3.200871994431101625e-02
5.693970203399658203e+00 5.868433712157916649e-02
5.695980072021484375e+00 3.249119086683132512e-02
5.699999809265136719e+00 1.057032916042363740e-01
5.700009822845458984e+00 2.008303122671002416e-01
5.702990055084228516e+00 1.068577410576355968e-01
5.705009937286376953e+00 6.949402213298531972e-03
5.706009864807128906e+00 1.807726554337225205e-02
5.708030223846435547e+00 2.847914626774685626e-02
5.709040164947509766e+00 1.091245684647095954e-01
5.710000038146972656e+00 3.008417715717863761e-01
5.710050106048583984e+00 6.592954674130591108e-02
5.714000225067138672e+00 4.074344039135147089e-02
5.724050045013427734e+00 4.984118456305268452e-02
5.739990234375000000e+00 2.437079792147522905e-02
5.746970176696777344e+00 1.657645989373394413e-01
5.755040168762207031e+00 1.130635094538085667e-01
5.755959987640380859e+00 1.910397294159844606e-01
5.761010169982910156e+00 7.264994944156626111e-02
5.762010097503662109e+00 4.699732605176419609e-02
5.770050048828125000e+00 5.150054177933123534e-02
5.774020195007324219e+00 1.962015169515239632e-02
5.789979934692382812e+00 2.706020292713500613e-02
5.827990055084228516e+00 1.551671436988192043e-01
5.834010124206542969e+00 3.759879331586139101e-02
5.840990066528320312e+00 6.128448439808355935e-02
5.842000007629394531e+00 1.266396247341561310e-01
5.843019962310791016e+00 2.356300580549161930e-02
5.845960140228271484e+00 2.851094068894222122e-02
5.846010208129882812e+00 2.191717327860016329e-01
5.848979949951171875e+00 1.585110100377875864e-01
5.850029945373535156e+00 7.020930959436282037e-02
5.851990222930908203e+00 1.107291604675672697e-01
5.852019786834716797e+00 3.491266560855929568e-02
5.852980136871337891e+00 3.398984092420764824e-02
5.857009887695312500e+00 4.048725646435752390e-02
5.857970237731933594e+00 2.017500628723465500e-02
5.867000102996826172e+00 1.452429673092387602e-02
5.871009826660156250e+00 2.059718354175402721e-01
5.872980117797851562e+00 2.853670951641120238e-02
5.888030052185058594e+00 3.089887497017530793e-02
5.890009880065917969e+00 2.305840359049718957e-01
5.890999794006347656e+00 2.570880869833575000e-02
5.904980182647705078e+00 1.759981943697716267e-01
5.904990196228027344e+00 5.782717708672786838e-02
5.905000209808349609e+00 1.812949151924746760e-01
5.906060218811035156e+00 3.721079008104184738e-02
5.920000076293945312e+00 3.255896280012668398e-01
5.920070171356201172e+00 5.141198613647961213e-02
5.923989772796630859e+00 1.776486949710562868e-01
5.927989959716796875e+00 3.538851887857774603e-02
5.934020042419433594e+00 2.162252076736637385e-01
5.947979927062988281e+00 1.095811799714264956e-01
5.953999996185302734e+00 2.307370843753469083e-02
5.981050014495849609e+00 3.826292614335052161e-02
6.000999927520751953e+00 1.149332657568354676e+00
6.035019874572753906e+00 3.787248923856406657e-01
6.062029838562011719e+00 5.566474392386840803e-02
6.062039852142333984e+00 4.837620915712654290e-01
6.066030025482177734e+00 1.973171685909527739e-01
6.069970130920410156e+00 1.303515944184728825e-01
6.073029994964599609e+00 8.977440612088265492e-01
6.075009822845458984e+00 9.816910542580944976e-02
6.088009834289550781e+00 1.193653951996231921e-01
6.092999935150146484e+00 1.566889986235055487e-01
6.093009948730468750e+00 7.860958997800800985e-01
6.100019931793212891e+00 7.348543894247384391e-03
6.100999832153320312e+00 1.129005424843628341e-01
6.101970195770263672e+00 6.669067002300982372e-02
6.102000236511230469e+00 1.552027587913630047e+00
6.102950096130371094e+00 2.833424611625121603e-01
6.103000164031982422e+00 6.827954764538679555e-02
6.112020015716552734e+00 1.045631672900403597e+00
6.116990089416503906e+00 1.034327431049609558e+00
6.123980045318603516e+00 1.956613021357306303e+00
6.126989841461181641e+00 8.895593977892854443e-02
6.128009796142578125e+00 1.815020025630660894e-01
6.144030094146728516e+00 7.255503509501673443e-02
6.174950122833251953e+00 2.954171936409703547e-01
6.179039955139160156e+00 2.240962185897615033e-01
6.181000232696533203e+00 3.074078125064637346e-02
6.188010215759277344e+00 3.058183165078282029e-01
6.205939769744873047e+00 5.904993036670006523e-01
6.205969810485839844e+00 1.973505547149991546e-01
6.210000038146972656e+00 1.099364773306575754e-01
6.210020065307617188e+00 2.998209178664751340e-01
6.213009834289550781e+00 1.329696844305846004e-01
6.217040061950683594e+00 5.075857621954759091e-01
6.229030132293701172e+00 2.499657939073182122e-01
6.230010032653808594e+00 3.291997230426275678e-01
6.237040042877197266e+00 2.711148125796588038e-01
6.242010116577148438e+00 8.329794143653869165e-01
6.247029781341552734e+00 6.682301182185036437e-01
6.275949954986572266e+00 6.969965725305396487e-02
6.284999847412109375e+00 4.773187791180567019e-01
6.292009830474853516e+00 1.078372965816245532e+00
6.295979976654052734e+00 6.889538743973823431e-02
6.300920009613037109e+00 5.031335539981261068e-02
6.302999973297119141e+00 1.303359368321193867e-01
6.317039966583251953e+00 5.318853129323939388e-01
6.322949886322021484e+00 5.090133782234633475e-02
6.323009967803955078e+00 1.115561987831577284e-01
6.323999881744384766e+00 8.627898475089000874e-01
6.324950218200683594e+00 4.282803531813692000e-01
6.328989982604980469e+00 6.982529209545791371e-01
6.334050178527832031e+00 3.479416164345393025e-01
6.334929943084716797e+00 2.984056608953600698e+00
6.334969997406005859e+00 7.863802652091789192e-01
6.338990211486816406e+00 1.370776993081318729e+00
6.340030193328857422e+00 2.078122175131516425e+00
6.340970039367675781e+00 1.216664819724470492e+00
6.345029830932617188e+00 9.242582914429777752e-01
6.346960067749023438e+00 1.961326306897065996e-01
6.351990222930908203e+00 1.999689312136144342e-02
6.364039897918701172e+00 4.645176603290911976e-01
6.370039939880371094e+00 1.354049798119964176e+00
6.375959873199462891e+00 9.313613818999325611e-01
6.379000186920166016e+00 7.373598025046228244e-02
6.381020069122314453e+00 1.919906358635746546e+00
6.385019779205322266e+00 9.350013597643207497e-01
6.389999866485595703e+00 1.707040217960970274e+00
6.396019935607910156e+00 8.653748203626907554e-01
6.397009849548339844e+00 5.812610433312993541e-01
6.404009819030761719e+00 9.057255173450705632e-01
6.406060218811035156e+00 2.414079633719421025e+00
6.414000034332275391e+00 1.331768745354730665e+00
6.415989875793457031e+00 2.543899917694251653e-02
6.422979831695556641e+00 7.243566771169713814e-01
6.423989772796630859e+00 8.246957140523191176e-01
6.431009769439697266e+00 3.075898363696838000e+00
6.433990001678466797e+00 9.014127431810426971e-01
6.440989971160888672e+00 1.620906970673716974e-01
6.454010009765625000e+00 6.142977350739480674e-02
6.459000110626220703e+00 9.635691956136861469e-01
6.467969894409179688e+00 3.959502640584087185e-01
6.470009803771972656e+00 6.045604397841492644e-02
6.477950096130371094e+00 1.025460336131109651e+00
6.493000030517578125e+00 5.936352443126107215e-01
6.505000114440917969e+00 1.140292204009388799e+00
6.508009910583496094e+00 6.082584841013137511e-02
6.508959770202636719e+00 4.590034411984860729e-01
6.514949798583984375e+00 1.691036170989143939e+00
6.516009807586669922e+00 1.849126522715069942e+00
6.521969795227050781e+00 7.087038643005754146e-01
6.525010108947753906e+00 1.761228844887213485e-01
6.539929866790771484e+00 5.758333012956696750e-01
6.547039985656738281e+00 1.706456329888667467e+00
6.547999858856201172e+00 3.615904432193369766e-01
6.551030158996582031e+00 1.876225061765118163e+00
6.555029869079589844e+00 2.927107371440975173e-02
6.556019783020019531e+00 1.040619146847616555e-01
6.556990146636962891e+00 3.534548922537855131e-01
6.576000213623046875e+00 3.040932590810903058e-01
6.578989982604980469e+00 7.737944632290438829e-01
6.581999778747558594e+00 1.214009841118727090e-01
6.586999893188476562e+00 1.857621945434348998e-01
6.592000007629394531e+00 2.171254338428046715e+00
6.605040073394775391e+00 3.671640812778739216e-01
6.606050014495849609e+00 1.655546218410153037e+00
6.606979846954345703e+00 1.184000919436780874e+00
6.606999874114990234e+00 1.324281113458969372e+00
6.611030101776123047e+00 4.760843398798133563e-01
6.618979930877685547e+00 2.684881509128997035e+00
6.618999958038330078e+00 1.584392218312043132e+00
6.621019840240478516e+00 5.028348311256668479e-01
6.627999782562255859e+00 3.387575559479924614e+00
6.638999938964843750e+00 7.226021399793480793e-01
6.648990154266357422e+00 2.538667042058411205e-01
6.660019874572753906e+00 1.098059063741654295e+00
6.663929939270019531e+00 1.527173522788727589e-01
6.677010059356689453e+00 9.928695039872285077e-01
6.678009986877441406e+00 2.139472451202886205e-01
6.678989887237548828e+00 2.054587446216514512e-01
6.685969829559326172e+00 1.960892505873478076e+00
6.689020156860351562e+00 9.686154424679720154e-02
6.690999984741210938e+00 4.412401620069447139e-01
6.696000099182128906e+00 1.003927847995289557e+00
6.701010227203369141e+00 1.872799203157014869e+00
6.708049774169921875e+00 1.336743286919664042e+00
6.708940029144287109e+00 1.617667501946727093e-01
6.708980083465576172e+00 2.056954285681285910e+00
6.712989807128906250e+00 9.709105641979567936e-02
6.713019847869873047e+00 2.062868511489620582e-01
6.718979835510253906e+00 1.447436519560750590e+00
6.718999862670898438e+00 8.576500245706124570e-01
6.742030143737792969e+00 5.913841298233313282e-01
6.748960018157958984e+00 1.933220616640180856e+00
6.749979972839355469e+00 1.346461519032381204e+00
6.755959987640380859e+00 8.306034894634702070e-02
6.757019996643066406e+00 1.994855291324891811e+00
6.761020183563232422e+00 4.399560575916771632e-01
6.762010097503662109e+00 1.365364830966355303e+00
6.771019935607910156e+00 1.372318388570603398e+00
6.784979820251464844e+00 9.523805781827662242e-01
6.787980079650878906e+00 1.156397468115985400e-01
6.791979789733886719e+00 1.140793428285271083e-01
6.799019813537597656e+00 2.351758223498069622e+00
6.810979843139648438e+00 1.331144443011692324e+00
6.822949886322021484e+00 4.504468460734428747e-01
6.829999923706054688e+00 1.936915114348347400e+00
6.834000110626220703e+00 8.597454953864425153e-01
6.835030078887939453e+00 1.049178661863666151e-01
6.837969779968261719e+00 1.547115157784394235e+00
6.838990211486816406e+00 2.790748330988732651e+00
6.840000152587890625e+00 1.599901217209730164e-01
6.850029945373535156e+00 1.523106187628216368e+00
6.850989818572998047e+00 6.591258790586114191e-01
6.862999916076660156e+00 4.346041011159724188e-01
6.864069938659667969e+00 1.958247246783958229e+00
6.870009899139404297e+00 2.024579763993584192e-01
6.871990203857421875e+00 1.691215422709534399e+00
6.873980045318603516e+00 1.110137621867686830e+00
6.877970218658447266e+00 3.644240443973878030e+00
6.878960132598876953e+00 1.421922717614386711e-01
6.893980026245117188e+00 1.299728716915102167e+00
6.896029949188232422e+00 5.925716892178455319e-01
6.898990154266357422e+00 2.320548665966141177e-01
6.900979995727539062e+00 1.010894046516007450e+00
6.903979778289794922e+00 1.137724398726031871e-01
6.906030178070068359e+00 1.079276373010241485e+00
6.906960010528564453e+00 9.527507101571967008e-01
6.922999858856201172e+00 9.253959451492693722e-01
6.929979801177978516e+00 1.639216499069550359e+00
6.929989814758300781e+00 1.354727932022903591e-01
6.931019783020019531e+00 4.732820800969832903e-02
6.934000015258789062e+00 3.819605721984993818e-01
6.947999954223632812e+00 6.536456613508088154e-01
6.952960014343261719e+00 1.279805654001794357e+00
6.954020023345947266e+00 1.238749533305230743e+00
6.961040019989013672e+00 2.716948622195864971e-01
6.987100124359130859e+00 4.437640588583364187e-01
6.988999843597412109e+00 2.222928940322716485e-01
6.995940208435058594e+00 5.181875977517373943e-01
6.997029781341552734e+00 3.119442070347695051e+00
7.011970043182373047e+00 1.929441942528753007e+00
7.015039920806884766e+00 2.503544350126167828e-01
7.019979953765869141e+00 4.321223236978717352e-01
7.022999763488769531e+00 7.478930237321472496e-02
7.024970054626464844e+00 3.896265791285165314e-02
7.026000022888183594e+00 1.798300681531240119e+00
7.035920143127441406e+00 1.259447593593506998e+00
7.036960124969482422e+00 8.617935039254515095e-01
7.040009975433349609e+00 5.792108083138813868e-01
7.041950225830078125e+00 6.967962142936438008e-01
7.043990135192871094e+00 1.096282607539037945e+00
7.064000129699707031e+00 1.481644715317610161e-01
7.068990230560302734e+00 6.264995928653064317e-01
7.069049835205078125e+00 1.833726121683168231e-01
7.077030181884765625e+00 2.066415494840651235e+00
7.090020179748535156e+00 3.908456388383736990e-01
7.092999935150146484e+00 7.450687444652897007e-01
7.100009918212890625e+00 9.005098386512412345e-01
7.102960109710693359e+00 1.639804062429438991e+00
7.104030132293701172e+00 5.545533602835070464e-02
7.107029914855957031e+00 1.844207463600315844e-01
7.109980106353759766e+00 7.213620855773592577e-01
7.131939888000488281e+00 5.903702738469162048e-01
7.143990039825439453e+00 2.331061920099006812e-01
7.147019863128662109e+00 3.927258988054749267e-01
7.150949954986572266e+00 8.148290405232689881e-01
7.154960155487060547e+00 5.488285076822042585e-01
7.158989906311035156e+00 1.411185411747780005e+00
7.158999919891357422e+00 1.517333718088812178e-01
7.165050029754638672e+00 1.337011037946196912e-01
7.167039871215820312e+00 8.528680374391772734e-01
7.169960021972656250e+00 2.602113584909406363e+00
7.180990219116210938e+00 2.033429949807585013e-01
7.183990001678466797e+00 8.109299638359496187e-01
7.184939861297607422e+00 4.285518462579919197e-01
7.195030212402343750e+00 2.125605438532119362e-01
7.203040122985839844e+00 1.881365113788956156e-01
7.207029819488525391e+00 1.829314368906208133e+00
7.208950042724609375e+00 4.199770012931770546e-01
7.210000038146972656e+00 2.130086335540551656e-01
7.221010208129882812e+00 1.470866324439191519e+00
7.235970020294189453e+00 2.511799911270405694e+00
7.238999843597412109e+00 2.644286225658433742e-01
7.240980148315429688e+00 9.315648098312419023e-01
7.256080150604248047e+00 1.035648605772329534e+00
7.258969783782958984e+00 5.393794531993604258e-01
7.264979839324951172e+00 1.023122952082072268e-01
7.269959926605224609e+00 1.492903773527619604e+00
7.270009994506835938e+00 5.838163641667483139e-01
7.280010223388671875e+00 1.758514294048067361e+00
7.283969879150390625e+00 1.783620257091959316e-01
7.284009933471679688e+00 1.557362655577884947e-01
7.290999889373779297e+00 1.340317445653910755e-01
7.300020217895507812e+00 2.988470362734091390e-01
7.301000118255615234e+00 9.487187335307259994e-01
7.303999900817871094e+00 3.684266997241483210e-01
7.304019927978515625e+00 1.049196898981535231e+00
7.311029911041259766e+00 1.369908107871270708e+00
7.318039894104003906e+00 1.580862738334533057e-01
7.336969852447509766e+00 2.318837708802693687e+00
7.345990180969238281e+00 1.848775384045880377e-01
7.350009918212890625e+00 4.813304687624321843e-01
7.351990222930908203e+00 5.527246300806680779e-01
7.364990234375000000e+00 1.390833844887134685e+00
7.380929946899414062e+00 6.592312714904526860e-01
7.385000228881835938e+00 1.472549725024266065e+00
7.385009765625000000e+00 1.741687200130000113e+00
7.387020111083984375e+00 1.830498751533331248e-01
7.403999805450439453e+00 3.408228197221414013e-01
7.407959938049316406e+00 2.569761738305997301e-01
7.409999847412109375e+00 1.738391708684184356e-01
7.410990238189697266e+00 1.927210739640077497e+00
7.414050102233886719e+00 1.064274061389835158e+00
7.416959762573242188e+00 4.974791063983797779e-01
7.424039840698242188e+00 4.683453381881664823e-01
7.425950050354003906e+00 2.542638663966814150e-01
7.428020000457763672e+00 1.533750445824071162e+00
7.434010028839111328e+00 8.638823285512744476e-01
7.435959815979003906e+00 5.301165315732732086e-01
7.437029838562011719e+00 1.113031911859471590e+00
7.439020156860351562e+00 1.815602970262651050e+00
7.440969944000244141e+00 1.438751879045186755e+00
7.441040039062500000e+00 4.598419220371059990e-01
7.447000026702880859e+00 7.399031783255285433e-01
7.449049949645996094e+00 4.661008853292010756e-01
7.450029850006103516e+00 4.605914655033682692e-01
7.452010154724121094e+00 1.890829213018853094e-01
7.461979866027832031e+00 2.677774731566165967e-01
7.471049785614013672e+00 7.815084805395153822e-01
7.474989891052246094e+00 9.859585316991638371e-02
7.480010032653808594e+00 1.042458379162937376e+00
7.496019840240478516e+00 6.931317092530682178e-01
7.502980232238769531e+00 1.909625130099132650e-01
7.506969928741455078e+00 2.003309480917779162e+00
7.514009952545166016e+00 2.437572299805914167e+00
7.524980068206787109e+00 2.305872701087772203e-01
7.530960083007812500e+00 9.139729471957860896e-02
7.531960010528564453e+00 7.281607709535650730e-02
7.532999992370605469e+00 1.008166757856381768e+00
7.547009944915771484e+00 1.318993025547268827e+00
7.547019958496093750e+00 1.458124315359676348e+00
7.559989929199218750e+00 1.676845117780288441e-01
7.559989929199218750e+00 2.825372258395510983e-01
7.560999870300292969e+00 1.392847070253104169e+00
7.578989982604980469e+00 4.838142065205332243e-02
7.594999790191650391e+00 6.678724819261668832e-01
7.605040073394775391e+00 2.821109758208918183e+00
7.605979919433593750e+00 5.075386981081622118e-01
7.607049942016601562e+00 7.828776060731396091e-01
7.622950077056884766e+00 2.249995708539509032e+00
7.632939815521240234e+00 6.502556179212357623e-01
7.637939929962158203e+00 5.225809299690754861e-02
7.641059875488281250e+00 1.136011593054377933e+00
7.642970085144042969e+00 2.242377493566067859e+00
7.645999908447265625e+00 1.431110563263591207e-01
7.646989822387695312e+00 1.311022664800433057e-01
7.653019905090332031e+00 2.037652559714527190e+00
7.653999805450439453e+00 1.491648875365918725e+00
7.663980007171630859e+00 1.456663878187288985e-01
7.668039798736572266e+00 1.148766825382594892e+00
7.670020103454589844e+00 1.971156361151757963e-01
7.672029972076416016e+00 1.524894677670824150e-01
7.675020217895507812e+00 4.049511354488136150e-01
7.680019855499267578e+00 3.220786981948861594e-01
7.680039882659912109e+00 2.129626829150250700e-01
7.684989929199218750e+00 1.792164685808260993e-01
7.698989868164062500e+00 1.614714039978987770e-01
7.705029964447021484e+00 1.152794650725662340e+00
7.708020210266113281e+00 1.160782289941869605e-01
7.715040206909179688e+00 8.449527222618690159e-01
7.724999904632568359e+00 1.474877343657284845e+00
7.730060100555419922e+00 4.372735681565738664e-01
7.737939834594726562e+00 1.124374344876783116e+00
7.738989830017089844e+00 8.692089427091216347e-01
7.740039825439453125e+00 9.010881493300415546e-01
7.742050170898437500e+00 2.189751551312540956e-02
7.745039939880371094e+00 1.112615909259182245e-01
7.750030040740966797e+00 1.410176628512952446e-01
7.752950191497802734e+00 4.276209049097919879e-01
7.757999897003173828e+00 5.328109308472240846e-01
7.758009910583496094e+00 1.259420570969764119e+00
7.761980056762695312e+00 1.753974089628825561e-01
7.762000083923339844e+00 4.293846318683735008e-01
7.765009880065917969e+00 8.816367892791009409e-01
7.767980098724365234e+00 7.688742139390403185e-01
7.769010066986083984e+00 7.326368321093046365e-01
7.774000167846679688e+00 2.775954869580312234e+00
7.775000095367431641e+00 1.561856604872991217e-01
7.778979778289794922e+00 8.889802767045852372e-01
7.782000064849853516e+00 2.577939349419836601e-01
7.789979934692382812e+00 1.044888079762046784e+00
7.796030044555664062e+00 1.381108242005888997e-01
7.812019824981689453e+00 3.625888167688660069e-01
7.817989826202392578e+00 4.234519481363411414e-02
7.839019775390625000e+00 1.499336754971086316e+00
7.852950096130371094e+00 1.556897411111902940e+00
7.866980075836181641e+00 5.292698303478564625e-01
7.867000102996826172e+00 1.675802160044096212e+00
7.868959903717041016e+00 1.830853856829866677e+00
7.872970104217529297e+00 1.611513543529630388e+00
7.877009868621826172e+00 1.599540503351794263e-01
7.882030010223388672e+00 2.559884606998469869e-01
7.885000228881835938e+00 1.342757326617563196e+00
7.886950016021728516e+00 1.782390212296125487e-01
7.888080120086669922e+00 5.221991904905500664e-02
7.889949798583984375e+00 9.517998144743291533e-01
7.893990039825439453e+00 3.824770689831433201e-01
7.902019977569580078e+00 1.762435223369618054e-01
7.911019802093505859e+00 2.057552630504829727e-01
7.914010047912597656e+00 5.658495560162147830e-01
7.915009975433349609e+00 7.091208019894486014e-01
7.919000148773193359e+00 1.716175429499570582e+00
7.933010101318359375e+00 2.458177707465166062e+00
7.934020042419433594e+00 3.200048046069981389e+00
7.940939903259277344e+00 1.116902006569749695e+00
7.942059993743896484e+00 1.503865046415567619e+00
7.958010196685791016e+00 1.435841997020954386e+00
7.960000038146972656e+00 2.029006661034842729e+00
7.966000080108642578e+00 4.266238735586910802e-01
7.974929809570312500e+00 8.398253859056723503e-01
7.983980178833007812e+00 4.327503947722606270e-01
8.001939773559570312e+00 1.516146806292759441e+00
8.008040428161621094e+00 1.902469821816727746e+00
8.010990142822265625e+00 1.879044102223987045e-01
8.013970375061035156e+00 6.039172297524364463e-02
8.014960289001464844e+00 4.504546325610604418e-01
8.016989707946777344e+00 1.060885583359223554e-02
8.021969795227050781e+00 5.554588768830233114e-01
8.023980140686035156e+00 5.674551078282066285e-01
8.026029586791992188e+00 5.288843324210141805e-01
8.029999732971191406e+00 5.040807910936462993e-02
8.032979965209960938e+00 1.754128772192804719e+00
8.043040275573730469e+00 3.916534697999554671e-01
8.045960426330566406e+00 2.029216934723520716e+00
8.050009727478027344e+00 7.175350174349913734e-01
8.054010391235351562e+00 1.291859470003612120e+00
8.056019783020019531e+00 1.682040730758665781e+00
8.056980133056640625e+00 3.379783425224177629e-01
8.077980041503906250e+00 9.522616322878010853e-02
8.079010009765625000e+00 6.739950821798433855e-01
8.080010414123535156e+00 1.997642571913930132e+00
8.093009948730468750e+00 1.454889827228550647e+00
8.095999717712402344e+00 4.602538627074026500e-02
8.098979949951171875e+00 7.924234232643628806e-01
8.100999832153320312e+00 1.740112654696078121e+00
8.101989746093750000e+00 7.257408487482295278e-01
8.102959632873535156e+00 7.757342240257545374e-01
8.106929779052734375e+00 1.628896663451577242e-01
8.109990119934082031e+00 1.579522598405439959e+00
8.109990119934082031e+00 1.240821439837578449e-01
8.111040115356445312e+00 1.065862197741019424e+00
8.123970031738281250e+00 9.129126537663589946e-01
8.134980201721191406e+00 1.984981755465145825e-01
8.134989738464355469e+00 1.912940490679395200e+00
8.143959999084472656e+00 5.225267285981493037e-01
8.146989822387695312e+00 1.987435317557120495e-01
8.147999763488769531e+00 1.566840449842764382e+00
8.155980110168457031e+00 1.658622338018112430e+00
8.155989646911621094e+00 2.310751303515880206e+00
8.172019958496093750e+00 1.934279827622322312e+00
8.175049781799316406e+00 2.790984006676884566e-02
8.181989669799804688e+00 3.367431550015036468e-01
8.194970130920410156e+00 1.311197611261618157e+00
8.197979927062988281e+00 2.552609438680227605e+00
8.203969955444335938e+00 1.274251487281612860e+00
8.211990356445312500e+00 1.479176436143619378e-01
8.221010208129882812e+00 1.701938707246422877e-01
8.221010208129882812e+00 2.174310351966862731e-01
8.224020004272460938e+00 6.936329856169683519e-03
8.226989746093750000e+00 6.456863998369569702e-01
8.234979629516601562e+00 1.103434715066582139e-01
8.235950469970703125e+00 2.561398104581188995e-01
8.236969947814941406e+00 3.205053284623113896e-01
8.255040168762207031e+00 9.606490606395338139e-01
8.261030197143554688e+00 1.288552239105924535e+00
8.262949943542480469e+00 1.348397630847385731e+00
8.262980461120605469e+00 1.439914688546014787e+00
8.263999938964843750e+00 1.044846749234438765e-01
8.272959709167480469e+00 7.405532627733353301e-01
8.276000022888183594e+00 6.706341264513869527e-02
8.277009963989257812e+00 9.050423252312630451e-01
8.317999839782714844e+00 1.227288281418921656e+00
8.319999694824218750e+00 1.722117523495047209e+00
8.320980072021484375e+00 1.432516975548067117e-01
8.326060295104980469e+00 7.867898814342483282e-02
8.330010414123535156e+00 1.828236647613643295e-01
8.331009864807128906e+00 1.343027660079981089e+00
8.332019805908203125e+00 1.022216711145690571e+00
8.333979606628417969e+00 1.355391188318127327e+00
8.343009948730468750e+00 8.284090823873628551e-02
8.344949722290039062e+00 1.152759027903461214e-01
8.345959663391113281e+00 2.439162351951294383e+00
8.350020408630371094e+00 3.305481872792196407e-01
8.356940269470214844e+00 1.031991914199175353e+00
8.359990119934082031e+00 2.412405403743054233e-01
8.364000320434570312e+00 6.561899293687584178e-02
8.366939544677734375e+00 1.458063129518098355e+00
8.370940208435058594e+00 1.215990238458644734e+00
8.385049819946289062e+00 5.415961850254980003e-01
8.400979995727539062e+00 8.803732684330611846e-01
8.405989646911621094e+00 5.907896906376489676e-01
8.406990051269531250e+00 1.140212770065319070e+00
8.410019874572753906e+00 2.100611124970229060e+00
8.411970138549804688e+00 6.237665070755640806e-02
8.417010307312011719e+00 8.560264102316362811e-01
8.421970367431640625e+00 5.881044559046129105e-01
8.424010276794433594e+00 1.016379467078113719e-01
8.442009925842285156e+00 4.870559082216069369e-01
8.450989723205566406e+00 4.644684865261420881e-01
8.453989982604980469e+00 1.290342249464026814e-01
8.459989547729492188e+00 1.655784927595135014e-01
8.462949752807617188e+00 8.797722731298222854e-02
8.463049888610839844e+00 3.559241150982143109e-01
8.464010238647460938e+00 7.992465098030719917e-01
8.465999603271484375e+00 1.623825643424293419e-01
8.466990470886230469e+00 6.564594761171571591e-01
8.467989921569824219e+00 6.538544087478104228e-01
8.472990036010742188e+00 9.777137178234821535e-01
8.473979949951171875e+00 5.965328954249626142e-02
8.478989601135253906e+00 4.043311647222449373e-02
8.482000350952148438e+00 2.569027176970655191e-01
8.482020378112792969e+00 1.953913912902674355e+00
8.491990089416503906e+00 1.638521857849809971e+00
8.492980003356933594e+00 7.364414386456271666e-01
8.493029594421386719e+00 2.146699654090496456e-01
8.501999855041503906e+00 7.273118421413734547e-01
8.506999969482421875e+00 1.417984446511954266e-01
8.517979621887207031e+00 3.510872163423175984e-01
8.542030334472656250e+00 4.455627752256579588e-01
8.550089836120605469e+00 9.446249964302435576e-01
8.552980422973632812e+00 5.850338061374311671e-01
8.553009986877441406e+00 1.490783044286299042e-01
8.563039779663085938e+00 4.694015251517802967e-01
8.564990043640136719e+00 1.865638762183220001e+00
8.567999839782714844e+00 7.361796670860587533e-01
8.578000068664550781e+00 1.481453290475171214e-01
8.585969924926757812e+00 9.069561261928812401e-01
8.589989662170410156e+00 1.467928486723566017e+00
8.591019630432128906e+00 4.583242364413311898e-01
8.593959808349609375e+00 5.114493295560299524e-01
8.606010437011718750e+00 1.375394351373327773e+00
8.612000465393066406e+00 1.000045430581903538e+00
8.622949600219726562e+00 2.963904129484614902e+00
8.624030113220214844e+00 1.145781036001251252e+00
8.628999710083007812e+00 1.063455281126407748e+00
8.640950202941894531e+00 6.433590251909683255e-01
8.657999992370605469e+00 4.249494002292073525e-01
8.662980079650878906e+00 1.910400107119559210e-01
8.670009613037109375e+00 1.436967291652079703e+00
8.684000015258789062e+00 6.107540891749073664e-01
8.687990188598632812e+00 1.630913154379738661e-01
8.691040039062500000e+00 5.251880323201628398e-02
8.697019577026367188e+00 3.041269143435890721e-01
8.697970390319824219e+00 2.144554823300712787e-01
8.701009750366210938e+00 3.443235404182175552e-01
8.701029777526855469e+00 1.036188144861249549e+00
8.706999778747558594e+00 6.699076667813558261e-01
8.713020324707031250e+00 2.114784083481781041e-01
8.715029716491699219e+00 9.649159819319945708e-01
8.716030120849609375e+00 1.130783728568051094e+00
8.722990036010742188e+00 9.426735489458197836e-01
8.731969833374023438e+00 1.337298339867779018e-01
8.732990264892578125e+00 5.123696824191873445e-01
8.733019828796386719e+00 1.640883613430834387e-01
8.733030319213867188e+00 1.691064498637951941e-01
8.734959602355957031e+00 1.190983529498590709e-01
8.741990089416503906e+00 5.088086096343510389e-01
8.755069732666015625e+00 2.313111418233166627e-01
8.756990432739257812e+00 3.049745163914756585e-01
8.780989646911621094e+00 7.124226287895239762e-02
8.781029701232910156e+00 6.702490737353899997e-01
8.791999816894531250e+00 2.665275046923419322e-01
8.794960021972656250e+00 2.931015878962865973e-01
8.798999786376953125e+00 2.321162407771454883e-01
8.802029609680175781e+00 1.197870389066216346e+00
8.805009841918945312e+00 5.576184485901480858e-01
8.809080123901367188e+00 5.149279690322451641e-02
8.814009666442871094e+00 1.374082789808960037e+00
8.820980072021484375e+00 1.346190661829154145e-01
8.828989982604980469e+00 1.260508401916181409e+00
8.832969665527343750e+00 2.035968308050499220e-01
8.835960388183593750e+00 9.372152803574763658e-01
8.844989776611328125e+00 5.190696940518014779e-01
8.846039772033691406e+00 5.345931135811946566e-01
8.850990295410156250e+00 6.171345981868655572e-01
8.859020233154296875e+00 3.113579283548924437e+00
8.862010002136230469e+00 3.290572895001421250e-01
8.875040054321289062e+00 1.442622185433959925e-01
8.876990318298339844e+00 9.323995593562073303e-02
8.880970001220703125e+00 6.111307087844501940e-01
8.884960174560546875e+00 3.604060167988990537e-01
8.894980430603027344e+00 2.240919832413257595e-01
8.896030426025390625e+00 6.768165432875596910e-01
8.899000167846679688e+00 5.863118701423221113e-01
8.902939796447753906e+00 1.392531603129231410e+00
8.903980255126953125e+00 4.441719235747004779e-01
8.912039756774902344e+00 4.399476518081443799e-02
8.916990280151367188e+00 1.659106150107810818e+00
8.930029869079589844e+00 9.780950290393496394e-01
8.935979843139648438e+00 1.493640530084016094e-01
8.951000213623046875e+00 2.294027527851730808e-01
8.957010269165039062e+00 1.137872483375703819e-01
8.959980010986328125e+00 5.317044734588471933e-01
8.962969779968261719e+00 4.044580892768285807e-01
8.968000411987304688e+00 1.003705390813783405e+00
8.972990036010742188e+00 1.303635425961391592e+00
8.980030059814453125e+00 7.938038917278328332e-01
8.980999946594238281e+00 1.384472840745072375e-01
8.989970207214355469e+00 3.615533815596662759e+00
9.003000259399414062e+00 6.224323956956861331e-02
9.035039901733398438e+00 1.942013238795402774e+00
9.048959732055664062e+00 5.105472350034666595e-01
9.051019668579101562e+00 2.711753970728664753e-01
9.052989959716796875e+00 2.897438992166442850e-01
9.053000450134277344e+00 1.111714241389750502e+00
9.056989669799804688e+00 1.908366244845493886e+00
9.057990074157714844e+00 2.395291939379681490e-01
9.066940307617187500e+00 3.625304795412112036e-01
9.067990303039550781e+00 5.296458385855229434e-01
9.069040298461914062e+00 1.030449902282788432e+00
9.073980331420898438e+00 1.379429006697547866e+00
9.074999809265136719e+00 4.557248095712351788e-01
9.076999664306640625e+00 1.944629821227203736e+00
9.078029632568359375e+00 9.109656518353778099e-01
9.081000328063964844e+00 1.531483044486348533e+00
9.090990066528320312e+00 6.822413416466369118e-02
9.097979545593261719e+00 2.542771056454914635e+00
9.098010063171386719e+00 6.389088202722834620e-01
9.110010147094726562e+00 2.290055034893985139e-02
9.111969947814941406e+00 7.579941318969898312e-01
9.112039566040039062e+00 1.784778608207163053e+00
9.115030288696289062e+00 6.112971609041459864e-01
9.115030288696289062e+00 2.307033656408989497e+00
9.121009826660156250e+00 1.127525512914105077e+00
9.124970436096191406e+00 1.800293396911747612e+00
9.135000228881835938e+00 1.105580982147419178e+00
9.146050453186035156e+00 9.043804426911941086e-01
9.148039817810058594e+00 1.754187590925458951e-01
9.151000022888183594e+00 2.796093715863711693e-01
9.159999847412109375e+00 1.813344918459871558e+00
9.164970397949218750e+00 4.909731660233804251e-02
9.165989875793457031e+00 9.023409990784244661e-01
9.175999641418457031e+00 1.426754981039406900e+00
9.190959930419921875e+00 1.938646508361486109e+00
9.192990303039550781e+00 1.285283056759949138e+00
9.192999839782714844e+00 9.043567758545580926e-01
9.195039749145507812e+00 8.887825113387524123e-01
9.211020469665527344e+00 6.427861372955626651e-01
9.212980270385742188e+00 6.678439372537730012e-01
9.216039657592773438e+00 3.903584088041141542e-01
9.227020263671875000e+00 6.380419871372491336e-01
9.230990409851074219e+00 3.819241438595510352e-01
9.232919692993164062e+00 9.715115393851894710e-02
9.244029998779296875e+00 1.341329065284445898e-01
9.246970176696777344e+00 9.201712830019346256e-01
9.253000259399414062e+00 2.671910047201081717e+00
9.255029678344726562e+00 1.711700085025580798e+00
9.259980201721191406e+00 5.128637260468361658e-01
9.264980316162109375e+00 8.875759221743079186e-01
9.269980430603027344e+00 4.861472309081509846e-01
9.271960258483886719e+00 2.699829853792633516e-01
9.276980400085449219e+00 4.586962799588275574e-01
9.278969764709472656e+00 1.151409318447495833e+00
9.282979965209960938e+00 2.282822216858403364e-01
9.286979675292968750e+00 1.027812405033387555e-01
9.287019729614257812e+00 1.158530223939609805e+00
9.293999671936035156e+00 4.234820458406170218e-02
9.294050216674804688e+00 2.444709052672998095e-01
9.299010276794433594e+00 3.069988315351096161e-02
9.301959991455078125e+00 1.495321180320100751e+00
9.314979553222656250e+00 4.492301865379115522e-02
9.320039749145507812e+00 1.344486314597612919e+00
9.327030181884765625e+00 8.231818502049121911e-01
9.385009765625000000e+00 8.578183697392209872e-01
9.385910034179687500e+00 7.689493096157581364e-01
9.392020225524902344e+00 3.550602240667748988e-01
9.399000167846679688e+00 1.702371526571549332e+00
9.406999588012695312e+00 2.231947739073266934e+00
9.416020393371582031e+00 6.445122234906122127e-01
9.418970108032226562e+00 8.187107998968951028e-01
9.421010017395019531e+00 4.634286131402548525e-01
9.422019958496093750e+00 1.944274234426647041e+00
9.428009986877441406e+00 3.453802011457469123e-01
9.438050270080566406e+00 2.335062836441844092e-01
9.442959785461425781e+00 4.986629346501857407e-01
9.444999694824218750e+00 5.897970091796678194e-01
9.452019691467285156e+00 2.748117157074314587e-01
9.452050209045410156e+00 8.047303648681375376e-01
9.459010124206542969e+00 5.448358717714349986e-01
9.467020034790039062e+00 2.372884875562219775e-01
9.477049827575683594e+00 2.153672293921591596e-01
9.481019973754882812e+00 9.256710149285933831e-01
9.484020233154296875e+00 1.689202952694127124e-01
9.484990119934082031e+00 8.713115001076617849e-01
9.489020347595214844e+00 1.088917377561798405e+00
9.491990089416503906e+00 2.651262289380033610e-01
9.492950439453125000e+00 8.164786369677644595e-01
9.493980407714843750e+00 1.974697538903808502e-01
9.503950119018554688e+00 8.881353214948063401e-01
9.505060195922851562e+00 1.906132799465594774e+00
9.505999565124511719e+00 5.317605484332502686e-01
9.508990287780761719e+00 9.252034710959958774e-01
9.510000228881835938e+00 1.064588288424019868e+00
9.511969566345214844e+00 7.604659549196125523e-01
9.515040397644042969e+00 1.637911360704716324e-01
9.517999649047851562e+00 6.986564989783806967e-02
9.527000427246093750e+00 2.620826846255062126e-01
9.532010078430175781e+00 1.152998247306357138e+00
9.536000251770019531e+00 5.150342723218374053e-01
9.550000190734863281e+00 2.462243379994865755e+00
9.559989929199218750e+00 5.015374561628731520e-01
9.567009925842285156e+00 2.309429253485737021e+00
9.567979812622070312e+00 2.656119826073163881e-01
9.587010383605957031e+00 1.095356747627200589e+00
9.603980064392089844e+00 1.217349022401061631e-01
9.609970092773437500e+00 5.026655791085543612e-01
9.616020202636718750e+00 2.103794387767237428e-01
9.618969917297363281e+00 1.956223789789753420e+00
9.628000259399414062e+00 6.861301382130184923e-01
9.628000259399414062e+00 1.821451488795526041e-01
9.635959625244140625e+00 9.199276630567005952e-01
9.638010025024414062e+00 2.043432275082931238e+00
9.638039588928222656e+00 2.578408019605442636e+00
9.639989852905273438e+00 3.872087226255264136e-01
9.651949882507324219e+00 2.649462828605321896e+00
9.655030250549316406e+00 1.197977841282347855e+00
9.674019813537597656e+00 3.760739099271876440e-01
9.686989784240722656e+00 8.313806476534408851e-01
9.687970161437988281e+00 1.115864895765573905e+00
9.688989639282226562e+00 2.475897003886450842e-01
9.692990303039550781e+00 1.143509893537351996e+00
9.698980331420898438e+00 1.331798548541725524e-01
9.700039863586425781e+00 2.346504988771091149e+00
9.709059715270996094e+00 5.737415308302368233e-01
9.716959953308105469e+00 4.407183465394274857e-01
9.725020408630371094e+00 3.788669971322288221e-01
9.727979660034179688e+00 1.175338914742629914e-01
9.731960296630859375e+00 4.255242888242620758e-01
9.733010292053222656e+00 6.184478617415196666e-01
9.733989715576171875e+00 5.174056273748464663e-02
9.734970092773437500e+00 1.090815672552439691e-01
9.738969802856445312e+00 1.924675352872986800e-01
9.742010116577148438e+00 8.059301213276270914e-02
9.743000030517578125e+00 4.832950841124429298e-01
9.745989799499511719e+00 6.719591672176964403e-01
9.749959945678710938e+00 3.286762803862323667e-01
9.753959655761718750e+00 2.110948827735469602e-01
9.753959655761718750e+00 3.467691770013589525e-01
9.753999710083007812e+00 1.737534491875833309e+00
9.760009765625000000e+00 3.625350726694497316e-01
9.760979652404785156e+00 2.588761949859585965e+00
9.762009620666503906e+00 7.541033711322139288e-01
9.763010025024414062e+00 6.350288570831952306e-01
9.765990257263183594e+00 1.705204068626460456e+00
9.767999649047851562e+00 5.876172248424291755e-01
9.769000053405761719e+00 1.481381337747586624e+00
9.783040046691894531e+00 7.461338809116191406e-02
9.793979644775390625e+00 1.090624004800431646e+00
9.800970077514648438e+00 1.339592204445261947e+00
9.805009841918945312e+00 8.806582855557286704e-01
9.811980247497558594e+00 1.040429215731667023e+00
9.813980102539062500e+00 1.820362055642389953e-01
9.818039894104003906e+00 1.075433847017184391e-01
9.820989608764648438e+00 1.029341184368258055e+00
9.825030326843261719e+00 1.046967557253460246e+00
9.835000038146972656e+00 6.261826500061241640e-01
9.835040092468261719e+00 9.815623427024703362e-01
9.840950012207031250e+00 1.223069075601887601e+00
9.854949951171875000e+00 7.147415472757014943e-01
9.857020378112792969e+00 9.363291523618320900e-02
9.863010406494140625e+00 2.337348815317733308e+00
9.867010116577148438e+00 1.089117969355619386e-01
9.869009971618652344e+00 1.631732594425591820e+00
9.878999710083007812e+00 7.879260480965106783e-01
9.880020141601562500e+00 9.769627120258619346e-01
9.885990142822265625e+00 1.787255326488268736e-01
9.897999763488769531e+00 6.791911204525605816e-01
9.900979995727539062e+00 1.089487299194486614e+00
9.912010192871093750e+00 6.570372950759399977e-01
9.923000335693359375e+00 9.021390350141594849e-01
9.939020156860351562e+00 1.925261982276467165e-01
9.943940162658691406e+00 2.411203993673626325e-02
9.963009834289550781e+00 2.670628285921498035e-01
9.965990066528320312e+00 1.349719241423439575e+00
9.970009803771972656e+00 7.600674959769259109e-01
9.972000122070312500e+00 1.083147743703701156e-02
9.989999771118164062e+00 1.980602455349601554e-01
1.000399971008300781e+01 7.371152959644629125e-03
1.002400016784667969e+01 4.186402962380806891e-01
1.002499961853027344e+01 1.156621717574053340e-02
1.002999973297119141e+01 4.175763736227836032e-02
1.004199981689453125e+01 3.427896336189665827e-01
1.006099987030029297e+01 6.388998889780031498e-02
1.006099987030029297e+01 9.753169333213435044e-02
1.007299995422363281e+01 3.291598376344482269e-01
1.012800025939941406e+01 2.433091049179509496e-02
1.013199996948242188e+01 6.864069413353461879e-01
