1.398670021444559097e-02 6.736168591912984338e-01
1.800920069217681885e-02 1.861304788405798938e+00
2.796770073473453522e-02 1.351613734357357099e+00
3.300179913640022278e-02 6.186782936216980167e-01
4.198659956455230713e-02 3.145112557276589227e-01
4.404719918966293335e-02 1.439451402050934803e+00
4.698640108108520508e-02 1.238337702885711766e-01
5.203270167112350464e-02 3.889775980018592705e-01
6.097919866442680359e-02 6.718029099755578049e-01
7.696449756622314453e-02 1.744648315461951038e-01
9.302979707717895508e-02 4.735401948682312345e-01
1.129959970712661743e-01 1.309408805169386181e+00
1.220069974660873413e-01 2.781730959975763084e-02
1.350190043449401855e-01 5.907153837375529043e-02
1.550009995698928833e-01 2.526154541703557466e-01
1.639859974384307861e-01 7.095139546514273032e-02
1.760070025920867920e-01 2.564412875957990501e+00
1.890050023794174194e-01 4.827545687213771197e-01
1.909759938716888428e-01 2.466542911755824075e-01
1.919880062341690063e-01 8.957732433685714479e-01
2.000440061092376709e-01 8.141297184662146247e-01
2.090220004320144653e-01 5.101999564717843993e-01
2.109429985284805298e-01 6.512132905373589908e-01
2.210070043802261353e-01 1.284362397379250842e+00
2.259850054979324341e-01 8.986823115834570164e-01
2.309969961643218994e-01 6.553021729977887011e-01
2.330289930105209351e-01 3.157556904673194387e-01
2.370010018348693848e-01 1.326372710320644188e+00
2.450039982795715332e-01 1.185984232857657750e+00
2.509720027446746826e-01 1.077664855747231920e+00
2.549960017204284668e-01 8.561167904540172291e-01
2.560020089149475098e-01 1.207287775393432350e+00
2.599950134754180908e-01 7.388955920038584591e-01
2.620280086994171143e-01 5.262485363608116612e-02
2.780129909515380859e-01 1.365618501861525003e+00
2.809459865093231201e-01 1.222473326486095857e+00
2.910000085830688477e-01 1.605729662934569868e+00
3.030450046062469482e-01 3.039710254312091298e-01
3.049930036067962646e-01 6.669364979655254544e-01
3.109619915485382080e-01 3.443772333077810832e-01
3.120340108871459961e-01 2.407002304515676872e-01
3.130060136318206787e-01 7.918295291764061716e-02
3.159910142421722412e-01 1.742474531376783986e+00
3.210189938545227051e-01 4.295389116181854219e-03
3.239820003509521484e-01 1.766197881437448158e+00
3.300099968910217285e-01 9.798015884797118824e-01
3.309670090675354004e-01 3.848414698300295367e-02
3.510130047798156738e-01 2.655710442428858897e+00
3.600009977817535400e-01 5.772087570209322172e-01
3.689950108528137207e-01 8.213670353309402428e-01
3.689990043640136719e-01 9.905332630302463026e-02
3.800030052661895752e-01 6.857415991344570916e-01
3.850220143795013428e-01 6.756602047005219047e-01
3.909879922866821289e-01 1.183647192343894039e+00
3.969990015029907227e-01 1.989073502906529400e+00
4.039689898490905762e-01 1.325914441463579008e-01
4.090319871902465820e-01 1.056264283910695490e+00
4.220179915428161621e-01 8.040812802406204218e-01
4.230149984359741211e-01 7.475305641812884927e-01
4.250169992446899414e-01 1.322184948485408906e+00
4.259720146656036377e-01 1.393908513351719947e+00
4.269739985466003418e-01 1.418801748070601443e+00
4.379929900169372559e-01 1.746731721423281591e+00
4.399969875812530518e-01 7.428062900952390191e-01
4.629819989204406738e-01 4.049999162138241959e-01
4.649760127067565918e-01 2.003382013230508574e-01
4.670029878616333008e-01 2.666842059067607920e-02
4.670119881629943848e-01 9.299993527663423520e-02
4.730289876461029053e-01 1.652665619327819968e+00
4.809739887714385986e-01 1.137763421323132462e+00
4.829669892787933350e-01 2.199330272905417605e-01
5.010179877281188965e-01 1.307598064434768004e+00
5.129740238189697266e-01 1.146241054068300347e+00
5.239880084991455078e-01 1.916843089869715078e+00
5.299950242042541504e-01 2.285579703366213078e+00
5.319939851760864258e-01 1.422648298116030663e+00
5.339949727058410645e-01 1.704145524472224782e-01
5.359770059585571289e-01 1.960590800458365202e+00
5.420380234718322754e-01 1.062072785372526029e+00
5.539579987525939941e-01 8.652756975236264303e-02
5.629850029945373535e-01 8.782433060934634328e-02
5.699909925460815430e-01 1.137973005957823719e-01
5.739600062370300293e-01 9.694731240605842792e-01
5.779680013656616211e-01 1.494512842601007252e+00
5.849890112876892090e-01 7.599704267893766518e-01
5.920119881629943848e-01 4.927242596270905994e-01
6.009879708290100098e-01 1.109312960015604421e+00
6.050109863281250000e-01 4.925336401997867930e-01
6.119530200958251953e-01 2.637061644977755748e+00
6.149749755859375000e-01 2.627773264607433656e-01
6.250079870223999023e-01 1.862504040882176914e+00
6.279799938201904297e-01 1.503643770334900598e+00
6.279969811439514160e-01 8.607466583549883143e-01
6.310250163078308105e-01 6.186277950252271340e-01
6.410009860992431641e-01 3.080621049782742427e-01
6.430140137672424316e-01 9.134457546629839442e-01
6.459820270538330078e-01 3.194512216311065522e+00
6.510050296783447266e-01 1.067203721367963487e+00
6.550089716911315918e-01 1.912487808529006239e+00
6.599500179290771484e-01 2.715031268758448246e-01
6.639940142631530762e-01 3.007622012401849343e-01
6.679819822311401367e-01 2.259992120891249345e-01
6.780089735984802246e-01 5.555243873696675827e-01
6.810169816017150879e-01 4.189040717115927182e-02
6.889870166778564453e-01 9.896476005596879788e-02
6.959279775619506836e-01 8.367031594613409951e-01
7.050160169601440430e-01 1.815395371850149431e+00
7.080330252647399902e-01 2.314217092213643134e+00
7.119730114936828613e-01 2.617212024834423764e-02
7.229729890823364258e-01 1.472965841155046141e-01
7.239890098571777344e-01 7.268147247971487590e-02
7.240149974822998047e-01 2.695058345967995539e-01
7.319899797439575195e-01 2.396885053597907766e-01
7.370020151138305664e-01 1.572987601456951046e-01
7.399600148200988770e-01 2.044039799547180625e+00
7.420039772987365723e-01 6.667272607445181576e-01
7.639840245246887207e-01 2.638776437659887675e-01
7.700060009956359863e-01 7.223979446884596367e-01
7.800059914588928223e-01 2.255665413099606109e+00
7.830089926719665527e-01 1.334286191420470225e+00
7.840369939804077148e-01 5.265579171897951660e-01
7.869809865951538086e-01 7.602189819888124367e-01
7.889239788055419922e-01 1.439942480877366870e+00
7.889980077743530273e-01 1.086671848259712636e+00
7.940760254859924316e-01 1.976038858088267958e+00
8.139960169792175293e-01 2.585791200288430347e-01
8.189830183982849121e-01 3.518142352696579933e-01
8.370029926300048828e-01 1.419168031561253776e-02
8.370260000228881836e-01 2.163062239247408314e-01
8.400350213050842285e-01 8.897608006206275677e-02
8.450059890747070312e-01 1.236727565519482930e+00
8.520069718360900879e-01 1.588621716102504688e+00
8.589739799499511719e-01 3.602149635799823946e-01
8.600040078163146973e-01 1.781313757973903011e-01
8.630139827728271484e-01 4.894510423017361389e-01
8.689969778060913086e-01 4.541854860491074675e-01
8.719859719276428223e-01 9.253380210778722192e-01
8.870249986648559570e-01 3.101072634970452602e-01
8.910089731216430664e-01 2.485728459300379500e-01
8.989790081977844238e-01 2.024422317291481310e-01
9.119629859924316406e-01 1.015764814647923231e+00
9.149839878082275391e-01 3.458077398702357197e-01
9.249879717826843262e-01 9.224527156347305246e-01
9.379619956016540527e-01 8.739410595366324808e-01
9.420409798622131348e-01 7.915233920445705618e-01
9.570059776306152344e-01 1.572578287907502093e+00
9.570469856262207031e-01 5.943261457378137269e-01
9.600179791450500488e-01 1.437923338705720644e+00
9.629729986190795898e-01 1.375065465118146535e-01
9.649760127067565918e-01 4.069429539167802590e-01
9.650350213050842285e-01 1.208029591164712091e+00
9.729989767074584961e-01 3.038184411759046744e-01
9.769970178604125977e-01 5.004312045946732734e-01
9.779729843139648438e-01 3.805301160317484110e-01
9.849720001220703125e-01 1.132388291896127885e+00
9.880020022392272949e-01 8.054853459022233153e-01
9.960150122642517090e-01 2.306314223123701879e-01
9.969760179519653320e-01 6.230003173475907596e-01
1.001009941101074219e+00 1.409832059334580778e+00
1.004969954490661621e+00 5.053451445717598300e-01
1.004989981651306152e+00 2.129848710564157699e+00
1.007990002632141113e+00 3.342533034284373983e-01
1.019000053405761719e+00 4.319182569241209607e-02
1.027009963989257812e+00 1.483257516997840975e-01
1.030030012130737305e+00 4.300424483076269455e-01
1.042950034141540527e+00 1.710270723215624455e-01
1.049059987068176270e+00 7.179953390500413146e-01
1.051049947738647461e+00 4.302969371443692292e-01
1.051990032196044922e+00 1.211540627790058888e+00
1.065060019493103027e+00 3.825660790003113654e-01
1.065960049629211426e+00 1.153752906109598575e+00
1.069980025291442871e+00 1.350921416239334039e-01
1.070979952812194824e+00 7.665786502047448048e-01
1.071020007133483887e+00 6.682463927907775769e-01
1.072000026702880859e+00 2.392529930841866548e-01
1.082010030746459961e+00 7.207714449754936137e-01
1.088999986648559570e+00 1.847720943176340003e-01
1.115010023117065430e+00 5.031358591416599246e-01
1.124029994010925293e+00 1.759620270768398609e-01
1.132990002632141113e+00 1.453198865750569002e-01
1.134960055351257324e+00 7.907256579477703884e-01
1.152959942817687988e+00 4.934971211126197854e-01
1.153059959411621094e+00 1.151214530585408902e+00
1.166000008583068848e+00 5.632524439079330536e-01
1.171939969062805176e+00 8.207278668439604852e-02
1.172029972076416016e+00 2.272522773434838328e+00
1.173979997634887695e+00 1.713071729825119821e-02
1.179010033607482910e+00 3.177157056274351743e-01
1.180989980697631836e+00 7.704311373313068589e-01
1.186959981918334961e+00 1.645464606626854676e-01
1.197020053863525391e+00 8.700314725735730503e-01
1.199980020523071289e+00 1.750853230086167001e+00
1.201020002365112305e+00 1.094860996213710552e-01
1.206990003585815430e+00 1.488061465014290041e+00
1.208029985427856445e+00 5.701209572678825332e-02
1.211969971656799316e+00 1.390977235421358760e+00
1.214980006217956543e+00 1.306209868115421946e+00
1.215010046958923340e+00 2.260517053253191300e+00
1.217000007629394531e+00 1.484272268152208918e+00
1.222990036010742188e+00 1.835562241541451312e-01
1.233000040054321289e+00 2.484650281399595484e-01
1.254989981651306152e+00 3.987055134098746456e-01
1.259999990463256836e+00 2.146448268604462140e+00
1.262969970703125000e+00 2.570446158511454637e+00
1.277040004730224609e+00 1.849386634133572516e+00
1.280990004539489746e+00 1.194698763076862180e+00
1.285949945449829102e+00 8.121776880121541753e-01
1.289010047912597656e+00 1.504365610050446556e-01
1.290009975433349609e+00 4.099843121633015564e-01
1.297989964485168457e+00 3.199080073326676654e-01
1.299990057945251465e+00 3.214649731350023298e-01
1.301020026206970215e+00 1.615900411583771845e+00
1.306010007858276367e+00 1.358323618534647836e-01
1.307970046997070312e+00 1.265171357611770409e-01
1.328019976615905762e+00 2.497104159439586524e-01
1.329020023345947266e+00 2.064250207136067994e-01
1.333920001983642578e+00 4.881986731298473270e-01
1.333999991416931152e+00 5.049935424327947064e-01
1.340019941329956055e+00 1.579893368533163533e+00
1.354060053825378418e+00 2.653359828448526025e-01
1.360000014305114746e+00 9.279852343786200164e-01
1.369009971618652344e+00 4.076721759836533093e-02
1.381010055541992188e+00 1.124650863946994539e+00
1.381010055541992188e+00 4.856407332931336751e-01
1.384009957313537598e+00 2.565846114051501328e-02
1.385980010032653809e+00 1.514764941289489020e+00
1.393010020256042480e+00 9.286251044433301294e-01
1.394000053405761719e+00 5.497353957514002909e-01
1.396989941596984863e+00 2.315873838304350230e+00
1.402019977569580078e+00 3.621550647783838284e-01
1.402950048446655273e+00 1.289787718384788617e-01
1.402999997138977051e+00 1.508183136968479499e-01
1.406999945640563965e+00 2.312111669550763748e-01
1.414999961853027344e+00 4.351069485569608597e-01
1.419000029563903809e+00 4.621813401371316909e-01
1.419980049133300781e+00 5.238171712847523587e-01
1.425969958305358887e+00 1.024656731795039605e-01
1.436020016670227051e+00 2.106202761788855127e-01
1.437000036239624023e+00 1.569865115282556012e-01
1.446030020713806152e+00 6.761489209984443693e-01
1.458039999008178711e+00 6.244927371783260961e-01
1.465999960899353027e+00 9.469590183369727132e-01
1.483970046043395996e+00 2.156667241577688632e+00
1.488989949226379395e+00 7.111963391116226108e-01
1.490970015525817871e+00 1.218124114816604209e+00
1.493029952049255371e+00 2.240582619855543134e-01
1.517979979515075684e+00 8.993112801600310346e-01
1.524000048637390137e+00 2.221817428740591183e+00
1.525949954986572266e+00 1.212832303076176288e+00
1.531980037689208984e+00 8.344549319363184781e-01
1.533990025520324707e+00 7.373599743550188212e-02
1.544000029563903809e+00 2.781541310662185018e-01
1.559960007667541504e+00 1.444217350083139895e+00
1.565989971160888672e+00 6.468600786583650342e-01
1.565999984741210938e+00 1.152524021893996109e-01
1.571969985961914062e+00 1.267866899113254398e-01
1.572989940643310547e+00 9.591952911873053989e-01
1.583969950675964355e+00 1.243343176363777003e-01
1.591040015220642090e+00 2.854812604911069474e-01
1.597010016441345215e+00 2.256893056169426981e-01
1.607010006904602051e+00 4.992881122507362296e-02
1.609030008316040039e+00 1.124003368742906295e+00
1.610970020294189453e+00 6.927364502224401255e-01
1.619009971618652344e+00 1.426018194618421830e+00
1.619019985198974609e+00 1.232327658704641116e-01
1.619989991188049316e+00 4.547725280340655929e-01
1.636989951133728027e+00 8.405650363269638881e-01
1.640030026435852051e+00 4.676145400002768571e-01
1.651990056037902832e+00 1.068550704662147410e+00
1.651999950408935547e+00 3.619491342186792471e-02
1.658030033111572266e+00 2.335281296809215423e-01
1.658949971199035645e+00 1.268318589268854657e+00
1.661010026931762695e+00 3.640520103511131200e-01
1.664989948272705078e+00 1.434671248716504477e-01
1.666960000991821289e+00 1.730598182562641085e+00
1.673979997634887695e+00 2.230790670407306886e-01
1.675979971885681152e+00 8.395049198265489565e-01
1.681020021438598633e+00 9.067111876872192555e-01
1.687010049819946289e+00 2.543177934023058029e+00
1.692950010299682617e+00 8.045221624373903591e-02
1.693029999732971191e+00 1.147450646387208062e-01
1.697010040283203125e+00 1.080766199236149749e-01
1.705029964447021484e+00 1.052568740455697288e-01
1.705039978027343750e+00 2.638217582782906301e-01
1.713019967079162598e+00 1.047685625123512265e+00
1.714990019798278809e+00 2.269345323758963778e-02
1.731070041656494141e+00 8.505365752733309304e-01
1.741979956626892090e+00 2.820601399522339459e-01
1.743980050086975098e+00 6.967571601376679746e-01
1.758010029792785645e+00 2.038588648522955626e+00
1.766029953956604004e+00 5.715462164866214057e-02
1.779979944229125977e+00 2.277507358714392083e-01
1.786000013351440430e+00 2.388643755226116938e-01
1.791020035743713379e+00 3.724232013499209626e-02
1.800959944725036621e+00 5.069428747587653716e-02
1.801959991455078125e+00 1.824154449057791560e-01
1.802999973297119141e+00 5.550544008249124195e-01
1.803009986877441406e+00 7.528980053910602765e-02
1.810950040817260742e+00 1.900711331932003478e-01
1.812980055809020996e+00 1.180058878475541473e+00
1.817989945411682129e+00 5.579179841905386183e-01
1.819000005722045898e+00 2.195845782835131876e-01
1.839020013809204102e+00 1.085355283327067155e-01
1.841019988059997559e+00 1.925235459172496943e+00
1.846979975700378418e+00 8.668543421535292171e-02
1.860010027885437012e+00 9.046253878351908639e-01
1.866999983787536621e+00 1.086612977777723088e-01
1.868010044097900391e+00 1.254315426011218260e-01
1.870980024337768555e+00 1.435912994334600790e-01
1.871009945869445801e+00 1.403315344497722827e-01
1.877009987831115723e+00 3.842701204322701569e-01
1.893970012664794922e+00 1.170644998233501405e-01
1.894050002098083496e+00 3.033464758386228075e-02
1.900969982147216797e+00 3.027425048892368187e-01
1.918009996414184570e+00 5.075567380509639070e-01
1.922049999237060547e+00 2.301900131283372564e-01
1.930060029029846191e+00 4.331718632833760352e-01
1.941980004310607910e+00 6.218017789676655305e-02
1.943009972572326660e+00 3.895775063173392283e-01
1.962049961090087891e+00 8.403652153011831327e-02
1.968969941139221191e+00 1.411722024550224330e-01
1.987980008125305176e+00 6.763972036230784246e-01
1.995980024337768555e+00 7.881774242151396992e-01
2.004940032958984375e+00 1.114193560159739693e+00
2.009020090103149414e+00 1.114817491087296109e+00
2.013959884643554688e+00 3.010694166545285766e-01
2.019010066986083984e+00 6.163662462745776033e-02
2.023030042648315430e+00 9.953936898702504532e-01
2.023969888687133789e+00 6.350767536336576757e-02
2.025010108947753906e+00 7.233720056604225901e-02
2.029000043869018555e+00 1.138391548090664507e-01
2.030999898910522461e+00 2.161096477759108792e-01
2.039020061492919922e+00 8.062282267608382458e-02
2.046030044555664062e+00 8.527518409086751183e-02
2.056989908218383789e+00 2.713005262142276774e-01
2.071929931640625000e+00 5.279174487105884328e-01
2.072000026702880859e+00 6.100147863660966563e-02
2.077029943466186523e+00 6.812390855631675901e-01
2.082000017166137695e+00 8.992312764403695424e-02
2.092000007629394531e+00 2.917122803698685152e-01
2.093930006027221680e+00 7.007665617832727067e-02
2.095040082931518555e+00 7.601939054597704748e-02
2.095979928970336914e+00 7.140390002523842039e-01
2.108030080795288086e+00 6.482340281410026162e-01
2.110019922256469727e+00 1.076565750439318070e-01
2.126980066299438477e+00 2.467341955442787227e-01
2.129009962081909180e+00 2.380642010879541193e-01
2.133990049362182617e+00 3.624401525881382202e-02
2.154020071029663086e+00 3.325650475947566215e-02
2.159019947052001953e+00 1.044601024435473313e+00
2.161079883575439453e+00 3.936845423918273745e-01
2.170000076293945312e+00 6.713567230712019773e-01
2.170049905776977539e+00 3.108929792747748555e-02
2.171979904174804688e+00 4.347698645102081594e-01
2.178980112075805664e+00 1.625289796148367827e-01
2.183010101318359375e+00 1.328184162627844001e-01
2.200999975204467773e+00 9.595047106466125797e-02
2.207030057907104492e+00 6.582888052224000752e-02
2.207979917526245117e+00 1.610192133654592475e-02
2.230989933013916016e+00 3.364847513139607865e-02
2.231009960174560547e+00 1.179539796726003648e-01
2.244070053100585938e+00 2.369759521406702152e-01
2.245049953460693359e+00 1.648802798003545511e-01
2.246020078659057617e+00 6.212229567752294845e-02
2.249030113220214844e+00 1.427916320138055695e-01
2.249979972839355469e+00 3.808228337059992863e-01
2.253010034561157227e+00 5.463702243573772405e-02
2.254960060119628906e+00 8.609331698196227567e-01
2.256969928741455078e+00 2.015722614742943841e-01
2.259000062942504883e+00 1.984810653142298209e-01
2.259010076522827148e+00 1.739966964286023265e-01
2.272969961166381836e+00 2.222473705410674960e-01
2.273979902267456055e+00 4.001015257334139541e-02
2.297990083694458008e+00 4.612585833531687024e-02
2.306999921798706055e+00 8.298745623655748305e-02
2.316989898681640625e+00 1.604494695573349894e+00
2.320019960403442383e+00 6.278528318628956439e-02
2.321010112762451172e+00 5.455715606344988533e-01
2.332020044326782227e+00 1.847016158949745801e-01
2.339989900588989258e+00 8.803338195989492965e-01
2.342030048370361328e+00 6.210773583586821911e-02
2.354010105133056641e+00 1.525064697078467368e+00
2.357000112533569336e+00 5.046689680357663299e-01
2.391999959945678711e+00 6.134143489997421206e-01
2.399070024490356445e+00 6.191186203366674801e-02
2.402990102767944336e+00 1.626452065383071910e-01
2.414000034332275391e+00 3.084078006185242971e-01
2.416949987411499023e+00 9.383659945277669778e-02
2.422009944915771484e+00 3.990580055644221691e-02
2.423959970474243164e+00 1.520134719706774662e-01
2.427030086517333984e+00 1.705541215857951098e-01
2.436000108718872070e+00 1.482941167757898804e-01
2.444979906082153320e+00 7.971909896400988793e-02
2.452970027923583984e+00 5.561933035990089189e-03
2.459009885787963867e+00 2.708933816291825281e-02
2.459049940109252930e+00 1.696007769744739546e-01
2.464930057525634766e+00 1.894173270531560385e-02
2.469990015029907227e+00 6.984083209513833324e-02
2.471970081329345703e+00 5.367027777667994215e-01
2.472970008850097656e+00 1.802725421392220861e-01
2.473030090332031250e+00 3.309922290529080380e-01
2.481990098953247070e+00 1.026741217515747956e-01
2.510050058364868164e+00 4.180273700554653082e-01
2.524019956588745117e+00 1.872905760454778856e-01
2.531009912490844727e+00 2.571644069545010458e-01
2.532999992370605469e+00 9.056066130107465195e-02
2.536030054092407227e+00 7.194388041998122096e-01
2.547029972076416016e+00 3.771492718537651223e-01
2.548969984054565430e+00 4.487708010748595738e-02
2.554980039596557617e+00 3.983050225175858161e-01
2.562000036239624023e+00 2.206297916403608395e-01
2.570070028305053711e+00 1.016655727825997585e-01
2.605959892272949219e+00 4.703005041291766913e-02
2.618030071258544922e+00 1.224096020757328707e-01
2.623980045318603516e+00 1.913729980216719584e-01
2.624989986419677734e+00 3.351304584738718645e-02
2.628969907760620117e+00 4.318993302396767486e-02
2.629050016403198242e+00 2.396878132099179992e-01
2.642999887466430664e+00 3.506306909710765751e-02
2.647049903869628906e+00 8.360358285643518239e-02
2.655030012130737305e+00 2.248705596839307638e-02
2.664979934692382812e+00 1.135458996460388392e-01
2.665050029754638672e+00 5.862118509183236736e-02
2.666990041732788086e+00 2.887929689906895692e-01
2.667000055313110352e+00 1.612344969260248173e-01
2.669019937515258789e+00 4.892615640174493435e-02
2.671000003814697266e+00 7.492786368389621199e-01
2.680030107498168945e+00 9.654463652603068047e-01
2.680989980697631836e+00 2.176330645288810373e-01
2.681979894638061523e+00 1.631145604599144594e-01
2.685990095138549805e+00 1.049077015254187978e-01
2.699970006942749023e+00 5.104926532108836762e-02
2.704960107803344727e+00 7.153841706155919522e-02
2.705019950866699219e+00 4.816173706805714771e-01
2.717010021209716797e+00 6.379425449087443301e-02
2.719019889831542969e+00 2.953947597891993793e-01
2.724009990692138672e+00 4.258874118404629150e-02
2.733030080795288086e+00 2.695673292306562940e-01
2.734940052032470703e+00 1.028331088917071728e-01
2.738029956817626953e+00 7.205181877763394693e-02
2.748059988021850586e+00 2.576458617848732813e-02
2.753989934921264648e+00 9.327693004738087101e-02
2.759000062942504883e+00 1.336475163813565514e-01
2.760050058364868164e+00 1.150268593541551726e-01
2.769999980926513672e+00 1.079147972113814885e-01
2.778019905090332031e+00 5.861960398144624995e-02
2.797049999237060547e+00 1.124024657640327191e-01
2.818000078201293945e+00 8.308515697700351310e-02
2.821029901504516602e+00 1.470220075090936107e-01
2.821959972381591797e+00 1.772478407066131051e-02
2.823009967803955078e+00 3.203542193101228258e-02
2.824069976806640625e+00 2.346266260519606073e-01
2.832040071487426758e+00 1.132920805326865371e-01
2.834029912948608398e+00 9.707473952835822539e-02
2.835989952087402344e+00 1.747339567663286630e-01
2.838999986648559570e+00 1.289058065678411191e-01
2.840960025787353516e+00 7.833776822628057968e-02
2.841000080108642578e+00 9.837187827916678284e-02
2.844010114669799805e+00 5.053378110589495931e-02
2.849999904632568359e+00 2.429511745313044646e-01
2.858979940414428711e+00 1.921866028080838895e-02
2.859960079193115234e+00 2.496360610513614908e-02
2.861020088195800781e+00 3.706916780847360066e-02
2.868060111999511719e+00 1.389859416303196038e-01
2.874039888381958008e+00 6.180533758710188286e-02
2.885010004043579102e+00 6.623861648721815487e-02
2.886009931564331055e+00 5.514568815684871561e-01
2.892990112304687500e+00 6.561775525227231398e-02
2.900959968566894531e+00 2.629823779891039826e-02
2.909009933471679688e+00 5.125643341161818800e-02
2.948980093002319336e+00 1.286940475732212541e-01
3.016000032424926758e+00 4.600968986685440021e-02
3.017019987106323242e+00 1.007302901145384622e-01
3.021009922027587891e+00 9.120158963204372249e-02
3.027019977569580078e+00 1.448753738822974521e-02
3.030989885330200195e+00 8.129661872450149041e-01
3.036010026931762695e+00 2.385317151618124021e-01
3.036010026931762695e+00 6.023666261661528853e-01
3.040990114212036133e+00 3.726657071133317178e-02
3.046989917755126953e+00 9.917819964469380689e-02
3.055959939956665039e+00 1.137021743959076986e-01
3.056010007858276367e+00 5.226296022320438966e-02
3.061009883880615234e+00 1.145457370038082401e-01
3.062010049819946289e+00 4.496123927133576781e-01
3.063980102539062500e+00 5.813887177369891218e-02
3.064029932022094727e+00 1.098030029447507328e-01
3.066020011901855469e+00 4.616197352578130242e-01
3.075949907302856445e+00 3.919005587016235331e-02
3.076040029525756836e+00 9.224403953447916915e-02
3.085010051727294922e+00 2.572996164471277880e-01
3.088010072708129883e+00 2.715077235880955508e-02
3.092040061950683594e+00 4.184488414651406363e-02
3.094049930572509766e+00 1.186839870935179897e-01
3.095020055770874023e+00 1.365377769376908967e-02
3.095989942550659180e+00 8.309029331840267485e-02
3.104949951171875000e+00 6.885657739905204355e-02
3.111040115356445312e+00 2.236233062912765940e-02
3.114979982376098633e+00 7.235291996875801990e-02
3.127010107040405273e+00 5.010616899404784358e-02
3.137969970703125000e+00 2.555661821704301451e-01
3.142999887466430664e+00 2.594324978489634739e-02
3.144999980926513672e+00 2.750768034099252551e-02
3.147989988327026367e+00 5.778649647693694102e-02
3.164000034332275391e+00 5.877877409412392284e-02
3.171989917755126953e+00 2.808897659041379238e-02
3.186019897460937500e+00 3.463821351921675396e-02
3.188009977340698242e+00 2.228991429629045840e-02
3.198960065841674805e+00 5.614567315776172046e-02
3.203999996185302734e+00 5.183931833415494905e-02
3.207989931106567383e+00 7.207170104118350296e-02
3.217000007629394531e+00 8.117515790652368723e-02
3.217010021209716797e+00 4.414314189930902688e-02
3.219010114669799805e+00 7.084074014618610415e-02
3.222019910812377930e+00 5.996245224841322691e-02
3.223999977111816406e+00 6.898114848378004982e-02
3.235970020294189453e+00 1.631582877190914174e-02
3.236000061035156250e+00 3.484224730295571587e-02
3.238990068435668945e+00 2.739389583365284611e-02
3.240950107574462891e+00 3.890119457522298735e-02
3.244999885559082031e+00 2.923691341191740345e-01
3.251990079879760742e+00 8.284042788900573828e-02
3.253979921340942383e+00 1.097557986866835450e-01
3.255980014801025391e+00 8.699295314917701583e-02
3.258970022201538086e+00 6.587215672614647743e-02
3.258980035781860352e+00 4.540970091426852623e-02
3.263969898223876953e+00 2.142757244029652383e-02
3.264980077743530273e+00 3.189343047302874851e-02
3.272010087966918945e+00 1.137171006822071256e-01
3.279000043869018555e+00 2.533155176380444407e-02
3.285959959030151367e+00 8.121217503250360847e-02
3.287990093231201172e+00 6.852027352022757589e-02
3.293999910354614258e+00 1.086693421047885549e-01
3.321939945220947266e+00 6.478229141352991050e-02
3.334029912948608398e+00 6.103133483339852339e-02
3.341959953308105469e+00 1.143242103038892149e-01
3.342959880828857422e+00 6.252536531130216402e-02
3.349009990692138672e+00 1.040389517472231212e-01
3.351000070571899414e+00 2.577246154518380017e-01
3.365989923477172852e+00 2.064499412042432591e-01
3.389990091323852539e+00 1.396265149056291899e-01
3.423010110855102539e+00 1.711808457840941766e-01
3.426000118255615234e+00 2.489230033477046397e-02
3.436009883880615234e+00 1.335295720779041961e-01
3.440999984741210938e+00 1.982961243383478400e-02
3.441970109939575195e+00 6.297918497675350502e-02
3.441989898681640625e+00 1.316017605680842584e-01
3.441999912261962891e+00 1.033616609980985146e-01
3.442990064620971680e+00 9.044183640925128331e-02
3.446000099182128906e+00 3.974427935422023689e-02
3.447000026702880859e+00 8.349776421564542028e-02
3.449990034103393555e+00 6.074706849495303124e-02
3.451989889144897461e+00 9.803795749475413546e-02
3.453969955444335938e+00 1.183893452263535817e-01
3.456000089645385742e+00 9.480214024465033473e-02
3.469010114669799805e+00 3.874435403591260096e-02
3.473939895629882812e+00 2.598484284833554522e-02
3.474989891052246094e+00 2.193172960671394001e-01
3.475009918212890625e+00 4.546043425583180531e-01
3.484950065612792969e+00 3.851816739263146383e-01
3.486989974975585938e+00 6.103598478551988671e-02
3.494050025939941406e+00 8.117065570227327553e-02
3.508029937744140625e+00 1.213673869868011346e-01
3.512989997863769531e+00 1.096813733008357300e-01
3.567019939422607422e+00 8.211855187640648701e-02
3.588999986648559570e+00 4.194416438502823752e-01
3.594029903411865234e+00 6.800673772133462858e-02
3.599040031433105469e+00 1.537273178552564235e-01
3.607009887695312500e+00 2.161083308189447327e-01
3.609989881515502930e+00 4.048279198744301338e-02
3.620980024337768555e+00 6.319926548376362252e-01
3.626990079879760742e+00 3.212112813071915651e-02
3.634979963302612305e+00 6.661868887825782293e-02
3.642990112304687500e+00 1.619702479091883196e-01
3.643970012664794922e+00 1.062645429231581007e+00
3.647059917449951172e+00 8.718426679784396782e-03
3.656990051269531250e+00 3.181320916164846052e-02
3.657020092010498047e+00 3.651551614558855990e-02
3.664989948272705078e+00 8.114877498634760766e-02
3.665009975433349609e+00 1.307926545527455242e-01
3.669029951095581055e+00 6.025934428602554294e-02
3.673979997634887695e+00 4.196858659208336367e-02
3.674000024795532227e+00 2.328440588554113455e-02
3.681999921798706055e+00 3.981985644183018425e-02
3.685990095138549805e+00 1.858536604436581141e-01
3.687030076980590820e+00 7.420393371614944500e-02
3.690030097961425781e+00 2.333136128996662548e-02
3.692990064620971680e+00 8.809922369966366462e-02
3.695970058441162109e+00 1.066581116374528404e-01
3.696029901504516602e+00 2.149086908588083988e-02
3.696979999542236328e+00 2.158643256383561623e-02
3.700959920883178711e+00 5.885951913437424687e-02
3.709990024566650391e+00 3.197758532952493793e-02
3.710999965667724609e+00 2.150304539588358821e-02
3.721980094909667969e+00 3.499313264245901972e-02
3.733020067214965820e+00 1.215617540816671532e-01
3.749000072479248047e+00 3.637923169257957501e-02
3.760030031204223633e+00 1.959663167799120254e-01
3.779010057449340820e+00 5.540866042095236865e-02
3.792030096054077148e+00 1.891045980889715858e-02
3.794029951095581055e+00 5.018389466861939985e-01
3.796989917755126953e+00 5.310867515568960112e-02
3.800980091094970703e+00 7.757601397237404162e-02
3.806030035018920898e+00 4.448013572672805671e-02
3.809000015258789062e+00 2.182529428711790787e-01
3.811029911041259766e+00 4.443850573575755525e-02
3.813009977340698242e+00 4.835882490193661731e-02
3.823999881744384766e+00 5.112637368498288565e-02
3.831969976425170898e+00 4.565943585328397641e-02
3.831969976425170898e+00 5.168619566791343711e-02
3.835999965667724609e+00 1.600876649409146285e-02
3.836030006408691406e+00 1.695511548551411896e-01
3.837949991226196289e+00 1.537125743846708692e-01
3.838979959487915039e+00 6.191783759506112178e-02
3.840009927749633789e+00 6.091229531813763254e-02
3.841010093688964844e+00 1.955668749759416000e-02
3.848989963531494141e+00 1.364433849265659915e-01
3.852050065994262695e+00 8.916440063668375215e-02
3.854990005493164062e+00 8.943165271308685382e-02
3.856990098953247070e+00 1.477004674026872466e-01
3.860980033874511719e+00 9.137469457122458782e-02
3.861020088195800781e+00 4.135778715554992713e-02
3.861999988555908203e+00 1.108727574079577255e-01
3.893990039825439453e+00 7.952670971507040665e-02
3.898960113525390625e+00 1.317199249042455000e-01
3.905070066452026367e+00 6.929236081168690942e-02
3.905960083007812500e+00 9.589744762862266458e-02
3.936019897460937500e+00 2.088321285657540605e-01
3.937989950180053711e+00 1.100379399003647563e-01
3.947040081024169922e+00 1.027476490789488300e-01
3.948019981384277344e+00 3.656546906237764100e-02
3.948019981384277344e+00 1.411450194893589527e-01
4.008009910583496094e+00 8.951702220026673540e-02
4.012969970703125000e+00 1.013871705723999456e-01
4.026000022888183594e+00 9.642510367632810275e-02
4.027949810028076172e+00 2.370645947173519175e-02
4.035019874572753906e+00 5.454564824494265163e-02
4.043029785156250000e+00 1.882146993247885980e-01
4.044030189514160156e+00 2.979880496862654521e-02
4.044970035552978516e+00 5.410773741437120699e-02
4.045000076293945312e+00 2.657126199455855931e-02
4.048009872436523438e+00 3.869052030860486990e-01
4.052999973297119141e+00 1.744211291706862510e-01
4.055970191955566406e+00 4.604668823468407307e-02
4.056049823760986328e+00 3.482919388192409760e-02
4.058000087738037109e+00 3.740570529378629133e-02
4.061079978942871094e+00 5.066287863019062337e-02
4.063020229339599609e+00 6.547606950304923901e-02
4.064000129699707031e+00 1.976115615355194532e-01
4.065999984741210938e+00 1.851616945691743690e-02
4.075990200042724609e+00 2.290572652774655327e-01
4.080989837646484375e+00 4.726445603920529509e-02
4.081989765167236328e+00 8.778229611101974472e-02
4.084980010986328125e+00 1.416090833307549583e-02
4.103000164031982422e+00 4.589027262512315047e-02
4.112999916076660156e+00 3.061691636380111659e-01
4.180019855499267578e+00 5.617649474083930006e-02
4.182020187377929688e+00 1.879424502885774506e-01
4.182980060577392578e+00 5.147045511288696196e-02
4.202010154724121094e+00 6.493936889057688733e-02
4.207009792327880859e+00 8.629116079559823183e-02
4.211979866027832031e+00 3.629837956611105254e-02
4.215000152587890625e+00 2.866821361521257883e-01
4.215020179748535156e+00 7.945490320903894621e-02
4.233980178833007812e+00 1.223535130565348295e-01
4.235020160675048828e+00 5.562653909074596892e-02
4.241000175476074219e+00 1.266355833996411495e-01
4.247990131378173828e+00 4.756752870699913760e-02
4.249010086059570312e+00 3.369365969361538815e-02
4.249959945678710938e+00 3.585229368074861755e-02
4.251009941101074219e+00 1.135553273711734784e-01
4.252009868621826172e+00 3.566091568241317594e-02
4.254000186920166016e+00 1.796551024814446729e-01
4.261970043182373047e+00 7.634919354823052617e-02
4.265039920806884766e+00 8.462463898601153833e-02
4.277999877929687500e+00 1.885217350432530359e-02
4.286019802093505859e+00 1.541429804705362651e-02
4.286980152130126953e+00 4.346046577441378678e-02
4.289999961853027344e+00 8.110775306065458323e-02
4.290979862213134766e+00 5.536940628030225658e-02
4.293059825897216797e+00 3.094063602742511479e-02
4.295969963073730469e+00 5.690370166708473565e-02
4.296000003814697266e+00 1.235982845829096261e-01
4.296010017395019531e+00 3.169362137177876571e-02
4.307000160217285156e+00 5.657497794497687998e-02
4.308990001678466797e+00 1.721949672513702762e-02
4.309030055999755859e+00 1.365752601888205464e-01
4.310989856719970703e+00 6.395463483878681688e-01
4.326980113983154297e+00 4.794078371559498675e-02
4.352000236511230469e+00 5.145187786914301453e-01
4.357049942016601562e+00 5.120894358080425174e-02
4.373020172119140625e+00 5.313736449068481860e-02
4.380040168762207031e+00 8.033684195460491506e-02
4.397970199584960938e+00 1.796457190043788676e-01
4.400030136108398438e+00 9.051462984400618361e-02
4.400990009307861328e+00 1.693038420794661658e-01
4.409989833831787109e+00 1.378046852463875593e-01
4.414999961853027344e+00 1.329847073785027367e-01
4.415009975433349609e+00 9.298733861024299774e-02
4.416009902954101562e+00 2.106466691163374344e-02
4.416959762573242188e+00 1.170881528453595471e-02
4.420040130615234375e+00 7.273914421912830441e-01
4.421939849853515625e+00 5.706275315074522264e-02
4.422979831695556641e+00 3.394720166594665522e-02
4.425980091094970703e+00 5.290050076878803631e-02
4.432000160217285156e+00 9.141254205064473781e-02
4.441009998321533203e+00 3.065974939385256864e-02
4.442049980163574219e+00 7.238796438200839622e-02
4.442999839782714844e+00 7.740690525855400614e-03
4.447000026702880859e+00 1.125926219421690411e-01
4.447010040283203125e+00 7.358603444703662455e-02
4.452990055084228516e+00 3.787111057901759725e-02
4.454999923706054688e+00 1.327519803658896436e-01
4.457970142364501953e+00 3.807809734854241540e-02
4.458020210266113281e+00 1.405504018874862981e-01
4.460020065307617188e+00 6.153475788817356490e-02
4.468019962310791016e+00 4.126553681599422901e-02
4.503059864044189453e+00 2.166343421281838877e-01
4.504990100860595703e+00 9.743125102535302173e-02
4.510009765625000000e+00 1.108563914946395640e-01
4.519929885864257812e+00 2.971720582167237668e-01
4.526979923248291016e+00 1.682591973970214150e-01
4.539020061492919922e+00 8.022622543311136445e-02
4.548029899597167969e+00 1.486016262543378430e-01
4.590000152587890625e+00 1.692393297946233888e-01
4.602950096130371094e+00 3.342389336706134279e-02
4.604990005493164062e+00 1.226616078469323773e-01
4.608960151672363281e+00 3.637875243093256078e-02
4.609000205993652344e+00 1.079110353411666112e-01
4.613039970397949219e+00 8.977223582909603650e-01
4.615029811859130859e+00 1.146187443492390490e-01
4.627989768981933594e+00 4.080524629549227011e-01
4.637979984283447266e+00 5.758727508212023449e-02
4.639039993286132812e+00 1.083545182413997270e-02
4.640970230102539062e+00 9.108000853507693118e-02
4.647019863128662109e+00 5.375171613684378430e-02
4.649000167846679688e+00 1.788762768617757903e-01
4.651979923248291016e+00 8.801839447589959731e-02
4.652060031890869141e+00 7.909739869833110060e-02
4.661019802093505859e+00 1.031618927376603823e-01
4.664040088653564453e+00 5.696201942350979236e-02
4.668000221252441406e+00 9.553015559129823808e-02
4.669970035552978516e+00 1.132890138198729690e-01
4.671020030975341797e+00 5.280193983972306104e-02
4.672999858856201172e+00 1.270358022732043235e-01
4.693990230560302734e+00 5.748364936983633988e-02
4.706970214843750000e+00 1.914908773296536137e-01
4.720009803771972656e+00 9.654031261856478585e-02
4.743020057678222656e+00 1.123213800193645917e-01
4.760990142822265625e+00 3.334349224647446125e-02
4.776979923248291016e+00 9.484427088807498296e-02
4.783959865570068359e+00 2.085598195273944550e-02
4.791969776153564453e+00 1.169809691438130211e-01
4.798039913177490234e+00 7.198170030989702040e-02
4.806000232696533203e+00 9.638595971594852985e-02
4.811960220336914062e+00 3.699115369933258513e-01
4.825049877166748047e+00 2.100592967761057833e-02
4.829929828643798828e+00 1.501497769112562775e-02
4.830009937286376953e+00 8.606571865851538050e-02
4.833000183105468750e+00 6.201547693658841093e-02
4.838009834289550781e+00 4.879719597035301476e-02
4.845009803771972656e+00 1.086621863866147897e-01
4.849009990692138672e+00 4.827235704963517282e-02
4.852009773254394531e+00 6.720316236127027443e-02
4.852960109710693359e+00 1.423795968493669628e-01
4.856989860534667969e+00 1.655334360189150145e-01
4.866010189056396484e+00 1.172358753305845352e-01
4.868969917297363281e+00 4.012814405093079878e-02
4.872029781341552734e+00 8.584087339850704490e-02
4.873990058898925781e+00 1.385582338422956632e-02
4.875020027160644531e+00 3.179882625803681639e-02
4.881999969482421875e+00 4.865723263627352857e-02
4.883989810943603516e+00 3.501402710106309157e-02
4.884029865264892578e+00 6.428638306250433754e-02
4.885000228881835938e+00 1.009619449016466164e-01
4.886970043182373047e+00 5.532407352976796006e-02
4.899000167846679688e+00 2.931041456018469715e-02
4.899000167846679688e+00 2.167130658076710584e-02
4.902009963989257812e+00 1.073023643959806067e-01
4.906040191650390625e+00 6.914893752954068273e-02
4.909009933471679688e+00 5.628591810884459729e-02
4.930019855499267578e+00 8.015585906360529755e-02
4.945000171661376953e+00 2.941566153213279883e-02
4.977980136871337891e+00 7.113565306352188922e-02
4.980999946594238281e+00 3.464619151578954281e-02
4.996990203857421875e+00 6.538680422907200418e-02
5.000000000000000000e+00 1.260566369609505966e-02
5.000010013580322266e+00 1.213156823168510395e-01
5.001019954681396484e+00 1.296096881017705198e-02
5.002089977264404297e+00 1.133817278194853145e-01
5.006010055541992188e+00 1.114958193282242355e-01
5.009009838104248047e+00 7.777613502070952756e-02
5.012969970703125000e+00 8.330595102097415605e-02
5.015009880065917969e+00 4.669350846175846642e-02
5.023960113525390625e+00 2.296648573237203284e-02
5.025979995727539062e+00 2.528030261580602525e-02
5.025990009307861328e+00 7.555576230531092785e-02
5.027999877929687500e+00 2.790010874046434594e-02
5.029960155487060547e+00 4.778813531551320826e-02
5.032989978790283203e+00 1.501979639875097028e-01
5.036039829254150391e+00 3.611661880419422127e-02
5.039939880371093750e+00 6.703552833490625251e-02
5.039989948272705078e+00 4.568761439822834752e-02
5.042019844055175781e+00 1.106198526360917117e-01
5.047969818115234375e+00 5.176408275158564387e-02
5.050010204315185547e+00 2.278840517179566566e-02
5.055009841918945312e+00 6.043337429192975618e-02
5.057970046997070312e+00 1.223220267834767838e-01
5.061970233917236328e+00 7.724077991583390423e-02
5.076000213623046875e+00 1.908376688301624269e-01
5.084990024566650391e+00 2.297693744647647321e-02
5.097020149230957031e+00 2.464971313803573233e-02
5.111989974975585938e+00 2.346582515901097024e-02
5.124010086059570312e+00 1.641855659392620070e-01
5.126019954681396484e+00 2.130308136822961218e-01
5.140999794006347656e+00 9.331571488249870705e-02
5.201049804687500000e+00 1.613046188452953722e-01
5.207990169525146484e+00 8.805427827996238632e-02
5.210969924926757812e+00 1.271504754365860024e-01
5.215960025787353516e+00 1.037262600034304927e-01
5.216969966888427734e+00 5.352025230898783958e-02
5.219989776611328125e+00 4.675908728995581409e-02
5.223030090332031250e+00 1.219717786573094875e-01
5.234980106353759766e+00 7.391320904257862867e-02
5.238009929656982422e+00 3.881913566843332719e-02
5.238989830017089844e+00 1.078964828034356394e-01
5.238989830017089844e+00 1.802448160921493042e-02
5.240990161895751953e+00 8.476524848053873518e-02
5.241990089416503906e+00 9.132697771423517463e-02
5.243000030517578125e+00 3.976666831150167669e-02
5.246940135955810547e+00 2.236958467992937460e-01
5.251949787139892578e+00 8.769687421038360742e-02
5.253970146179199219e+00 2.378458539814189698e-01
5.256979942321777344e+00 5.633457091103691305e-02
5.263989925384521484e+00 2.002220944424307481e-01
5.264039993286132812e+00 2.348565724314000125e-02
5.265999794006347656e+00 8.289185080844962972e-02
5.274960041046142578e+00 3.296069640493274333e-01
5.275979995727539062e+00 6.324835337068272778e-02
5.276989936828613281e+00 7.872205530752829361e-02
5.364970207214355469e+00 9.975170436732240520e-02
5.366990089416503906e+00 6.825211390374193166e-02
5.386980056762695312e+00 5.863726217345031910e-02
5.386990070343017578e+00 9.491023690695819803e-02
5.393040180206298828e+00 2.205064643676589442e-02
5.403009891510009766e+00 3.360491139350368917e-02
5.410970211029052734e+00 1.139856423203718661e-01
5.419980049133300781e+00 4.367470175141085348e-02
5.424039840698242188e+00 2.472319266718872935e-02
5.436989784240722656e+00 6.863588591832646413e-02
5.441999912261962891e+00 1.785808314128524421e-02
5.442989826202392578e+00 6.120489428516606711e-02
5.449969768524169922e+00 1.822185467409109250e-01
5.453020095825195312e+00 2.898074557683879005e-01
5.455019950866699219e+00 6.390043455225286051e-02
5.462989807128906250e+00 1.714072072088585752e-01
5.464009761810302734e+00 3.904456786765283377e-02
5.465970039367675781e+00 1.820078058744462740e-02
5.465990066528320312e+00 1.110282742093915975e-01
5.465990066528320312e+00 2.030835986955889516e-02
5.467969894409179688e+00 5.557629277182525585e-02
5.468989849090576172e+00 1.442264427535388388e-02
5.468989849090576172e+00 3.139620632078142515e-02
5.469019889831542969e+00 7.994145687984464954e-02
5.477009773254394531e+00 6.636842083009041049e-02
5.487979888916015625e+00 3.197743100919196724e-02
5.491010189056396484e+00 5.985985096481900858e-02
5.492010116577148438e+00 4.121237178944736623e-02
5.492929935455322266e+00 1.012990650457034209e-01
5.495039939880371094e+00 7.130829802253668692e-02
5.510039806365966797e+00 6.951458664856352554e-02
5.514039993286132812e+00 1.382826300931907539e-02
5.514969825744628906e+00 1.177854359386230759e-01
5.538000106811523438e+00 5.251743178379916083e-02
5.539020061492919922e+00 6.578272769484647120e-02
5.540019989013671875e+00 3.858643959317849953e-02
5.561989784240722656e+00 4.172043412761286540e-02
5.573009967803955078e+00 1.018859954339973589e-01
5.580999851226806641e+00 3.593797064051080375e-02
5.590000152587890625e+00 9.132416786329250469e-02
5.601019859313964844e+00 9.260214948782237443e-02
5.602960109710693359e+00 1.917810275811823728e-01
5.605999946594238281e+00 4.970747488002184855e-02
5.611020088195800781e+00 3.115056326623298968e-02
5.612010002136230469e+00 4.235183155583416292e-02
5.614940166473388672e+00 1.076799612616209378e-01
5.617969989776611328e+00 3.848377499772688837e-01
5.618020057678222656e+00 6.095304083384493928e-03
5.618969917297363281e+00 2.936332576810411071e-02
5.622970104217529297e+00 5.582590566778111718e-02
5.623990058898925781e+00 1.380325298240442089e-01
5.627049922943115234e+00 3.735443356047692121e-02
5.629990100860595703e+00 4.379613683552709136e-02
5.631969928741455078e+00 8.247876463359181398e-02
5.632999897003173828e+00 2.235835778572933460e-02
5.641039848327636719e+00 1.670972368091095395e-01
5.653009891510009766e+00 9.304123514428495889e-02
5.655990123748779297e+00 8.757928086348379382e-02
5.657999992370605469e+00 1.612897129456682815e-02
5.663010120391845703e+00 6.378556101406521184e-02
5.667970180511474609e+00 2.225747654824004607e-01
5.676990032196044922e+00 9.062672252427807218e-02
5.677030086517333984e+00 5.510993388072007310e-02
5.687980175018310547e+00 6.808042917506015868e-02
5.717040061950683594e+00 2.784779681646953331e-01
5.718019962310791016e+00 1.381466467754137450e-01
5.724030017852783203e+00 9.859050837918689747e-02
5.738019943237304688e+00 1.499509706399429487e-01
5.779950141906738281e+00 1.945653353530340524e-01
5.807970046997070312e+00 2.236158693001335518e-01
5.808000087738037109e+00 9.214544601720635331e-02
5.808000087738037109e+00 7.615630920798575898e-02
5.811029911041259766e+00 7.045727985954153283e-02
5.811999797821044922e+00 2.188610199784794264e-01
5.813010215759277344e+00 1.630295081226689480e-01
5.818039894104003906e+00 9.058283175884798699e-02
5.820000171661376953e+00 6.098297512865841902e-02
5.822000026702880859e+00 2.908836274920090226e-02
5.823999881744384766e+00 4.306679016767771262e-02
5.837999820709228516e+00 2.170896210008900831e-02
5.841020107269287109e+00 8.068691852434625722e-02
5.848040103912353516e+00 3.158637003655846431e-01
5.848939895629882812e+00 4.177976271577465289e-02
5.851980209350585938e+00 1.045197714077873846e-01
5.851990222930908203e+00 5.773889340073062176e-02
5.852970123291015625e+00 2.873975309304897530e-01
5.857029914855957031e+00 2.207517570256218101e-02
5.859000205993652344e+00 8.988263622073519588e-02
5.869989871978759766e+00 2.509495854863040207e-02
5.874010086059570312e+00 9.705368998734681396e-02
5.880980014801025391e+00 6.138478021217782382e-02
5.889019966125488281e+00 1.314848505702603809e-01
5.923049926757812500e+00 1.083293954098198952e-01
5.945030212402343750e+00 7.963221355958502445e-02
5.953949928283691406e+00 8.356923566889634669e-02
5.960070133209228516e+00 1.053903122472554521e-01
5.986010074615478516e+00 1.448427856523436079e-02
5.994989871978759766e+00 1.445154092072694352e-01
6.007949829101562500e+00 9.383272994215882679e-02
6.011020183563232422e+00 6.228024626252746249e-02
6.012020111083984375e+00 7.525315499319548684e-02
6.014999866485595703e+00 4.402196834266185188e-02
6.016029834747314453e+00 1.002127621453381273e-01
6.042960166931152344e+00 5.545122477689779644e-02
6.050990104675292969e+00 1.102367759632793404e-01
6.051050186157226562e+00 1.544603231541697153e-01
6.052969932556152344e+00 1.730587304091663406e-02
6.052999973297119141e+00 5.553084349418864474e-02
6.056940078735351562e+00 1.671325612350051115e-02
6.058010101318359375e+00 1.332981486313535024e-01
6.061039924621582031e+00 1.451765259335135450e-01
6.061979770660400391e+00 2.554699701068573539e-02
6.063960075378417969e+00 4.551786110539119551e-02
6.065999984741210938e+00 1.258489481736611675e-02
6.066989898681640625e+00 5.177504658575165369e-02
6.069019794464111328e+00 8.543487571267012470e-02
6.072959899902343750e+00 3.230903233267705399e-02
6.073040008544921875e+00 7.520526101585175982e-02
6.073959827423095703e+00 1.502572789372623174e-01
6.075009822845458984e+00 2.798246860455310889e-02
6.089960098266601562e+00 6.997185924267981805e-02
6.097030162811279297e+00 5.470754130042838198e-02
6.098020076751708984e+00 2.284643037439455446e-02
6.103950023651123047e+00 1.244195353642989221e-01
6.124969959259033203e+00 6.021689615278146696e-02
6.135009765625000000e+00 6.970305168360220460e-02
6.137000083923339844e+00 1.370094821918943495e-01
6.148019790649414062e+00 1.606096522779469973e-02
6.164969921112060547e+00 1.796224946874506664e-02
6.181039810180664062e+00 1.446130103913164378e-01
6.185959815979003906e+00 2.946287346013680766e-02
6.186039924621582031e+00 4.666123398605651063e-02
6.189020156860351562e+00 2.116726962797713107e-02
6.197020053863525391e+00 3.789332431745436047e-02
6.198989868164062500e+00 2.905739481400346214e-02
6.205989837646484375e+00 1.915004094280083613e-01
6.210050106048583984e+00 1.564368840301412489e-01
6.213980197906494141e+00 7.989276983628686157e-02
6.214039802551269531e+00 4.737755206615199000e-02
6.215970039367675781e+00 7.261972750961971645e-02
6.222010135650634766e+00 1.792284584504064970e-01
6.228000164031982422e+00 2.109924147292573451e-02
6.228020191192626953e+00 6.221567957102341895e-02
6.229030132293701172e+00 1.512517939005008361e-01
6.230969905853271484e+00 1.281741537322549918e-01
6.235980033874511719e+00 5.318871167028817182e-02
6.236000061035156250e+00 6.204751730612761973e-02
6.237060070037841797e+00 6.074963329779373145e-02
6.242000102996826172e+00 1.700529694416803156e-02
6.242030143737792969e+00 2.545644032526995226e-01
6.243000030517578125e+00 8.546135507611268833e-02
6.243010044097900391e+00 1.190486911100322419e-02
6.263030052185058594e+00 2.162280907460956136e-01
6.263959884643554688e+00 7.712868550361233477e-02
6.268959999084472656e+00 1.459327507763334419e-01
6.282999992370605469e+00 5.133434642090157346e-02
6.295949935913085938e+00 4.812845633368847270e-02
6.297999858856201172e+00 1.107423977652781666e-01
6.318039894104003906e+00 1.010005911510128973e-01
6.338009834289550781e+00 2.758626483313113553e-01
6.397029876708984375e+00 2.046327615502752661e-01
6.399000167846679688e+00 4.986181567414540994e-02
6.402019977569580078e+00 5.490479018903803021e-02
6.409979820251464844e+00 1.341637846192221262e-01
6.414010047912597656e+00 1.497448944201812404e-01
6.426980018615722656e+00 6.405620772248851735e-02
6.431990146636962891e+00 1.103548430124744531e-02
6.434979915618896484e+00 5.521449911044560427e-02
6.437019824981689453e+00 2.558715481150636642e-02
6.438010215759277344e+00 3.275881874921150461e-01
6.441009998321533203e+00 1.085740345185957911e-01
6.441009998321533203e+00 1.056890836767423875e-01
6.441979885101318359e+00 2.960535119767256779e-02
6.443019866943359375e+00 8.549985653223424187e-02
6.443019866943359375e+00 9.196188569502172783e-02
6.446000099182128906e+00 5.493670237720041927e-01
6.450970172882080078e+00 4.179805871826747926e-02
6.450990200042724609e+00 4.704602411831133174e-02
6.452000141143798828e+00 1.875615974961737653e-01
6.452000141143798828e+00 2.674609057604863602e-02
6.456999778747558594e+00 9.733500655721735728e-02
6.457980155944824219e+00 1.214891340652851648e-02
6.460020065307617188e+00 7.028782655019327752e-02
6.463049888610839844e+00 1.384904091570863804e-01
6.528999805450439453e+00 9.280362789865891082e-02
6.535999774932861328e+00 1.257714075319710245e-01
6.538969993591308594e+00 1.608437166286677267e-01
6.546979904174804688e+00 1.080303927518484058e-01
6.566999912261962891e+00 2.079935683835306692e-01
6.579030036926269531e+00 3.105489861108328559e-02
6.585989952087402344e+00 5.710682518612470587e-02
6.599009990692138672e+00 4.970757775437482928e-02
6.610000133514404297e+00 3.606279224627705060e-02
6.615960121154785156e+00 7.903019638891868592e-02
6.618010044097900391e+00 1.150093914998921892e-02
6.623020172119140625e+00 9.575150839296352190e-02
6.627039909362792969e+00 9.315922533177777021e-02
6.631010055541992188e+00 3.711326722264342987e-02
6.635019779205322266e+00 2.069289743066543286e-01
6.635980129241943359e+00 3.525273915505952593e-02
6.638989925384521484e+00 2.760641322683641055e-02
6.656000137329101562e+00 4.650111391528646484e-03
6.656960010528564453e+00 1.115118397426504149e-01
6.657989978790283203e+00 1.445544126090068937e-01
6.657989978790283203e+00 3.427087487218727357e-02
6.658040046691894531e+00 7.748425707589729622e-03
6.658969879150390625e+00 1.077677976281831290e-01
6.659959793090820312e+00 3.744900596916944657e-02
6.664999961853027344e+00 6.859424412801808091e-02
6.665019989013671875e+00 5.001825953936282071e-02
6.667960166931152344e+00 5.627374033882925203e-02
6.686049938201904297e+00 5.815750968316429209e-02
6.691979885101318359e+00 9.072489747806541938e-02
6.698999881744384766e+00 9.894894144511924561e-02
6.700980186462402344e+00 7.192137101141577241e-03
6.701000213623046875e+00 7.693679491985935814e-02
6.701039791107177734e+00 8.272066135396173581e-02
6.731979846954345703e+00 4.787360813693108952e-02
6.732029914855957031e+00 4.202444827544584566e-02
6.753039836883544922e+00 5.830860610619988116e-02
6.760960102081298828e+00 2.255795906159154679e-02
6.773009777069091797e+00 1.252516831244235018e-01
6.783020019531250000e+00 3.074197082955557742e-02
6.787000179290771484e+00 6.095709637258268920e-02
6.789979934692382812e+00 1.092437376768447682e-01
6.790989875793457031e+00 3.028510789368988806e-02
6.794020175933837891e+00 6.516748291713517216e-02
6.795000076293945312e+00 3.863764721052037610e-02
6.796010017395019531e+00 2.975405219908685076e-02
6.797019958496093750e+00 2.636255996287670961e-02
6.799019813537597656e+00 2.164652381545892068e-01
6.800000190734863281e+00 3.375306745135799730e-02
6.801980018615722656e+00 1.482640696067489064e-02
6.803959846496582031e+00 2.674145034964421977e-02
6.803989887237548828e+00 3.573616381850500123e-02
6.814020156860351562e+00 1.463041788050635506e-01
6.816009998321533203e+00 4.657939914900885436e-02
6.816989898681640625e+00 7.970398846182726038e-02
6.818029880523681641e+00 1.730992808047808196e-01
6.819029808044433594e+00 8.729432546646828661e-02
6.820000171661376953e+00 3.008516889242138399e-03
6.821000099182128906e+00 9.594564927081403183e-02
6.828010082244873047e+00 5.756736331703159182e-02
6.849939823150634766e+00 7.148370374312254527e-02
6.860040187835693359e+00 6.959424609390085781e-02
6.875969886779785156e+00 5.426144749492933794e-02
6.876979827880859375e+00 1.932671418471808983e-02
6.881040096282958984e+00 1.184245150726455087e-01
6.894050121307373047e+00 3.361385488781055697e-01
6.899000167846679688e+00 6.150662905982341028e-02
6.904059886932373047e+00 9.905167672456244299e-02
6.929979801177978516e+00 9.769678397279411841e-02
6.986010074615478516e+00 4.896920368048451183e-02
6.988029956817626953e+00 1.199027212615568494e-01
6.991020202636718750e+00 8.788037716309801684e-02
6.995009899139404297e+00 3.876819307894875666e-02
7.007979869842529297e+00 1.974786524172152113e-01
7.009009838104248047e+00 7.555583791188223708e-02
7.010000228881835938e+00 9.603834914068706818e-02
7.013969898223876953e+00 5.332367932871118210e-02
7.014979839324951172e+00 6.805770530038385280e-02
7.024010181427001953e+00 1.062022180566126600e-02
7.025020122528076172e+00 3.933413661001051165e-01
7.025020122528076172e+00 7.492540963337447797e-03
7.028009891510009766e+00 2.383422260061240916e-02
7.029990196228027344e+00 3.368337433134183101e-02
7.031030178070068359e+00 1.348537217609439287e-01
7.032000064849853516e+00 1.267958465823413594e-01
7.032040119171142578e+00 1.364829167402164534e-01
7.033030033111572266e+00 1.101524836002576724e-01
7.044980049133300781e+00 5.977226551039485636e-02
7.045000076293945312e+00 6.505822831003506279e-02
7.048049926757812500e+00 6.917219667411049489e-02
7.058020114898681641e+00 7.665114905248331112e-02
7.082990169525146484e+00 5.470688938033937965e-02
7.090000152587890625e+00 3.052271341421136652e-01
7.123000144958496094e+00 8.213453650991794919e-02
7.147940158843994141e+00 4.450738716933267947e-01
7.153009891510009766e+00 2.150586646673177948e-01
7.153989791870117188e+00 3.818622040724905520e-01
7.161049842834472656e+00 8.123677561031718286e-02
7.161990165710449219e+00 2.562124555514682656e-01
7.165949821472167969e+00 4.790745695748994254e-02
7.193970203399658203e+00 1.109847712948780762e-01
7.206049919128417969e+00 8.650969823684712123e-02
7.220029830932617188e+00 9.028712011283880623e-02
7.221039772033691406e+00 1.029013495399704325e-01
7.222000122070312500e+00 1.836099196091035834e-01
7.223999977111816406e+00 2.577102231005997182e-02
7.228030204772949219e+00 5.988419535592904852e-01
7.228970050811767578e+00 2.044158187557323231e-02
7.231029987335205078e+00 2.748702751333875413e-02
7.232970237731933594e+00 1.477988293500555883e-01
7.234000205993652344e+00 6.971985122735026297e-02
7.236969947814941406e+00 1.662049642372926683e-01
7.238049983978271484e+00 9.831286443403826347e-02
7.240029811859130859e+00 4.974922155749814112e-02
7.243999958038330078e+00 5.215268854512603719e-02
7.247019767761230469e+00 1.402497711369469768e-01
7.251009941101074219e+00 1.522808274127160355e-01
7.253019809722900391e+00 2.093351493172513050e-03
7.259960174560546875e+00 4.616582104681146714e-02
7.260009765625000000e+00 5.661275690151456041e-01
7.266019821166992188e+00 7.002146411716343721e-02
7.267000198364257812e+00 4.875774578304983842e-02
7.269989967346191406e+00 5.867261066876949815e-02
7.281990051269531250e+00 1.257944339803555578e-01
7.306009769439697266e+00 3.823943287146208680e-02
7.317049980163574219e+00 1.433471341733375537e-01
7.339009761810302734e+00 5.850122639642402894e-02
7.342989921569824219e+00 9.627919236163971772e-02
7.351029872894287109e+00 8.085543188831191552e-02
7.352960109710693359e+00 5.310318388057582578e-02
7.365029811859130859e+00 6.129036999605803199e-02
7.372980117797851562e+00 3.160511024316416118e-02
7.377999782562255859e+00 7.823429830543966734e-02
7.385019779205322266e+00 6.114629685540618614e-02
7.386020183563232422e+00 4.635676178303629186e-02
7.386020183563232422e+00 1.358630028529559663e-01
7.387959957122802734e+00 1.875170730053228943e-02
7.390009880065917969e+00 2.384904382295215675e-01
7.393050193786621094e+00 4.496528591691245635e-02
7.394010066986083984e+00 8.691915512114778419e-02
7.396989822387695312e+00 8.098090165183470523e-02
7.402979850769042969e+00 3.707026722123873963e-01
7.405940055847167969e+00 2.535088740183296524e-02
7.405990123748779297e+00 7.967980663072105063e-02
7.409979820251464844e+00 1.492774428144835741e-01
7.412000179290771484e+00 1.670907125699932008e-02
7.413980007171630859e+00 7.131704732469287822e-02
7.414000034332275391e+00 4.142303197667530218e-02
7.423029899597167969e+00 3.674566188997982485e-02
7.425039768218994141e+00 6.191345360669599229e-02
7.426980018615722656e+00 2.319752642500874651e-02
7.429979801177978516e+00 1.627720276816491674e-01
7.431049823760986328e+00 4.853927118247534922e-02
7.439990043640136719e+00 1.480178730155564948e-01
7.447030067443847656e+00 5.104825039880670629e-02
7.484020233154296875e+00 5.918635651120505992e-02
7.485050201416015625e+00 3.783369939304250668e-02
7.489029884338378906e+00 1.287544315960652830e-01
7.500989913940429688e+00 8.249284173594220726e-02
7.503970146179199219e+00 5.438312970962033699e-02
7.518040180206298828e+00 6.977663050454029070e-02
7.583990097045898438e+00 1.269516947700286558e-01
7.587989807128906250e+00 1.107932346627184261e-02
7.592969894409179688e+00 5.434253760747470574e-02
7.599009990692138672e+00 2.667714852633583031e-02
7.602039813995361328e+00 3.187760053824053447e-02
7.604969978332519531e+00 2.724521908599455422e-01
7.604979991912841797e+00 2.222521142257868204e-02
7.609000205993652344e+00 6.961961867215646360e-02
7.618000030517578125e+00 4.677155227400457693e-02
7.622019767761230469e+00 3.720813132567342418e-02
7.627019882202148438e+00 1.454313016759945232e-01
7.628970146179199219e+00 9.474874945344460841e-02
7.632929801940917969e+00 2.046169260991742220e-02
7.632969856262207031e+00 1.160701091756327907e-01
7.635980129241943359e+00 1.349437465398573288e-01
7.636020183563232422e+00 1.079751819982666949e-01
7.637969970703125000e+00 8.949420785098201325e-02
7.639009952545166016e+00 2.526430941403346592e-02
7.640989780426025391e+00 3.178874390846557485e-02
7.644020080566406250e+00 4.250746483631739903e-02
7.644929885864257812e+00 1.311651326125659323e-01
7.669010162353515625e+00 1.560936204259888160e-01
7.681019783020019531e+00 1.627529932155945547e-01
7.697010040283203125e+00 3.208512409319212721e-02
7.723999977111816406e+00 4.708283369374962057e-01
7.728980064392089844e+00 1.996293256441211972e-01
7.738999843597412109e+00 1.733013648064678225e-01
7.771009922027587891e+00 1.668449740027610206e-01
7.771969795227050781e+00 8.156711438657120172e-02
7.774980068206787109e+00 1.101296182618717173e-01
7.777959823608398438e+00 1.511657163294607975e-01
7.778989791870117188e+00 3.384519063302647846e-01
7.781010150909423828e+00 8.337098633075304410e-02
7.783010005950927734e+00 1.211108835909188025e-01
7.793059825897216797e+00 6.594794194082413685e-02
7.824969768524169922e+00 1.477267351586107058e-01
7.832970142364501953e+00 2.567635602251306520e-02
7.834030151367187500e+00 1.714053401732667722e-02
7.836009979248046875e+00 4.070063284182557500e-02
7.839980125427246094e+00 3.283872491037660712e-02
7.841050148010253906e+00 7.128602553296578548e-02
7.844999790191650391e+00 5.104887989905441265e-02
7.845009803771972656e+00 2.177690421778349927e-02
7.847990036010742188e+00 2.273386947888937359e-01
7.854020118713378906e+00 9.063985772683563757e-02
7.857029914855957031e+00 3.371837814836817909e-02
7.860980033874511719e+00 2.433863678779341067e-02
7.862020015716552734e+00 3.016507947219796912e-02
7.862999916076660156e+00 4.480263819118408125e-02
7.862999916076660156e+00 5.690359167565429976e-02
7.863019943237304688e+00 4.110909546019736460e-02
7.874000072479248047e+00 5.423744318372338696e-02
7.881959915161132812e+00 3.757177682841167377e-02
7.892990112304687500e+00 1.136583420092241309e-01
7.899050235748291016e+00 1.109782356538649012e-01
7.899980068206787109e+00 1.150985974380924481e-01
7.911970138549804688e+00 4.569476448129478757e-02
7.916019916534423828e+00 5.194528599702967486e-02
7.919990062713623047e+00 1.044652114932256431e-01
7.925990104675292969e+00 1.685553494030346267e-01
7.941959857940673828e+00 3.946121670159356831e-02
7.947979927062988281e+00 5.214364366987524896e-02
7.971020221710205078e+00 2.830768227055670619e-02
7.971980094909667969e+00 3.969399255398321780e-02
7.973010063171386719e+00 6.418830210599635322e-02
7.978000164031982422e+00 4.851689709436170228e-02
7.982989788055419922e+00 2.893744395275294617e-02
7.983039855957031250e+00 3.383457339943717057e-02
7.985030174255371094e+00 5.343655474625130797e-02
7.985030174255371094e+00 3.249520743368127657e-02
7.988979816436767578e+00 1.189996705247443332e-01
7.989009857177734375e+00 3.645059281111066585e-01
7.993959903717041016e+00 4.899588214252924290e-02
7.995999813079833984e+00 1.308497810177184084e-01
8.001009941101074219e+00 1.282920942804479381e-01
8.005999565124511719e+00 5.085386077480601869e-02
8.008040428161621094e+00 9.795822517577926214e-02
8.013050079345703125e+00 6.902794353279326223e-02
8.023969650268554688e+00 2.721218982365930864e-02
8.024900436401367188e+00 4.633537289956842636e-02
8.026940345764160156e+00 4.974375565467338556e-02
8.032079696655273438e+00 2.667748935291055501e-01
8.049010276794433594e+00 3.365430202386247849e-02
8.050959587097167969e+00 1.300204741762924221e-01
8.052000045776367188e+00 5.790079267322491285e-02
8.064949989318847656e+00 1.635825582307459322e-02
8.064990043640136719e+00 6.464822882745380195e-02
8.069020271301269531e+00 9.477977320253175297e-02
8.086009979248046875e+00 2.657169134293620519e-02
8.098979949951171875e+00 1.433980628504080181e-02
8.109970092773437500e+00 2.853748113733443614e-01
8.116029739379882812e+00 2.783926695481244162e-01
8.141960144042968750e+00 9.477600533887788059e-02
8.180040359497070312e+00 1.172445088117641532e-01
8.183010101318359375e+00 6.133659796905637646e-02
8.189940452575683594e+00 1.229031116296489118e-01
8.190999984741210938e+00 2.190777698764032055e-01
8.194000244140625000e+00 5.325759947368065295e-02
8.198980331420898438e+00 1.660912680624982984e-01
8.201009750366210938e+00 6.454934668634119965e-02
8.202969551086425781e+00 1.726513697365359562e-02
8.203989982604980469e+00 1.519973682029997046e-02
8.207960128784179688e+00 1.443600978845640537e-01
8.210020065307617188e+00 1.313883376626417132e-01
8.211999893188476562e+00 6.215772914603102939e-02
8.212030410766601562e+00 8.009873352402310798e-02
8.214989662170410156e+00 2.054554313603439430e-01
8.216979980468750000e+00 3.678915810820818783e-02
8.217000007629394531e+00 9.500956303090245247e-02
8.220999717712402344e+00 2.355677735144890705e-01
8.224020004272460938e+00 2.493721162866587848e-01
8.234000205993652344e+00 4.878333316745808029e-02
8.243989944458007812e+00 2.699422793560227532e-02
8.250000000000000000e+00 1.137426871663821254e-01
8.250020027160644531e+00 3.815879861387223848e-02
8.251990318298339844e+00 2.392845973333001808e-01
8.335049629211425781e+00 4.106804899880427406e-01
8.337030410766601562e+00 3.710120469502636853e-02
8.337989807128906250e+00 7.183301425650392980e-02
8.339050292968750000e+00 2.725836461078182116e-02
8.347020149230957031e+00 2.924063809685507609e-01
8.359979629516601562e+00 5.690166224036007081e-02
8.373979568481445312e+00 4.801484672183292668e-02
8.393019676208496094e+00 6.851250863116600809e-02
8.394980430603027344e+00 7.607497048670749940e-02
8.396989822387695312e+00 7.639975947971314185e-02
8.397999763488769531e+00 6.274530879409551121e-02
8.405019760131835938e+00 4.477318066037669908e-01
8.406959533691406250e+00 5.385345621807396954e-02
8.407010078430175781e+00 6.244712739064558343e-02
8.412019729614257812e+00 2.742783073716944034e-02
8.420009613037109375e+00 2.302154056592436993e-02
8.421030044555664062e+00 1.031253083389414710e-01
8.424010276794433594e+00 8.723831022755651476e-02
8.425909996032714844e+00 2.149266141779366743e-02
8.432979583740234375e+00 2.021380235496657296e-01
8.433019638061523438e+00 5.968811786626619931e-01
8.433030128479003906e+00 4.380116913743487689e-02
8.439999580383300781e+00 6.547130560452463222e-01
8.441980361938476562e+00 6.840422117711908445e-02
8.443980216979980469e+00 8.936093198240935287e-02
8.444990158081054688e+00 8.403777247602323142e-02
8.448989868164062500e+00 3.990309524855268491e-02
8.450010299682617188e+00 9.157545812964757587e-03
8.451040267944335938e+00 3.424340056951000882e-02
8.457010269165039062e+00 2.823799649920073415e-02
8.463040351867675781e+00 6.223495351585892066e-02
8.463999748229980469e+00 2.834942996360267572e-02
8.469010353088378906e+00 7.001370861255973299e-02
8.496069908142089844e+00 1.638898794152767457e-01
8.508959770202636719e+00 9.225699491701695731e-02
8.509940147399902344e+00 4.107730898518179713e-02
8.536040306091308594e+00 7.253532413293949099e-02
8.542980194091796875e+00 3.544441324677017474e-02
8.544960021972656250e+00 2.977699316517804645e-02
8.545969963073730469e+00 5.933832236888631623e-02
8.547989845275878906e+00 1.282727384061952136e-01
8.562959671020507812e+00 2.721546724039288628e-02
8.573030471801757812e+00 3.752995325604613353e-02
8.576029777526855469e+00 2.954873157498357633e-02
8.576049804687500000e+00 2.419958828441249321e-01
8.582019805908203125e+00 2.628315979981618242e-02
8.583040237426757812e+00 1.114647092401992723e-01
8.583040237426757812e+00 2.611524935080215132e-02
8.584950447082519531e+00 3.778321664966187432e-02
8.584989547729492188e+00 1.196433700354709861e-01
8.589019775390625000e+00 5.219659241673328676e-02
8.592969894409179688e+00 1.767088205932174083e-02
8.598999977111816406e+00 1.358387534694270420e-02
8.604020118713378906e+00 6.844553472386163961e-02
8.611009597778320312e+00 4.910872282628628294e-02
8.611020088195800781e+00 7.695151331035997300e-02
8.613980293273925781e+00 1.410009050945926490e-01
8.614029884338378906e+00 8.264584494431390094e-02
8.619000434875488281e+00 7.644942218147152135e-02
8.623990058898925781e+00 8.038259889922204360e-02
8.633000373840332031e+00 2.064979761684896664e-01
8.651000022888183594e+00 1.971083604566378211e-01
8.665029525756835938e+00 1.234597896956268620e-01
8.665029525756835938e+00 1.057299922371857381e-01
8.672980308532714844e+00 1.052765568151420028e-01
8.696020126342773438e+00 3.412703752380836786e-01
8.706959724426269531e+00 2.025134285667287981e-01
8.717980384826660156e+00 1.064139574517021097e-01
8.729009628295898438e+00 1.234622950857395540e-01
8.755029678344726562e+00 1.614380052391518883e-01
8.756050109863281250e+00 1.194614569313514341e-01
8.776969909667968750e+00 4.251208011602917308e-02
8.777009963989257812e+00 8.346919011695434765e-02
8.779020309448242188e+00 1.009109164295359379e-01
8.786990165710449219e+00 2.038582708366419582e-02
8.790909767150878906e+00 2.824150991179062431e-01
8.796010017395019531e+00 5.638702582464089758e-02
8.799980163574218750e+00 1.121746160051838026e-01
8.800009727478027344e+00 6.525255016105797889e-02
8.801989555358886719e+00 8.672556130998160251e-02
8.802020072937011719e+00 1.705935684325428636e-01
8.806019783020019531e+00 1.353117635813618214e-01
8.810079574584960938e+00 3.368075537840116429e-02
8.812009811401367188e+00 2.066497082310471689e-01
8.813010215759277344e+00 2.120245392067956688e-02
8.816989898681640625e+00 3.891583840344637474e-02
8.817999839782714844e+00 4.441339091885252582e-02
8.818059921264648438e+00 1.341547524360354841e-02
8.821049690246582031e+00 5.136669170072873103e-02
8.828980445861816406e+00 1.349942907973478989e-01
8.829039573669433594e+00 5.876080610285134842e-01
8.868000030517578125e+00 1.213334002434018344e-01
8.906040191650390625e+00 4.205536417019144213e-02
8.925000190734863281e+00 3.825556579696936382e-02
8.928030014038085938e+00 2.132794330167283037e-01
8.930009841918945312e+00 4.482384953875128142e-01
8.942979812622070312e+00 1.168836020095416484e-01
8.954000473022460938e+00 4.709384705939410193e-02
8.964019775390625000e+00 7.117149666924875440e-02
8.967989921569824219e+00 4.879458217589732749e-02
8.970999717712402344e+00 7.730277188691744850e-02
8.972020149230957031e+00 9.301072978733725405e-01
8.978019714355468750e+00 1.605840464216817809e-02
8.986020088195800781e+00 7.603300336846879892e-02
8.987939834594726562e+00 4.902995051085764361e-02
8.989970207214355469e+00 5.053599359811770941e-02
8.994000434875488281e+00 1.826143551593664149e-01
8.999010086059570312e+00 5.262174555091302802e-02
8.999059677124023438e+00 9.106017648813895249e-02
9.018090248107910156e+00 5.131438638383263584e-02
9.022049903869628906e+00 5.929607709087722500e-02
9.023010253906250000e+00 9.680336238004948538e-03
9.024970054626464844e+00 1.584231914513960227e-01
9.028989791870117188e+00 1.563669877093711025e-02
9.032019615173339844e+00 1.757954593875173110e-01
9.034020423889160156e+00 6.701710944013100635e-01
9.036979675292968750e+00 9.177795723529645622e-02
9.038949966430664062e+00 7.186966114471320111e-02
9.038969993591308594e+00 1.835518424610876331e-01
9.045969963073730469e+00 3.632946515347473815e-02
9.052940368652343750e+00 2.836405279540588076e-02
9.060009956359863281e+00 2.054919014678890932e-02
9.070019721984863281e+00 2.598721736135064034e-02
9.080030441284179688e+00 4.654856374703716382e-01
9.085989952087402344e+00 6.445068852389877756e-02
9.092000007629394531e+00 2.344710469404257674e-02
9.098010063171386719e+00 1.348361413173610468e-01
9.125029563903808594e+00 3.590208157225535102e-01
9.126000404357910156e+00 1.123671166121267828e-01
9.126059532165527344e+00 4.507280813341557058e-01
9.127010345458984375e+00 2.237065118727810109e-02
9.135049819946289062e+00 1.939417268894175900e-02
9.140020370483398438e+00 6.733200005354740558e-02
9.149000167846679688e+00 1.516057764168331046e+00
9.154999732971191406e+00 8.383401193254475317e-03
9.155960083007812500e+00 8.436465991164468492e-02
9.164990425109863281e+00 3.727042970017215712e-02
9.166029930114746094e+00 1.389743108792098475e-02
9.168020248413085938e+00 6.056085504034945666e-02
9.169039726257324219e+00 5.914282857917906033e-02
9.171010017395019531e+00 9.630109171152229086e-02
9.177000045776367188e+00 5.640100479018450574e-02
9.188090324401855469e+00 1.344144552390345859e-01
9.190959930419921875e+00 3.317376237692612473e-02
9.192020416259765625e+00 9.151073983132414214e-02
9.199999809265136719e+00 5.614912780385186153e-01
9.205030441284179688e+00 1.548831760265461099e-01
9.205980300903320312e+00 7.526180708534066510e-02
9.212039947509765625e+00 8.055646140622357843e-01
9.215029716491699219e+00 1.284859037642591302e-02
9.215990066528320312e+00 1.429709362557824714e-01
9.219989776611328125e+00 1.379034808871328066e-01
9.234950065612792969e+00 2.094614253321168407e-02
9.241999626159667969e+00 8.215945430474981548e-02
9.248999595642089844e+00 3.339942181811576816e-02
9.259989738464355469e+00 3.051727291449531088e-02
9.260029792785644531e+00 9.090171499458978011e-02
9.263970375061035156e+00 1.894886803058233038e-01
9.263979911804199219e+00 1.499631994935655688e-01
9.279009819030761719e+00 8.694098971581637469e-02
9.292030334472656250e+00 7.495118561630842446e-02
9.320960044860839844e+00 2.979180285110453741e-01
9.332030296325683594e+00 5.894086668840246152e-02
9.346010208129882812e+00 1.798376932022952013e-01
9.350959777832031250e+00 6.602038695563127169e-01
9.365989685058593750e+00 1.546612806804171722e-02
9.371009826660156250e+00 3.656438101499643878e-01
9.373999595642089844e+00 9.990725046194920411e-02
9.374979972839355469e+00 1.142234331837589517e-01
9.376000404357910156e+00 3.525648784545146741e-01
9.385009765625000000e+00 9.037782300317187545e-02
9.387009620666503906e+00 1.255135156172343114e-01
9.392000198364257812e+00 1.493540669287877487e-01
9.406040191650390625e+00 9.924033827367885474e-02
9.418999671936035156e+00 1.513702121180711957e-01
9.426019668579101562e+00 1.185262142192395757e-01
9.439999580383300781e+00 6.045780638677649144e-01
9.444000244140625000e+00 2.635676906447640411e-01
9.452019691467285156e+00 1.453605199151637890e-02
9.452030181884765625e+00 1.554606603096351791e-01
9.464010238647460938e+00 1.513342956833013397e-01
9.466050148010253906e+00 8.585652923904190104e-01
9.469039916992187500e+00 4.439841718594198655e-02
9.469070434570312500e+00 9.855326402452003753e-01
9.470979690551757812e+00 2.732031539567121858e-01
9.485989570617675781e+00 1.257277151840842655e-01
9.503999710083007812e+00 5.415739714577887387e-01
9.519929885864257812e+00 1.511843296230576672e-01
9.528039932250976562e+00 1.491222495185727352e-02
9.529029846191406250e+00 1.679523566213411701e-01
9.539970397949218750e+00 5.856534649590585673e-01
9.546990394592285156e+00 7.608265447944303483e-01
9.549980163574218750e+00 8.142057507353774037e-02
9.557029724121093750e+00 6.840267038484863782e-02
9.559020042419433594e+00 6.171116741016027807e-02
9.567000389099121094e+00 3.173227033362163163e-01
9.570969581604003906e+00 1.390070494041810156e-01
9.575019836425781250e+00 6.486935559096329573e-01
9.576009750366210938e+00 1.575804035720847762e-01
9.586999893188476562e+00 5.115853620717623063e-01
9.587989807128906250e+00 1.970098252177282794e-01
9.589949607849121094e+00 1.848968840389970114e-01
9.590020179748535156e+00 6.586909384178775417e-02
9.603019714355468750e+00 1.138224789845810603e-01
9.617980003356933594e+00 1.319274940494214454e-01
9.618040084838867188e+00 7.919487242193138377e-01
9.619990348815917969e+00 4.880846115205255686e-01
9.651000022888183594e+00 2.493009553784483190e-01
9.657030105590820312e+00 5.104934822635630587e-01
9.657990455627441406e+00 1.052851909597299351e-01
9.663020133972167969e+00 1.126171146073706719e-01
9.664030075073242188e+00 6.747129515164730640e-02
9.666000366210937500e+00 1.350375132628177655e-01
9.666009902954101562e+00 7.122004790747408220e-01
9.666990280151367188e+00 2.677753270652563633e-01
9.667969703674316406e+00 7.073532704576983299e-02
9.670020103454589844e+00 1.442319694018732612e+00
9.670960426330566406e+00 1.151819747444171038e-01
9.673049926757812500e+00 5.373227289468933687e-01
9.675979614257812500e+00 1.274355127347955585e-01
9.681960105895996094e+00 1.244860044496959584e-01
9.707980155944824219e+00 1.142168435807707771e-01
9.710929870605468750e+00 8.929372806335371393e-02
9.712010383605957031e+00 1.248198344412315919e+00
9.717989921569824219e+00 5.811862101230871325e-01
9.732919692993164062e+00 8.580275120634220931e-01
9.745019912719726562e+00 7.227892456842065494e-01
9.747019767761230469e+00 3.293847283204935361e-01
9.750009536743164062e+00 1.464587532037584794e-01
9.751990318298339844e+00 7.156805145708188265e-01
9.752960205078125000e+00 9.057503580019148071e-02
9.754010200500488281e+00 1.674857434851199089e-01
9.755990028381347656e+00 2.456052980866599011e-01
9.765040397644042969e+00 9.539013489300587345e-01
9.767979621887207031e+00 5.368465473161796592e-02
9.768959999084472656e+00 6.898015994413557450e-02
9.770999908447265625e+00 4.474919574652205800e-01
9.777959823608398438e+00 1.533781766106798450e-01
9.782059669494628906e+00 2.971924800004087652e-01
9.796990394592285156e+00 4.118124717744028329e-01
9.806010246276855469e+00 3.513704662345625285e-01
9.812990188598632812e+00 1.425528399322266715e+00
9.825010299682617188e+00 1.190468118165817074e-01
9.831950187683105469e+00 8.256166582474643023e-02
9.831970214843750000e+00 3.442471891495801906e-01
9.841979980468750000e+00 6.387453923733819039e-01
9.847999572753906250e+00 5.972513724008160496e-01
9.853030204772949219e+00 7.541140061450986032e-01
9.861980438232421875e+00 3.354970468405984452e-01
9.888939857482910156e+00 1.395350533788627667e-01
9.889030456542968750e+00 7.624096935326603042e-01
9.891010284423828125e+00 8.903689048542795526e-01
9.891030311584472656e+00 5.945415939487987966e-01
9.895039558410644531e+00 8.795246472729882914e-01
9.905969619750976562e+00 6.041491169496174818e-01
9.907019615173339844e+00 4.278460251369992084e-01
9.925999641418457031e+00 1.896183775790168946e+00
9.942959785461425781e+00 9.952244525571423139e-01
9.949990272521972656e+00 7.524480867563663189e-01
9.951990127563476562e+00 1.387734421957156572e+00
9.952010154724121094e+00 7.649814617792978499e-02
9.953029632568359375e+00 1.350310160736709841e+00
9.968000411987304688e+00 5.760378854283653149e-01
9.968020439147949219e+00 1.416777587211085265e+00
9.975000381469726562e+00 1.663252863521112457e-01
9.979999542236328125e+00 1.012372168240000425e+00
9.984029769897460938e+00 1.717418683038816896e-01
9.986909866333007812e+00 5.295103228385497074e-01
9.989990234375000000e+00 3.806191249713544167e-01
1.001000022888183594e+01 2.583661937102087691e+00
1.001700019836425781e+01 4.605467882554336034e-01
1.001700019836425781e+01 8.903820599101203159e-01
1.002200031280517578e+01 6.380647612308342209e-01
1.003199958801269531e+01 1.994793655260263254e-01
1.003800010681152344e+01 7.547229007263285272e-01
1.004899978637695312e+01 3.596364340964002676e-02
1.005900001525878906e+01 1.430003185709315838e+00
1.006400012969970703e+01 5.818190066038118058e-01
1.006690025329589844e+01 1.562494116731258265e+00
1.007199954986572266e+01 4.337911144093369309e-01
1.007400035858154297e+01 5.173707586073288400e-01
1.008199977874755859e+01 1.361711174445991324e+00
1.008199977874755859e+01 4.240964870706558920e-01
1.009000015258789062e+01 2.003061859687751689e-01
1.010200023651123047e+01 1.271026047653883495e+00
1.010200023651123047e+01 5.371614791689360152e-02
1.011299991607666016e+01 1.371898112417177171e-02
1.011499977111816406e+01 1.869442004287273917e+00
1.011800003051757812e+01 6.521210234975126363e-02
1.012300014495849609e+01 4.347677743546552342e+00
1.013399982452392578e+01 5.044061059875744046e-01
1.013809967041015625e+01 1.898122372397411106e-01
1.014200019836425781e+01 5.923987121171194747e-01
1.014299964904785156e+01 1.017218955491294263e+00
1.014799976348876953e+01 1.514498741554005656e+00
1.015499973297119141e+01 2.925642577243654063e+00
1.018700027465820312e+01 6.396814506304794590e-02
1.019699954986572266e+01 3.891266613838932908e-01
1.019699954986572266e+01 1.665964607819041987e+00
1.019799995422363281e+01 9.611804087268686903e-02
1.020199966430664062e+01 7.362343472883008388e-01
1.020899963378906250e+01 2.537652663031967348e-01
1.021199989318847656e+01 2.235518497529871862e+00
1.021399974822998047e+01 3.707017834365995412e-01
1.021599960327148438e+01 1.137441829792900094e+00
1.021899986267089844e+01 1.234611775257565824e+00
1.022099971771240234e+01 1.717532429141150452e+00
1.022399997711181641e+01 1.175032504927198129e+00
1.023999977111816406e+01 1.583576659551204080e-01
1.025399971008300781e+01 1.653289180146746418e+00
1.025899982452392578e+01 7.203293853723006235e-01
1.026299953460693359e+01 8.923748335170784696e-01
1.026900005340576172e+01 6.392507850203021924e-01
1.027099990844726562e+01 4.707654137101612291e-01
1.027700042724609375e+01 2.388976635380659075e-01
1.028199958801269531e+01 6.775992305126720128e-01
1.028299999237060547e+01 1.054521754103560971e+00
1.028610038757324219e+01 1.248860175820228013e+00
1.029199981689453125e+01 9.899957348326064999e-01
1.029699993133544922e+01 3.007621881740780156e-01
1.030399990081787109e+01 2.922576074041989269e-01
1.032299995422363281e+01 1.982796902614487045e-01
1.032600021362304688e+01 1.033482188102880173e+00
1.032900047302246094e+01 1.047868409090808361e+00
1.033300018310546875e+01 8.988575859158629555e-01
1.035000038146972656e+01 2.796971943448239295e-01
1.035000038146972656e+01 9.524607340022307744e-02
1.037399959564208984e+01 1.925164247418528485e-01
1.039000034332275391e+01 3.474570456097231252e-01
1.039200019836425781e+01 6.359659276486963053e-01
1.039599990844726562e+01 6.995359035778935253e-01
1.040100002288818359e+01 2.378001977524901722e-01
1.040499973297119141e+01 6.606657436660471339e-01
1.040999984741210938e+01 1.497037546985828360e+00
1.041699981689453125e+01 2.409443884832153382e-01
1.042800045013427734e+01 1.370065504779752086e+00
1.045689964294433594e+01 5.025012931659860183e-01
1.045699977874755859e+01 3.351546024278789782e-01
1.048190021514892578e+01 9.511515715866294962e-02
1.048810005187988281e+01 1.385281201973656839e-01
1.049300003051757812e+01 3.514594117643433102e-01
1.049699974060058594e+01 4.605771938463505515e-03
1.051700019836425781e+01 2.365952851656264767e-03
1.052000045776367188e+01 3.466193177939139169e-02
1.157400035858154297e+01 1.362654215298532145e-01
1.171899986267089844e+01 2.322444718896218008e-01
1.172000026702880859e+01 6.707475850849325960e-01
1.177000045776367188e+01 7.408661635838723614e-01
1.184899997711181641e+01 1.234136990591820464e-02
1.186200046539306641e+01 2.919232587369027104e-02
1.189799976348876953e+01 4.920161185188215436e-01
1.191800022125244141e+01 5.638916330240678620e-01
1.192700004577636719e+01 6.562475690738202028e-01
1.195499992370605469e+01 9.857003145154520363e-01
1.199409961700439453e+01 3.652997747242914817e-01
1.199800014495849609e+01 5.770184357402699526e-02
1.202099990844726562e+01 1.073778050912314597e-01
