3.009530007839202881e-01 1.932062932507573993e+00
7.649989724159240723e-01 1.119086512324277471e+00
8.170319795608520508e-01 4.638325139005931241e+00
8.800439834594726562e-01 8.506805050959801662e+00
8.879529833793640137e-01 9.415950483733835918e-01
1.024039983749389648e+00 9.401195366259960551e+00
1.057010054588317871e+00 5.579540532020515364e+00
1.119040012359619141e+00 1.322867122523865957e+00
1.440999984741210938e+00 1.856472500826421568e+00
1.528990030288696289e+00 1.137393767493068530e+00
1.699980020523071289e+00 3.753768742660520630e+00
1.790969967842102051e+00 3.759264960216861962e+00
1.851009964942932129e+00 6.752571396841200446e-01
2.033989906311035156e+00 3.614148923319214779e-01
2.126960039138793945e+00 7.591261422181593055e+00
2.135020017623901367e+00 5.357621125840240417e+00
2.161989927291870117e+00 5.147067025498058834e-01
2.167979955673217773e+00 4.050997237247369043e+00
2.207000017166137695e+00 1.418067046075192961e+00
2.274049997329711914e+00 2.715433179270337671e+00
2.494960069656372070e+00 0.000000000000000000e+00
2.609009981155395508e+00 4.689946796996070089e-01
2.663980007171630859e+00 3.268475279829968549e+00
2.743940114974975586e+00 3.178874551523471759e+00
3.180939912796020508e+00 1.028995536551536638e+01
3.198009967803955078e+00 4.923547446435914687e-01
3.224970102310180664e+00 2.902019318585659757e+00
3.245009899139404297e+00 8.562716418957347031e+00
3.344000101089477539e+00 6.017948957731666049e+00
3.345010042190551758e+00 1.310533278210155750e+01
3.388999938964843750e+00 3.402058933120192030e+00
3.492010116577148438e+00 1.814384795099686754e+00
3.930979967117309570e+00 9.383267140178281895e-01
3.948980093002319336e+00 5.639996030112476300e-02
3.978980064392089844e+00 2.772738175499847579e-01
4.024980068206787109e+00 1.045378467972039482e+00
4.026030063629150391e+00 1.838737932716389967e+00
4.085929870605468750e+00 2.661860093055726129e+00
4.137000083923339844e+00 0.000000000000000000e+00
4.152019977569580078e+00 9.913681949603385668e-01
4.301000118255615234e+00 2.301938762078836048e-02
4.555970191955566406e+00 2.851571291523365304e+00
4.660990238189697266e+00 3.137031653740200987e-01
4.683990001678466797e+00 9.786785139771934539e+00
4.776959896087646484e+00 4.218959329145037351e+00
4.900040149688720703e+00 4.888127534368489790e+00
